1.000000000000000000e+00 0.000000000000000000e+00 0.000000000000000000e+00 4.000000000000000000e+00 0.000000000000000000e+00
1.000000000000000000e+00 5.000000000000000278e-02 0.000000000000000000e+00 4.000000000000000000e+00 1.000000000000000000e+00
1.000000000000000000e+00 1.000000000000000056e-01 0.000000000000000000e+00 4.000000000000000000e+00 2.000000000000000000e+00
1.000000000000000000e+00 1.500000000000000222e-01 0.000000000000000000e+00 4.000000000000000000e+00 3.000000000000000000e+00
1.000000000000000000e+00 2.000000000000000111e-01 0.000000000000000000e+00 4.000000000000000000e+00 4.000000000000000000e+00
1.000000000000000000e+00 2.500000000000000000e-01 0.000000000000000000e+00 4.000000000000000000e+00 5.000000000000000000e+00
1.000000000000000000e+00 3.000000000000000444e-01 0.000000000000000000e+00 2.000000000000000000e+00 0.000000000000000000e+00
1.000000000000000000e+00 3.500000000000000333e-01 0.000000000000000000e+00 2.000000000000000000e+00 1.000000000000000000e+00
1.000000000000000000e+00 4.000000000000000222e-01 0.000000000000000000e+00 2.000000000000000000e+00 2.000000000000000000e+00
1.000000000000000000e+00 4.500000000000000111e-01 0.000000000000000000e+00 2.000000000000000000e+00 3.000000000000000000e+00
1.000000000000000000e+00 5.000000000000000000e-01 0.000000000000000000e+00 2.000000000000000000e+00 4.000000000000000000e+00
1.000000000000000000e+00 5.500000000000000444e-01 0.000000000000000000e+00 2.000000000000000000e+00 5.000000000000000000e+00
1.000000000000000000e+00 1.000000000000000000e+00 0.000000000000000000e+00 5.000000000000000000e+00 0.000000000000000000e+00
1.000000000000000000e+00 1.050000000000000044e+00 0.000000000000000000e+00 5.000000000000000000e+00 1.000000000000000000e+00
1.000000000000000000e+00 1.100000000000000089e+00 0.000000000000000000e+00 5.000000000000000000e+00 2.000000000000000000e+00
1.000000000000000000e+00 1.149999999999999911e+00 0.000000000000000000e+00 5.000000000000000000e+00 3.000000000000000000e+00
1.000000000000000000e+00 1.199999999999999956e+00 0.000000000000000000e+00 5.000000000000000000e+00 4.000000000000000000e+00
1.000000000000000000e+00 1.250000000000000000e+00 0.000000000000000000e+00 5.000000000000000000e+00 5.000000000000000000e+00
1.000000000000000000e+00 1.300000000000000044e+00 0.000000000000000000e+00 3.000000000000000000e+00 0.000000000000000000e+00
1.000000000000000000e+00 1.350000000000000089e+00 0.000000000000000000e+00 3.000000000000000000e+00 1.000000000000000000e+00
1.000000000000000000e+00 1.399999999999999911e+00 0.000000000000000000e+00 3.000000000000000000e+00 2.000000000000000000e+00
1.000000000000000000e+00 1.449999999999999956e+00 0.000000000000000000e+00 3.000000000000000000e+00 3.000000000000000000e+00
1.000000000000000000e+00 1.500000000000000000e+00 0.000000000000000000e+00 3.000000000000000000e+00 4.000000000000000000e+00
1.000000000000000000e+00 1.550000000000000044e+00 0.000000000000000000e+00 3.000000000000000000e+00 5.000000000000000000e+00
1.000000000000000000e+00 2.000000000000000000e+00 0.000000000000000000e+00 6.000000000000000000e+00 0.000000000000000000e+00
1.000000000000000000e+00 2.049999999999999822e+00 0.000000000000000000e+00 6.000000000000000000e+00 1.000000000000000000e+00
1.000000000000000000e+00 2.100000000000000089e+00 0.000000000000000000e+00 6.000000000000000000e+00 2.000000000000000000e+00
1.000000000000000000e+00 2.149999999999999911e+00 0.000000000000000000e+00 6.000000000000000000e+00 3.000000000000000000e+00
1.000000000000000000e+00 2.200000000000000178e+00 0.000000000000000000e+00 6.000000000000000000e+00 4.000000000000000000e+00
1.000000000000000000e+00 2.250000000000000000e+00 0.000000000000000000e+00 6.000000000000000000e+00 5.000000000000000000e+00
1.000000000000000000e+00 2.299999999999999822e+00 0.000000000000000000e+00 4.000000000000000000e+00 0.000000000000000000e+00
1.000000000000000000e+00 2.350000000000000089e+00 0.000000000000000000e+00 4.000000000000000000e+00 1.000000000000000000e+00
1.000000000000000000e+00 2.399999999999999911e+00 0.000000000000000000e+00 4.000000000000000000e+00 2.000000000000000000e+00
1.000000000000000000e+00 2.450000000000000178e+00 0.000000000000000000e+00 4.000000000000000000e+00 3.000000000000000000e+00
1.000000000000000000e+00 2.500000000000000000e+00 0.000000000000000000e+00 4.000000000000000000e+00 4.000000000000000000e+00
1.000000000000000000e+00 2.549999999999999822e+00 0.000000000000000000e+00 4.000000000000000000e+00 5.000000000000000000e+00
