0.000000000000000000e+00 4.100000000000000000e+01 2.200000000000000000e+01 0.000000000000000000e+00 1.000000000000000000e+00
2.500000000000000000e-01 3.500000000000000000e+01 2.400000000000000000e+01 0.000000000000000000e+00 1.000000000000000000e+00
7.669999999999999929e+00 3.500000000000000000e+01 3.000000000000000000e+01 1.000000000000000000e+00 1.000000000000000000e+00
8.400000000000000355e+00 3.700000000000000000e+01 3.000000000000000000e+01 1.000000000000000000e+00 1.000000000000000000e+00
8.640000000000000568e+00 3.500000000000000000e+01 2.300000000000000000e+01 0.000000000000000000e+00 1.000000000000000000e+00
1.109999999999999964e+01 1.200000000000000000e+01 4.400000000000000000e+01 1.000000000000000000e+00 1.000000000000000000e+00
1.565000000000000036e+01 4.300000000000000000e+01 2.700000000000000000e+01 1.000000000000000000e+00 1.000000000000000000e+00
1.608999999999999986e+01 3.600000000000000000e+01 2.900000000000000000e+01 1.000000000000000000e+00 1.000000000000000000e+00
1.917999999999999972e+01 3.800000000000000000e+01 2.100000000000000000e+01 0.000000000000000000e+00 1.000000000000000000e+00
2.001999999999999957e+01 4.400000000000000000e+01 2.500000000000000000e+01 0.000000000000000000e+00 1.000000000000000000e+00
2.010999999999999943e+01 4.200000000000000000e+01 2.200000000000000000e+01 0.000000000000000000e+00 1.000000000000000000e+00
2.082000000000000028e+01 4.100000000000000000e+01 2.100000000000000000e+01 0.000000000000000000e+00 1.000000000000000000e+00
2.103999999999999915e+01 3.900000000000000000e+01 2.000000000000000000e+01 0.000000000000000000e+00 1.000000000000000000e+00
2.410000000000000142e+01 3.700000000000000000e+01 2.100000000000000000e+01 0.000000000000000000e+00 1.000000000000000000e+00
3.087000000000000099e+01 3.900000000000000000e+01 1.600000000000000000e+01 0.000000000000000000e+00 1.000000000000000000e+00
3.089999999999999858e+01 3.900000000000000000e+01 1.600000000000000000e+01 0.000000000000000000e+00 1.000000000000000000e+00
3.126999999999999957e+01 3.600000000000000000e+01 2.200000000000000000e+01 0.000000000000000000e+00 1.000000000000000000e+00
3.528000000000000114e+01 3.800000000000000000e+01 1.700000000000000000e+01 1.000000000000000000e+00 1.000000000000000000e+00
3.589000000000000057e+01 4.200000000000000000e+01 2.600000000000000000e+01 1.000000000000000000e+00 1.000000000000000000e+00
3.938000000000000256e+01 3.900000000000000000e+01 2.900000000000000000e+01 1.000000000000000000e+00 1.000000000000000000e+00
4.136999999999999744e+01 3.900000000000000000e+01 2.100000000000000000e+01 0.000000000000000000e+00 1.000000000000000000e+00
4.678999999999999915e+01 4.100000000000000000e+01 3.000000000000000000e+01 1.000000000000000000e+00 1.000000000000000000e+00
4.678999999999999915e+01 4.100000000000000000e+01 2.600000000000000000e+01 1.000000000000000000e+00 1.000000000000000000e+00
4.713000000000000256e+01 4.100000000000000000e+01 3.000000000000000000e+01 1.000000000000000000e+00 1.000000000000000000e+00
4.982000000000000028e+01 3.900000000000000000e+01 3.100000000000000000e+01 1.000000000000000000e+00 1.000000000000000000e+00
4.984000000000000341e+01 4.000000000000000000e+01 3.000000000000000000e+01 1.000000000000000000e+00 1.000000000000000000e+00
5.134000000000000341e+01 3.800000000000000000e+01 3.000000000000000000e+01 1.000000000000000000e+00 1.000000000000000000e+00
5.571000000000000085e+01 3.500000000000000000e+01 2.200000000000000000e+01 0.000000000000000000e+00 1.000000000000000000e+00
5.947999999999999687e+01 4.300000000000000000e+01 2.200000000000000000e+01 0.000000000000000000e+00 1.000000000000000000e+00
5.949000000000000199e+01 3.400000000000000000e+01 2.700000000000000000e+01 1.000000000000000000e+00 1.000000000000000000e+00
5.949000000000000199e+01 3.400000000000000000e+01 2.700000000000000000e+01 1.000000000000000000e+00 1.000000000000000000e+00
5.953999999999999915e+01 3.400000000000000000e+01 2.700000000000000000e+01 1.000000000000000000e+00 1.000000000000000000e+00
6.501999999999999602e+01 4.000000000000000000e+01 2.000000000000000000e+01 0.000000000000000000e+00 1.000000000000000000e+00
6.534999999999999432e+01 4.000000000000000000e+01 2.100000000000000000e+01 0.000000000000000000e+00 1.000000000000000000e+00
7.095999999999999375e+01 3.500000000000000000e+01 2.800000000000000000e+01 1.000000000000000000e+00 1.000000000000000000e+00
7.237999999999999545e+01 3.500000000000000000e+01 2.800000000000000000e+01 1.000000000000000000e+00 1.000000000000000000e+00
7.239000000000000057e+01 2.900000000000000000e+01 3.900000000000000000e+01 1.000000000000000000e+00 1.000000000000000000e+00
7.268000000000000682e+01 2.900000000000000000e+01 3.900000000000000000e+01 1.000000000000000000e+00 1.000000000000000000e+00
7.276000000000000512e+01 3.800000000000000000e+01 2.300000000000000000e+01 0.000000000000000000e+00 1.000000000000000000e+00
7.303000000000000114e+01 3.800000000000000000e+01 1.200000000000000000e+01 0.000000000000000000e+00 1.000000000000000000e+00
7.398000000000000398e+01 3.800000000000000000e+01 1.800000000000000000e+01 1.000000000000000000e+00 1.000000000000000000e+00
7.456999999999999318e+01 3.900000000000000000e+01 3.000000000000000000e+01 1.000000000000000000e+00 1.000000000000000000e+00
7.565000000000000568e+01 3.700000000000000000e+01 2.900000000000000000e+01 1.000000000000000000e+00 1.000000000000000000e+00
7.637999999999999545e+01 3.900000000000000000e+01 2.000000000000000000e+01 0.000000000000000000e+00 1.000000000000000000e+00
7.750000000000000000e+01 3.600000000000000000e+01 2.900000000000000000e+01 1.000000000000000000e+00 1.000000000000000000e+00
8.284000000000000341e+01 4.200000000000000000e+01 2.100000000000000000e+01 0.000000000000000000e+00 1.000000000000000000e+00
8.475000000000000000e+01 3.600000000000000000e+01 2.300000000000000000e+01 0.000000000000000000e+00 1.000000000000000000e+00
8.476000000000000512e+01 3.500000000000000000e+01 2.700000000000000000e+01 1.000000000000000000e+00 1.000000000000000000e+00
8.493999999999999773e+01 3.500000000000000000e+01 2.700000000000000000e+01 1.000000000000000000e+00 1.000000000000000000e+00
8.559000000000000341e+01 3.500000000000000000e+01 3.100000000000000000e+01 1.000000000000000000e+00 1.000000000000000000e+00
8.915000000000000568e+01 4.200000000000000000e+01 2.200000000000000000e+01 0.000000000000000000e+00 1.000000000000000000e+00
8.948999999999999488e+01 4.000000000000000000e+01 2.100000000000000000e+01 0.000000000000000000e+00 1.000000000000000000e+00
9.068999999999999773e+01 3.800000000000000000e+01 2.000000000000000000e+01 0.000000000000000000e+00 1.000000000000000000e+00
9.089000000000000057e+01 4.200000000000000000e+01 2.900000000000000000e+01 1.000000000000000000e+00 1.000000000000000000e+00
9.193000000000000682e+01 3.500000000000000000e+01 2.900000000000000000e+01 1.000000000000000000e+00 1.000000000000000000e+00
9.304999999999999716e+01 3.000000000000000000e+00 5.400000000000000000e+01 0.000000000000000000e+00 1.000000000000000000e+00
9.931999999999999318e+01 4.000000000000000000e+01 2.200000000000000000e+01 0.000000000000000000e+00 1.000000000000000000e+00
9.993999999999999773e+01 3.700000000000000000e+01 2.100000000000000000e+01 0.000000000000000000e+00 1.000000000000000000e+00
1.024099999999999966e+02 4.000000000000000000e+01 2.000000000000000000e+01 0.000000000000000000e+00 1.000000000000000000e+00
1.026599999999999966e+02 3.700000000000000000e+01 3.000000000000000000e+01 1.000000000000000000e+00 1.000000000000000000e+00
1.036899999999999977e+02 3.500000000000000000e+01 2.200000000000000000e+01 0.000000000000000000e+00 1.000000000000000000e+00
1.064899999999999949e+02 4.300000000000000000e+01 2.200000000000000000e+01 0.000000000000000000e+00 1.000000000000000000e+00
1.076700000000000017e+02 3.700000000000000000e+01 8.000000000000000000e+00 1.000000000000000000e+00 1.000000000000000000e+00
1.078900000000000006e+02 4.300000000000000000e+01 2.300000000000000000e+01 0.000000000000000000e+00 1.000000000000000000e+00
1.124899999999999949e+02 3.900000000000000000e+01 1.500000000000000000e+01 0.000000000000000000e+00 1.000000000000000000e+00
1.172800000000000011e+02 4.200000000000000000e+01 2.700000000000000000e+01 1.000000000000000000e+00 1.000000000000000000e+00
1.176500000000000057e+02 3.900000000000000000e+01 1.400000000000000000e+01 0.000000000000000000e+00 1.000000000000000000e+00
1.189599999999999937e+02 3.900000000000000000e+01 2.500000000000000000e+01 1.000000000000000000e+00 1.000000000000000000e+00
1.208700000000000045e+02 3.800000000000000000e+01 2.500000000000000000e+01 1.000000000000000000e+00 1.000000000000000000e+00
1.215400000000000063e+02 3.600000000000000000e+01 2.100000000000000000e+01 0.000000000000000000e+00 1.000000000000000000e+00
1.245999999999999943e+02 2.000000000000000000e+00 4.400000000000000000e+01 0.000000000000000000e+00 1.000000000000000000e+00
1.249699999999999989e+02 3.800000000000000000e+01 2.100000000000000000e+01 0.000000000000000000e+00 1.000000000000000000e+00
1.319799999999999898e+02 3.800000000000000000e+01 2.000000000000000000e+01 0.000000000000000000e+00 1.000000000000000000e+00
1.320399999999999920e+02 3.800000000000000000e+01 2.000000000000000000e+01 0.000000000000000000e+00 1.000000000000000000e+00
1.320500000000000114e+02 4.000000000000000000e+01 2.500000000000000000e+01 1.000000000000000000e+00 1.000000000000000000e+00
1.329000000000000057e+02 4.000000000000000000e+01 2.500000000000000000e+01 1.000000000000000000e+00 1.000000000000000000e+00
1.365099999999999909e+02 3.500000000000000000e+01 2.800000000000000000e+01 1.000000000000000000e+00 1.000000000000000000e+00
1.365200000000000102e+02 3.400000000000000000e+01 2.600000000000000000e+01 1.000000000000000000e+00 1.000000000000000000e+00
1.376200000000000045e+02 3.400000000000000000e+01 2.600000000000000000e+01 1.000000000000000000e+00 1.000000000000000000e+00
1.376699999999999875e+02 4.100000000000000000e+01 2.100000000000000000e+01 0.000000000000000000e+00 1.000000000000000000e+00
1.383899999999999864e+02 4.000000000000000000e+01 3.000000000000000000e+01 1.000000000000000000e+00 1.000000000000000000e+00
1.404300000000000068e+02 3.500000000000000000e+01 2.200000000000000000e+01 0.000000000000000000e+00 1.000000000000000000e+00
1.421899999999999977e+02 3.600000000000000000e+01 2.200000000000000000e+01 0.000000000000000000e+00 1.000000000000000000e+00
1.452400000000000091e+02 3.600000000000000000e+01 2.900000000000000000e+01 1.000000000000000000e+00 1.000000000000000000e+00
1.468899999999999864e+02 3.600000000000000000e+01 2.100000000000000000e+01 0.000000000000000000e+00 1.000000000000000000e+00
1.480999999999999943e+02 3.800000000000000000e+01 2.900000000000000000e+01 1.000000000000000000e+00 1.000000000000000000e+00
1.537299999999999898e+02 3.900000000000000000e+01 3.000000000000000000e+01 1.000000000000000000e+00 1.000000000000000000e+00
1.565699999999999932e+02 3.800000000000000000e+01 3.000000000000000000e+01 1.000000000000000000e+00 1.000000000000000000e+00
1.612400000000000091e+02 4.000000000000000000e+01 2.900000000000000000e+01 1.000000000000000000e+00 1.000000000000000000e+00
1.669099999999999966e+02 4.200000000000000000e+01 2.100000000000000000e+01 0.000000000000000000e+00 1.000000000000000000e+00
1.715099999999999909e+02 4.300000000000000000e+01 2.400000000000000000e+01 0.000000000000000000e+00 1.000000000000000000e+00
1.766599999999999966e+02 3.600000000000000000e+01 2.700000000000000000e+01 1.000000000000000000e+00 1.000000000000000000e+00
1.776999999999999886e+02 3.600000000000000000e+01 2.100000000000000000e+01 0.000000000000000000e+00 1.000000000000000000e+00
1.792700000000000102e+02 4.100000000000000000e+01 2.900000000000000000e+01 1.000000000000000000e+00 1.000000000000000000e+00
1.808600000000000136e+02 3.600000000000000000e+01 2.800000000000000000e+01 1.000000000000000000e+00 1.000000000000000000e+00
1.822899999999999920e+02 1.000000000000000000e+01 4.000000000000000000e+01 1.000000000000000000e+00 1.000000000000000000e+00
1.825699999999999932e+02 3.500000000000000000e+01 2.800000000000000000e+01 1.000000000000000000e+00 1.000000000000000000e+00
1.840800000000000125e+02 3.700000000000000000e+01 2.900000000000000000e+01 1.000000000000000000e+00 1.000000000000000000e+00
1.885800000000000125e+02 3.500000000000000000e+01 2.700000000000000000e+01 1.000000000000000000e+00 1.000000000000000000e+00
1.909399999999999977e+02 3.400000000000000000e+01 2.500000000000000000e+01 1.000000000000000000e+00 1.000000000000000000e+00
1.945900000000000034e+02 4.000000000000000000e+01 2.000000000000000000e+01 0.000000000000000000e+00 1.000000000000000000e+00
2.013600000000000136e+02 3.800000000000000000e+01 2.000000000000000000e+01 0.000000000000000000e+00 1.000000000000000000e+00
2.036899999999999977e+02 3.800000000000000000e+01 2.000000000000000000e+01 0.000000000000000000e+00 1.000000000000000000e+00
2.064600000000000080e+02 4.300000000000000000e+01 2.800000000000000000e+01 1.000000000000000000e+00 1.000000000000000000e+00
2.068700000000000045e+02 4.300000000000000000e+01 2.200000000000000000e+01 0.000000000000000000e+00 1.000000000000000000e+00
2.092700000000000102e+02 4.100000000000000000e+01 2.000000000000000000e+01 0.000000000000000000e+00 1.000000000000000000e+00
2.101899999999999977e+02 3.900000000000000000e+01 1.900000000000000000e+01 0.000000000000000000e+00 1.000000000000000000e+00
2.120500000000000114e+02 3.500000000000000000e+01 2.600000000000000000e+01 1.000000000000000000e+00 1.000000000000000000e+00
2.139699999999999989e+02 3.800000000000000000e+01 2.200000000000000000e+01 0.000000000000000000e+00 1.000000000000000000e+00
2.191899999999999977e+02 4.000000000000000000e+01 2.000000000000000000e+01 0.000000000000000000e+00 1.000000000000000000e+00
2.209600000000000080e+02 3.600000000000000000e+01 2.100000000000000000e+01 0.000000000000000000e+00 1.000000000000000000e+00
2.211299999999999955e+02 3.700000000000000000e+01 2.000000000000000000e+01 0.000000000000000000e+00 1.000000000000000000e+00
2.238499999999999943e+02 3.800000000000000000e+01 3.100000000000000000e+01 1.000000000000000000e+00 1.000000000000000000e+00
2.290399999999999920e+02 3.900000000000000000e+01 2.000000000000000000e+01 0.000000000000000000e+00 1.000000000000000000e+00
2.290500000000000114e+02 3.400000000000000000e+01 2.800000000000000000e+01 1.000000000000000000e+00 1.000000000000000000e+00
2.290600000000000023e+02 3.400000000000000000e+01 2.800000000000000000e+01 1.000000000000000000e+00 1.000000000000000000e+00
2.342599999999999909e+02 3.400000000000000000e+01 2.800000000000000000e+01 1.000000000000000000e+00 1.000000000000000000e+00
2.357100000000000080e+02 2.100000000000000000e+01 3.400000000000000000e+01 1.000000000000000000e+00 1.000000000000000000e+00
2.380500000000000114e+02 2.600000000000000000e+01 3.700000000000000000e+01 1.000000000000000000e+00 1.000000000000000000e+00
2.386200000000000045e+02 3.400000000000000000e+01 2.600000000000000000e+01 1.000000000000000000e+00 1.000000000000000000e+00
2.387700000000000102e+02 3.400000000000000000e+01 2.600000000000000000e+01 1.000000000000000000e+00 1.000000000000000000e+00
2.415999999999999943e+02 3.700000000000000000e+01 2.100000000000000000e+01 0.000000000000000000e+00 1.000000000000000000e+00
2.449399999999999977e+02 3.500000000000000000e+01 2.300000000000000000e+01 0.000000000000000000e+00 1.000000000000000000e+00
2.477400000000000091e+02 4.200000000000000000e+01 2.100000000000000000e+01 0.000000000000000000e+00 1.000000000000000000e+00
2.498400000000000034e+02 3.500000000000000000e+01 2.200000000000000000e+01 0.000000000000000000e+00 1.000000000000000000e+00
2.541999999999999886e+02 4.000000000000000000e+01 2.100000000000000000e+01 0.000000000000000000e+00 1.000000000000000000e+00
2.579700000000000273e+02 3.700000000000000000e+01 2.600000000000000000e+01 0.000000000000000000e+00 1.000000000000000000e+00
2.580500000000000114e+02 3.900000000000000000e+01 3.200000000000000000e+01 1.000000000000000000e+00 1.000000000000000000e+00
2.597300000000000182e+02 3.600000000000000000e+01 2.100000000000000000e+01 0.000000000000000000e+00 1.000000000000000000e+00
2.665000000000000000e+02 3.500000000000000000e+01 2.800000000000000000e+01 1.000000000000000000e+00 1.000000000000000000e+00
2.665299999999999727e+02 3.500000000000000000e+01 2.800000000000000000e+01 1.000000000000000000e+00 1.000000000000000000e+00
2.666899999999999977e+02 3.700000000000000000e+01 2.000000000000000000e+01 0.000000000000000000e+00 1.000000000000000000e+00
2.693600000000000136e+02 4.100000000000000000e+01 2.000000000000000000e+01 0.000000000000000000e+00 1.000000000000000000e+00
2.732900000000000205e+02 3.800000000000000000e+01 1.600000000000000000e+01 1.000000000000000000e+00 1.000000000000000000e+00
2.743999999999999773e+02 4.100000000000000000e+01 2.900000000000000000e+01 1.000000000000000000e+00 1.000000000000000000e+00
2.744100000000000250e+02 3.600000000000000000e+01 2.800000000000000000e+01 1.000000000000000000e+00 1.000000000000000000e+00
2.754399999999999977e+02 3.600000000000000000e+01 2.800000000000000000e+01 1.000000000000000000e+00 1.000000000000000000e+00
2.754900000000000091e+02 2.100000000000000000e+01 3.600000000000000000e+01 1.000000000000000000e+00 1.000000000000000000e+00
2.758399999999999750e+02 3.900000000000000000e+01 2.900000000000000000e+01 1.000000000000000000e+00 1.000000000000000000e+00
2.773199999999999932e+02 4.100000000000000000e+01 2.100000000000000000e+01 0.000000000000000000e+00 1.000000000000000000e+00
2.789499999999999886e+02 3.800000000000000000e+01 1.700000000000000000e+01 1.000000000000000000e+00 1.000000000000000000e+00
2.790699999999999932e+02 3.600000000000000000e+01 2.900000000000000000e+01 1.000000000000000000e+00 1.000000000000000000e+00
2.797400000000000091e+02 3.800000000000000000e+01 2.200000000000000000e+01 0.000000000000000000e+00 1.000000000000000000e+00
2.821399999999999864e+02 5.000000000000000000e+00 5.300000000000000000e+01 0.000000000000000000e+00 1.000000000000000000e+00
2.852200000000000273e+02 4.000000000000000000e+01 2.700000000000000000e+01 0.000000000000000000e+00 1.000000000000000000e+00
2.877400000000000091e+02 3.900000000000000000e+01 2.200000000000000000e+01 0.000000000000000000e+00 1.000000000000000000e+00
2.945099999999999909e+02 3.700000000000000000e+01 2.800000000000000000e+01 1.000000000000000000e+00 1.000000000000000000e+00
2.981800000000000068e+02 3.700000000000000000e+01 2.800000000000000000e+01 1.000000000000000000e+00 1.000000000000000000e+00
2.991600000000000250e+02 3.700000000000000000e+01 2.900000000000000000e+01 1.000000000000000000e+00 1.000000000000000000e+00
2.998999999999999773e+02 3.800000000000000000e+01 2.600000000000000000e+01 0.000000000000000000e+00 1.000000000000000000e+00
3.011499999999999773e+02 3.800000000000000000e+01 2.900000000000000000e+01 1.000000000000000000e+00 1.000000000000000000e+00
3.044700000000000273e+02 3.900000000000000000e+01 2.000000000000000000e+01 0.000000000000000000e+00 1.000000000000000000e+00
3.073000000000000114e+02 3.700000000000000000e+01 2.000000000000000000e+01 0.000000000000000000e+00 1.000000000000000000e+00
3.086399999999999864e+02 3.700000000000000000e+01 2.200000000000000000e+01 0.000000000000000000e+00 1.000000000000000000e+00
3.138199999999999932e+02 4.000000000000000000e+01 2.000000000000000000e+01 0.000000000000000000e+00 1.000000000000000000e+00
3.138899999999999864e+02 4.300000000000000000e+01 2.600000000000000000e+01 1.000000000000000000e+00 1.000000000000000000e+00
3.152599999999999909e+02 3.500000000000000000e+01 2.600000000000000000e+01 1.000000000000000000e+00 1.000000000000000000e+00
3.163899999999999864e+02 4.200000000000000000e+01 2.900000000000000000e+01 1.000000000000000000e+00 1.000000000000000000e+00
3.170600000000000023e+02 3.900000000000000000e+01 2.500000000000000000e+01 1.000000000000000000e+00 1.000000000000000000e+00
3.179200000000000159e+02 2.100000000000000000e+01 4.800000000000000000e+01 1.000000000000000000e+00 1.000000000000000000e+00
3.233600000000000136e+02 3.900000000000000000e+01 1.300000000000000000e+01 0.000000000000000000e+00 1.000000000000000000e+00
3.244499999999999886e+02 3.500000000000000000e+01 2.700000000000000000e+01 1.000000000000000000e+00 1.000000000000000000e+00
3.254300000000000068e+02 3.800000000000000000e+01 2.000000000000000000e+01 0.000000000000000000e+00 1.000000000000000000e+00
3.303700000000000045e+02 3.800000000000000000e+01 2.200000000000000000e+01 0.000000000000000000e+00 1.000000000000000000e+00
3.305699999999999932e+02 4.100000000000000000e+01 2.000000000000000000e+01 0.000000000000000000e+00 1.000000000000000000e+00
3.371399999999999864e+02 4.200000000000000000e+01 2.100000000000000000e+01 0.000000000000000000e+00 1.000000000000000000e+00
3.379800000000000182e+02 3.900000000000000000e+01 3.000000000000000000e+01 1.000000000000000000e+00 1.000000000000000000e+00
3.402799999999999727e+02 4.300000000000000000e+01 2.300000000000000000e+01 0.000000000000000000e+00 1.000000000000000000e+00
3.453700000000000045e+02 4.300000000000000000e+01 2.400000000000000000e+01 0.000000000000000000e+00 1.000000000000000000e+00
3.540299999999999727e+02 4.200000000000000000e+01 2.000000000000000000e+01 0.000000000000000000e+00 1.000000000000000000e+00
3.589300000000000068e+02 4.200000000000000000e+01 2.000000000000000000e+01 0.000000000000000000e+00 1.000000000000000000e+00
3.591499999999999773e+02 3.700000000000000000e+01 3.700000000000000000e+01 1.000000000000000000e+00 1.000000000000000000e+00
3.662599999999999909e+02 4.400000000000000000e+01 2.400000000000000000e+01 0.000000000000000000e+00 1.000000000000000000e+00
3.693100000000000023e+02 3.700000000000000000e+01 2.000000000000000000e+01 0.000000000000000000e+00 1.000000000000000000e+00
3.707699999999999818e+02 4.000000000000000000e+01 2.900000000000000000e+01 1.000000000000000000e+00 1.000000000000000000e+00
3.714800000000000182e+02 4.100000000000000000e+01 2.500000000000000000e+01 1.000000000000000000e+00 1.000000000000000000e+00
3.736299999999999955e+02 3.900000000000000000e+01 2.000000000000000000e+01 0.000000000000000000e+00 1.000000000000000000e+00
3.750199999999999818e+02 3.800000000000000000e+01 2.200000000000000000e+01 0.000000000000000000e+00 1.000000000000000000e+00
3.764399999999999977e+02 4.200000000000000000e+01 3.000000000000000000e+01 1.000000000000000000e+00 1.000000000000000000e+00
3.798100000000000023e+02 4.300000000000000000e+01 2.100000000000000000e+01 0.000000000000000000e+00 1.000000000000000000e+00
3.812699999999999818e+02 3.500000000000000000e+01 2.200000000000000000e+01 0.000000000000000000e+00 1.000000000000000000e+00
3.813899999999999864e+02 3.500000000000000000e+01 2.700000000000000000e+01 1.000000000000000000e+00 1.000000000000000000e+00
3.859100000000000250e+02 3.900000000000000000e+01 1.200000000000000000e+01 0.000000000000000000e+00 1.000000000000000000e+00
3.859399999999999977e+02 4.000000000000000000e+01 1.900000000000000000e+01 0.000000000000000000e+00 1.000000000000000000e+00
3.859599999999999795e+02 3.600000000000000000e+01 2.800000000000000000e+01 1.000000000000000000e+00 1.000000000000000000e+00
3.878199999999999932e+02 3.700000000000000000e+01 2.100000000000000000e+01 0.000000000000000000e+00 1.000000000000000000e+00
3.915199999999999818e+02 4.100000000000000000e+01 2.600000000000000000e+01 1.000000000000000000e+00 1.000000000000000000e+00
3.915299999999999727e+02 4.300000000000000000e+01 2.900000000000000000e+01 1.000000000000000000e+00 1.000000000000000000e+00
3.963700000000000045e+02 4.300000000000000000e+01 2.900000000000000000e+01 1.000000000000000000e+00 1.000000000000000000e+00
4.031399999999999864e+02 3.700000000000000000e+01 2.900000000000000000e+01 1.000000000000000000e+00 1.000000000000000000e+00
4.073199999999999932e+02 3.700000000000000000e+01 2.900000000000000000e+01 1.000000000000000000e+00 1.000000000000000000e+00
4.086600000000000250e+02 3.500000000000000000e+01 2.300000000000000000e+01 0.000000000000000000e+00 1.000000000000000000e+00
4.127599999999999909e+02 4.100000000000000000e+01 2.000000000000000000e+01 0.000000000000000000e+00 1.000000000000000000e+00
4.181200000000000045e+02 4.100000000000000000e+01 2.400000000000000000e+01 1.000000000000000000e+00 1.000000000000000000e+00
4.209200000000000159e+02 3.500000000000000000e+01 2.100000000000000000e+01 0.000000000000000000e+00 1.000000000000000000e+00
4.216800000000000068e+02 4.300000000000000000e+01 2.700000000000000000e+01 1.000000000000000000e+00 1.000000000000000000e+00
4.217599999999999909e+02 3.800000000000000000e+01 2.900000000000000000e+01 1.000000000000000000e+00 1.000000000000000000e+00
4.254399999999999977e+02 3.900000000000000000e+01 1.900000000000000000e+01 0.000000000000000000e+00 1.000000000000000000e+00
4.294300000000000068e+02 4.100000000000000000e+01 2.000000000000000000e+01 0.000000000000000000e+00 1.000000000000000000e+00
4.301499999999999773e+02 3.600000000000000000e+01 2.100000000000000000e+01 0.000000000000000000e+00 1.000000000000000000e+00
4.310799999999999841e+02 3.700000000000000000e+01 2.400000000000000000e+01 1.000000000000000000e+00 1.000000000000000000e+00
4.331499999999999773e+02 3.900000000000000000e+01 2.800000000000000000e+01 1.000000000000000000e+00 1.000000000000000000e+00
4.390299999999999727e+02 3.900000000000000000e+01 1.100000000000000000e+01 0.000000000000000000e+00 1.000000000000000000e+00
4.439300000000000068e+02 4.300000000000000000e+01 2.100000000000000000e+01 0.000000000000000000e+00 1.000000000000000000e+00
4.450000000000000000e+02 4.000000000000000000e+01 1.900000000000000000e+01 0.000000000000000000e+00 1.000000000000000000e+00
4.461200000000000045e+02 3.700000000000000000e+01 2.800000000000000000e+01 1.000000000000000000e+00 1.000000000000000000e+00
4.474800000000000182e+02 3.700000000000000000e+01 2.800000000000000000e+01 1.000000000000000000e+00 1.000000000000000000e+00
4.494700000000000273e+02 4.200000000000000000e+01 2.000000000000000000e+01 0.000000000000000000e+00 1.000000000000000000e+00
4.533000000000000114e+02 4.100000000000000000e+01 2.800000000000000000e+01 1.000000000000000000e+00 1.000000000000000000e+00
4.533100000000000023e+02 3.500000000000000000e+01 2.700000000000000000e+01 1.000000000000000000e+00 1.000000000000000000e+00
4.533199999999999932e+02 3.500000000000000000e+01 2.700000000000000000e+01 1.000000000000000000e+00 1.000000000000000000e+00
4.546299999999999955e+02 3.500000000000000000e+01 2.700000000000000000e+01 1.000000000000000000e+00 1.000000000000000000e+00
4.566800000000000068e+02 3.900000000000000000e+01 2.900000000000000000e+01 1.000000000000000000e+00 1.000000000000000000e+00
4.588799999999999955e+02 4.400000000000000000e+01 2.300000000000000000e+01 0.000000000000000000e+00 1.000000000000000000e+00
4.618899999999999864e+02 3.800000000000000000e+01 3.000000000000000000e+01 1.000000000000000000e+00 1.000000000000000000e+00
4.618999999999999773e+02 4.100000000000000000e+01 3.000000000000000000e+01 1.000000000000000000e+00 1.000000000000000000e+00
4.626000000000000227e+02 4.100000000000000000e+01 3.000000000000000000e+01 1.000000000000000000e+00 1.000000000000000000e+00
4.693700000000000045e+02 3.800000000000000000e+01 2.000000000000000000e+01 0.000000000000000000e+00 1.000000000000000000e+00
4.699700000000000273e+02 3.800000000000000000e+01 2.000000000000000000e+01 0.000000000000000000e+00 1.000000000000000000e+00
4.710199999999999818e+02 3.900000000000000000e+01 3.600000000000000000e+01 1.000000000000000000e+00 1.000000000000000000e+00
4.717400000000000091e+02 3.600000000000000000e+01 2.100000000000000000e+01 0.000000000000000000e+00 1.000000000000000000e+00
4.732300000000000182e+02 3.500000000000000000e+01 2.600000000000000000e+01 1.000000000000000000e+00 1.000000000000000000e+00
4.732400000000000091e+02 4.200000000000000000e+01 2.600000000000000000e+01 1.000000000000000000e+00 1.000000000000000000e+00
4.784499999999999886e+02 4.200000000000000000e+01 2.600000000000000000e+01 1.000000000000000000e+00 1.000000000000000000e+00
4.785000000000000000e+02 4.200000000000000000e+01 2.800000000000000000e+01 1.000000000000000000e+00 1.000000000000000000e+00
4.843899999999999864e+02 4.300000000000000000e+01 2.800000000000000000e+01 1.000000000000000000e+00 1.000000000000000000e+00
4.884200000000000159e+02 4.000000000000000000e+01 2.800000000000000000e+01 1.000000000000000000e+00 1.000000000000000000e+00
4.907400000000000091e+02 4.000000000000000000e+01 1.900000000000000000e+01 0.000000000000000000e+00 1.000000000000000000e+00
4.929800000000000182e+02 3.600000000000000000e+01 2.000000000000000000e+01 0.000000000000000000e+00 1.000000000000000000e+00
4.947400000000000091e+02 3.800000000000000000e+01 1.900000000000000000e+01 0.000000000000000000e+00 1.000000000000000000e+00
4.960000000000000000e+02 3.800000000000000000e+01 2.200000000000000000e+01 0.000000000000000000e+00 1.000000000000000000e+00
4.968999999999999773e+02 3.800000000000000000e+01 2.100000000000000000e+01 0.000000000000000000e+00 1.000000000000000000e+00
4.977699999999999818e+02 3.900000000000000000e+01 1.800000000000000000e+01 0.000000000000000000e+00 1.000000000000000000e+00
4.988700000000000045e+02 3.900000000000000000e+01 1.900000000000000000e+01 0.000000000000000000e+00 1.000000000000000000e+00
4.991600000000000250e+02 3.600000000000000000e+01 2.700000000000000000e+01 1.000000000000000000e+00 1.000000000000000000e+00
5.039200000000000159e+02 4.300000000000000000e+01 2.200000000000000000e+01 0.000000000000000000e+00 1.000000000000000000e+00
5.039300000000000068e+02 3.400000000000000000e+01 2.500000000000000000e+01 1.000000000000000000e+00 1.000000000000000000e+00
5.065600000000000023e+02 3.400000000000000000e+01 2.500000000000000000e+01 1.000000000000000000e+00 1.000000000000000000e+00
5.083600000000000136e+02 4.000000000000000000e+01 3.000000000000000000e+01 1.000000000000000000e+00 1.000000000000000000e+00
5.104900000000000091e+02 4.100000000000000000e+01 2.900000000000000000e+01 1.000000000000000000e+00 1.000000000000000000e+00
5.118799999999999955e+02 3.900000000000000000e+01 2.000000000000000000e+01 0.000000000000000000e+00 1.000000000000000000e+00
5.162599999999999909e+02 3.800000000000000000e+01 2.800000000000000000e+01 1.000000000000000000e+00 1.000000000000000000e+00
5.178999999999999773e+02 3.500000000000000000e+01 2.100000000000000000e+01 0.000000000000000000e+00 1.000000000000000000e+00
5.194800000000000182e+02 2.700000000000000000e+01 5.000000000000000000e+01 1.000000000000000000e+00 1.000000000000000000e+00
5.221299999999999955e+02 3.500000000000000000e+01 2.500000000000000000e+01 1.000000000000000000e+00 1.000000000000000000e+00
5.221399999999999864e+02 4.000000000000000000e+01 2.500000000000000000e+01 1.000000000000000000e+00 1.000000000000000000e+00
5.230900000000000318e+02 4.000000000000000000e+01 2.500000000000000000e+01 1.000000000000000000e+00 1.000000000000000000e+00
5.314099999999999682e+02 4.000000000000000000e+01 2.900000000000000000e+01 1.000000000000000000e+00 1.000000000000000000e+00
5.325099999999999909e+02 3.600000000000000000e+01 2.800000000000000000e+01 1.000000000000000000e+00 1.000000000000000000e+00
5.332599999999999909e+02 3.900000000000000000e+01 1.000000000000000000e+01 0.000000000000000000e+00 1.000000000000000000e+00
5.332799999999999727e+02 3.800000000000000000e+01 2.900000000000000000e+01 1.000000000000000000e+00 1.000000000000000000e+00
5.355900000000000318e+02 4.300000000000000000e+01 3.000000000000000000e+01 1.000000000000000000e+00 1.000000000000000000e+00
5.387100000000000364e+02 3.500000000000000000e+01 2.300000000000000000e+01 0.000000000000000000e+00 1.000000000000000000e+00
5.389199999999999591e+02 2.500000000000000000e+01 4.200000000000000000e+01 1.000000000000000000e+00 1.000000000000000000e+00
5.389800000000000182e+02 3.700000000000000000e+01 2.700000000000000000e+01 1.000000000000000000e+00 1.000000000000000000e+00
5.403799999999999955e+02 3.800000000000000000e+01 1.900000000000000000e+01 0.000000000000000000e+00 1.000000000000000000e+00
5.471499999999999773e+02 3.700000000000000000e+01 2.000000000000000000e+01 0.000000000000000000e+00 1.000000000000000000e+00
5.489800000000000182e+02 3.700000000000000000e+01 2.000000000000000000e+01 0.000000000000000000e+00 1.000000000000000000e+00
5.518799999999999955e+02 3.600000000000000000e+01 2.000000000000000000e+01 0.000000000000000000e+00 1.000000000000000000e+00
5.520900000000000318e+02 1.500000000000000000e+01 4.000000000000000000e+01 1.000000000000000000e+00 1.000000000000000000e+00
5.521000000000000227e+02 3.500000000000000000e+01 2.700000000000000000e+01 1.000000000000000000e+00 1.000000000000000000e+00
5.535000000000000000e+02 3.500000000000000000e+01 2.700000000000000000e+01 1.000000000000000000e+00 1.000000000000000000e+00
5.548999999999999773e+02 3.000000000000000000e+00 1.200000000000000000e+01 0.000000000000000000e+00 1.000000000000000000e+00
5.551699999999999591e+02 3.900000000000000000e+01 2.000000000000000000e+01 0.000000000000000000e+00 1.000000000000000000e+00
5.567799999999999727e+02 3.800000000000000000e+01 1.500000000000000000e+01 1.000000000000000000e+00 1.000000000000000000e+00
5.577599999999999909e+02 4.100000000000000000e+01 2.000000000000000000e+01 0.000000000000000000e+00 1.000000000000000000e+00
5.692400000000000091e+02 4.100000000000000000e+01 1.900000000000000000e+01 0.000000000000000000e+00 1.000000000000000000e+00
5.760099999999999909e+02 4.000000000000000000e+01 1.900000000000000000e+01 0.000000000000000000e+00 1.000000000000000000e+00
5.827799999999999727e+02 4.000000000000000000e+01 1.900000000000000000e+01 0.000000000000000000e+00 1.000000000000000000e+00
5.849900000000000091e+02 4.000000000000000000e+01 1.900000000000000000e+01 0.000000000000000000e+00 1.000000000000000000e+00
5.883999999999999773e+02 3.700000000000000000e+01 2.800000000000000000e+01 1.000000000000000000e+00 1.000000000000000000e+00
5.943500000000000227e+02 3.500000000000000000e+01 2.100000000000000000e+01 0.000000000000000000e+00 1.000000000000000000e+00
5.944199999999999591e+02 3.600000000000000000e+01 2.000000000000000000e+01 0.000000000000000000e+00 1.000000000000000000e+00
5.965000000000000000e+02 3.600000000000000000e+01 2.600000000000000000e+01 1.000000000000000000e+00 1.000000000000000000e+00
5.980700000000000500e+02 3.800000000000000000e+01 1.900000000000000000e+01 0.000000000000000000e+00 1.000000000000000000e+00
6.048500000000000227e+02 4.200000000000000000e+01 2.000000000000000000e+01 0.000000000000000000e+00 1.000000000000000000e+00
6.077100000000000364e+02 4.200000000000000000e+01 2.000000000000000000e+01 0.000000000000000000e+00 1.000000000000000000e+00
6.095499999999999545e+02 3.900000000000000000e+01 2.900000000000000000e+01 1.000000000000000000e+00 1.000000000000000000e+00
6.123600000000000136e+02 3.500000000000000000e+01 2.600000000000000000e+01 1.000000000000000000e+00 1.000000000000000000e+00
6.126299999999999955e+02 4.000000000000000000e+01 2.400000000000000000e+01 1.000000000000000000e+00 1.000000000000000000e+00
6.131399999999999864e+02 3.600000000000000000e+01 2.000000000000000000e+01 0.000000000000000000e+00 1.000000000000000000e+00
6.150299999999999727e+02 4.000000000000000000e+01 1.900000000000000000e+01 0.000000000000000000e+00 1.000000000000000000e+00
6.162999999999999545e+02 4.000000000000000000e+01 3.500000000000000000e+01 1.000000000000000000e+00 1.000000000000000000e+00
6.222599999999999909e+02 3.700000000000000000e+01 1.900000000000000000e+01 0.000000000000000000e+00 1.000000000000000000e+00
6.242200000000000273e+02 3.600000000000000000e+01 2.100000000000000000e+01 0.000000000000000000e+00 1.000000000000000000e+00
6.261399999999999864e+02 3.700000000000000000e+01 3.500000000000000000e+01 1.000000000000000000e+00 1.000000000000000000e+00
6.281599999999999682e+02 3.700000000000000000e+01 2.000000000000000000e+01 0.000000000000000000e+00 1.000000000000000000e+00
6.332899999999999636e+02 2.300000000000000000e+01 3.700000000000000000e+01 1.000000000000000000e+00 1.000000000000000000e+00
6.400700000000000500e+02 4.100000000000000000e+01 1.900000000000000000e+01 0.000000000000000000e+00 1.000000000000000000e+00
6.433600000000000136e+02 4.100000000000000000e+01 1.900000000000000000e+01 0.000000000000000000e+00 1.000000000000000000e+00
6.503099999999999454e+02 3.600000000000000000e+01 2.700000000000000000e+01 1.000000000000000000e+00 1.000000000000000000e+00
6.542100000000000364e+02 3.100000000000000000e+01 4.600000000000000000e+01 1.000000000000000000e+00 1.000000000000000000e+00
6.609299999999999500e+02 4.000000000000000000e+01 2.000000000000000000e+01 0.000000000000000000e+00 1.000000000000000000e+00
6.621499999999999773e+02 2.900000000000000000e+01 3.000000000000000000e+01 1.000000000000000000e+00 1.000000000000000000e+00
6.621599999999999682e+02 3.800000000000000000e+01 1.400000000000000000e+01 1.000000000000000000e+00 1.000000000000000000e+00
6.637699999999999818e+02 3.800000000000000000e+01 1.400000000000000000e+01 1.000000000000000000e+00 1.000000000000000000e+00
6.678400000000000318e+02 3.500000000000000000e+01 2.200000000000000000e+01 0.000000000000000000e+00 1.000000000000000000e+00
6.703500000000000227e+02 4.000000000000000000e+01 1.900000000000000000e+01 0.000000000000000000e+00 1.000000000000000000e+00
6.726200000000000045e+02 3.900000000000000000e+01 2.000000000000000000e+01 0.000000000000000000e+00 1.000000000000000000e+00
6.728700000000000045e+02 4.300000000000000000e+01 2.100000000000000000e+01 0.000000000000000000e+00 1.000000000000000000e+00
6.731599999999999682e+02 3.900000000000000000e+01 2.400000000000000000e+01 1.000000000000000000e+00 1.000000000000000000e+00
6.732599999999999909e+02 4.200000000000000000e+01 2.000000000000000000e+01 0.000000000000000000e+00 1.000000000000000000e+00
6.800299999999999727e+02 4.300000000000000000e+01 2.500000000000000000e+01 1.000000000000000000e+00 1.000000000000000000e+00
6.815099999999999909e+02 4.300000000000000000e+01 2.500000000000000000e+01 1.000000000000000000e+00 1.000000000000000000e+00
6.853300000000000409e+02 3.800000000000000000e+01 1.900000000000000000e+01 0.000000000000000000e+00 1.000000000000000000e+00
6.885199999999999818e+02 3.500000000000000000e+01 2.100000000000000000e+01 0.000000000000000000e+00 1.000000000000000000e+00
6.897000000000000455e+02 4.100000000000000000e+01 1.900000000000000000e+01 0.000000000000000000e+00 1.000000000000000000e+00
6.924800000000000182e+02 3.700000000000000000e+01 1.900000000000000000e+01 0.000000000000000000e+00 1.000000000000000000e+00
6.992599999999999909e+02 3.900000000000000000e+01 2.000000000000000000e+01 0.000000000000000000e+00 1.000000000000000000e+00
7.048999999999999773e+02 3.900000000000000000e+01 2.000000000000000000e+01 0.000000000000000000e+00 1.000000000000000000e+00
7.056699999999999591e+02 3.800000000000000000e+01 2.800000000000000000e+01 1.000000000000000000e+00 1.000000000000000000e+00
7.079900000000000091e+02 3.900000000000000000e+01 2.500000000000000000e+01 0.000000000000000000e+00 1.000000000000000000e+00
7.081100000000000136e+02 3.900000000000000000e+01 2.800000000000000000e+01 1.000000000000000000e+00 1.000000000000000000e+00
7.104600000000000364e+02 3.700000000000000000e+01 3.000000000000000000e+01 1.000000000000000000e+00 1.000000000000000000e+00
7.108899999999999864e+02 4.400000000000000000e+01 2.200000000000000000e+01 0.000000000000000000e+00 1.000000000000000000e+00
7.117899999999999636e+02 3.700000000000000000e+01 2.700000000000000000e+01 1.000000000000000000e+00 1.000000000000000000e+00
7.175499999999999545e+02 3.700000000000000000e+01 2.800000000000000000e+01 1.000000000000000000e+00 1.000000000000000000e+00
7.189500000000000455e+02 4.000000000000000000e+01 2.000000000000000000e+01 0.000000000000000000e+00 1.000000000000000000e+00
7.221900000000000546e+02 4.100000000000000000e+01 2.800000000000000000e+01 1.000000000000000000e+00 1.000000000000000000e+00
7.249199999999999591e+02 3.800000000000000000e+01 2.400000000000000000e+01 1.000000000000000000e+00 1.000000000000000000e+00
7.249299999999999500e+02 4.000000000000000000e+01 2.700000000000000000e+01 1.000000000000000000e+00 1.000000000000000000e+00
7.257200000000000273e+02 4.000000000000000000e+01 2.700000000000000000e+01 1.000000000000000000e+00 1.000000000000000000e+00
7.257300000000000182e+02 4.200000000000000000e+01 2.800000000000000000e+01 1.000000000000000000e+00 1.000000000000000000e+00
7.270800000000000409e+02 4.200000000000000000e+01 2.800000000000000000e+01 1.000000000000000000e+00 1.000000000000000000e+00
7.313200000000000500e+02 4.300000000000000000e+01 2.000000000000000000e+01 0.000000000000000000e+00 1.000000000000000000e+00
7.356100000000000136e+02 4.000000000000000000e+01 2.300000000000000000e+01 1.000000000000000000e+00 1.000000000000000000e+00
7.357000000000000455e+02 3.600000000000000000e+01 2.100000000000000000e+01 0.000000000000000000e+00 1.000000000000000000e+00
7.424700000000000273e+02 4.300000000000000000e+01 2.700000000000000000e+01 1.000000000000000000e+00 1.000000000000000000e+00
7.453899999999999864e+02 4.300000000000000000e+01 2.700000000000000000e+01 1.000000000000000000e+00 1.000000000000000000e+00
7.520099999999999909e+02 3.700000000000000000e+01 2.000000000000000000e+01 0.000000000000000000e+00 1.000000000000000000e+00
7.550299999999999727e+02 3.500000000000000000e+01 2.600000000000000000e+01 1.000000000000000000e+00 1.000000000000000000e+00
7.562699999999999818e+02 3.800000000000000000e+01 2.200000000000000000e+01 0.000000000000000000e+00 1.000000000000000000e+00
7.593600000000000136e+02 3.900000000000000000e+01 1.800000000000000000e+01 0.000000000000000000e+00 1.000000000000000000e+00
7.624600000000000364e+02 3.900000000000000000e+01 9.000000000000000000e+00 0.000000000000000000e+00 1.000000000000000000e+00
7.692300000000000182e+02 3.700000000000000000e+01 1.900000000000000000e+01 0.000000000000000000e+00 1.000000000000000000e+00
7.725900000000000318e+02 3.700000000000000000e+01 1.900000000000000000e+01 0.000000000000000000e+00 1.000000000000000000e+00
7.770900000000000318e+02 4.200000000000000000e+01 2.500000000000000000e+01 1.000000000000000000e+00 1.000000000000000000e+00
7.793899999999999864e+02 4.000000000000000000e+01 2.800000000000000000e+01 1.000000000000000000e+00 1.000000000000000000e+00
7.822200000000000273e+02 4.300000000000000000e+01 2.600000000000000000e+01 1.000000000000000000e+00 1.000000000000000000e+00
7.824299999999999500e+02 3.900000000000000000e+01 1.900000000000000000e+01 0.000000000000000000e+00 1.000000000000000000e+00
7.825299999999999727e+02 3.500000000000000000e+01 2.500000000000000000e+01 1.000000000000000000e+00 1.000000000000000000e+00
7.892999999999999545e+02 3.700000000000000000e+01 1.900000000000000000e+01 0.000000000000000000e+00 1.000000000000000000e+00
7.960700000000000500e+02 3.700000000000000000e+01 1.900000000000000000e+01 0.000000000000000000e+00 1.000000000000000000e+00
8.028400000000000318e+02 3.700000000000000000e+01 1.900000000000000000e+01 0.000000000000000000e+00 1.000000000000000000e+00
8.066499999999999773e+02 3.700000000000000000e+01 1.900000000000000000e+01 0.000000000000000000e+00 1.000000000000000000e+00
8.079099999999999682e+02 4.200000000000000000e+01 1.900000000000000000e+01 0.000000000000000000e+00 1.000000000000000000e+00
8.105000000000000000e+02 3.800000000000000000e+01 2.600000000000000000e+01 1.000000000000000000e+00 1.000000000000000000e+00
8.125700000000000500e+02 4.000000000000000000e+01 2.000000000000000000e+01 0.000000000000000000e+00 1.000000000000000000e+00
8.163500000000000227e+02 4.300000000000000000e+01 2.200000000000000000e+01 0.000000000000000000e+00 1.000000000000000000e+00
8.220499999999999545e+02 4.100000000000000000e+01 1.900000000000000000e+01 0.000000000000000000e+00 1.000000000000000000e+00
8.233500000000000227e+02 3.600000000000000000e+01 2.000000000000000000e+01 0.000000000000000000e+00 1.000000000000000000e+00
8.356900000000000546e+02 3.400000000000000000e+01 2.600000000000000000e+01 1.000000000000000000e+00 1.000000000000000000e+00
8.374600000000000364e+02 3.400000000000000000e+01 2.600000000000000000e+01 1.000000000000000000e+00 1.000000000000000000e+00
8.442300000000000182e+02 3.600000000000000000e+01 2.700000000000000000e+01 1.000000000000000000e+00 1.000000000000000000e+00
8.443099999999999454e+02 3.600000000000000000e+01 2.700000000000000000e+01 1.000000000000000000e+00 1.000000000000000000e+00
8.485399999999999636e+02 3.800000000000000000e+01 2.800000000000000000e+01 1.000000000000000000e+00 1.000000000000000000e+00
8.553099999999999454e+02 3.800000000000000000e+01 2.400000000000000000e+01 1.000000000000000000e+00 1.000000000000000000e+00
8.620800000000000409e+02 3.800000000000000000e+01 2.400000000000000000e+01 1.000000000000000000e+00 1.000000000000000000e+00
8.673799999999999955e+02 3.800000000000000000e+01 2.400000000000000000e+01 1.000000000000000000e+00 1.000000000000000000e+00
8.692200000000000273e+02 3.500000000000000000e+01 2.100000000000000000e+01 0.000000000000000000e+00 1.000000000000000000e+00
8.759900000000000091e+02 4.200000000000000000e+01 2.700000000000000000e+01 1.000000000000000000e+00 1.000000000000000000e+00
8.823099999999999454e+02 4.200000000000000000e+01 2.700000000000000000e+01 1.000000000000000000e+00 1.000000000000000000e+00
8.832599999999999909e+02 3.700000000000000000e+01 2.700000000000000000e+01 1.000000000000000000e+00 1.000000000000000000e+00
8.833099999999999454e+02 4.000000000000000000e+01 1.900000000000000000e+01 0.000000000000000000e+00 1.000000000000000000e+00
8.836799999999999500e+02 3.700000000000000000e+01 1.900000000000000000e+01 0.000000000000000000e+00 1.000000000000000000e+00
8.904500000000000455e+02 3.500000000000000000e+01 2.500000000000000000e+01 1.000000000000000000e+00 1.000000000000000000e+00
8.908099999999999454e+02 3.500000000000000000e+01 2.500000000000000000e+01 1.000000000000000000e+00 1.000000000000000000e+00
8.934700000000000273e+02 3.500000000000000000e+01 2.600000000000000000e+01 1.000000000000000000e+00 1.000000000000000000e+00
8.951100000000000136e+02 4.200000000000000000e+01 1.900000000000000000e+01 0.000000000000000000e+00 1.000000000000000000e+00
9.028600000000000136e+02 3.600000000000000000e+01 2.000000000000000000e+01 0.000000000000000000e+00 1.000000000000000000e+00
9.046000000000000227e+02 3.600000000000000000e+01 2.000000000000000000e+01 0.000000000000000000e+00 1.000000000000000000e+00
9.103999999999999773e+02 3.800000000000000000e+01 1.300000000000000000e+01 1.000000000000000000e+00 1.000000000000000000e+00
9.104099999999999682e+02 4.100000000000000000e+01 2.700000000000000000e+01 1.000000000000000000e+00 1.000000000000000000e+00
9.105499999999999545e+02 4.100000000000000000e+01 2.700000000000000000e+01 1.000000000000000000e+00 1.000000000000000000e+00
9.105700000000000500e+02 3.700000000000000000e+01 2.800000000000000000e+01 1.000000000000000000e+00 1.000000000000000000e+00
9.147899999999999636e+02 4.100000000000000000e+01 2.400000000000000000e+01 1.000000000000000000e+00 1.000000000000000000e+00
9.506000000000000227e+02 3.900000000000000000e+01 2.800000000000000000e+01 1.000000000000000000e+00 1.000000000000000000e+00
9.514199999999999591e+02 4.400000000000000000e+01 2.300000000000000000e+01 0.000000000000000000e+00 1.000000000000000000e+00
9.569500000000000455e+02 4.000000000000000000e+01 1.800000000000000000e+01 0.000000000000000000e+00 1.000000000000000000e+00
9.569600000000000364e+02 5.000000000000000000e+00 1.700000000000000000e+01 1.000000000000000000e+00 1.000000000000000000e+00
9.611799999999999500e+02 4.400000000000000000e+01 2.600000000000000000e+01 1.000000000000000000e+00 1.000000000000000000e+00
9.629099999999999682e+02 4.200000000000000000e+01 2.400000000000000000e+01 1.000000000000000000e+00 1.000000000000000000e+00
9.696799999999999500e+02 4.000000000000000000e+01 2.800000000000000000e+01 1.000000000000000000e+00 1.000000000000000000e+00
9.726399999999999864e+02 4.000000000000000000e+01 2.800000000000000000e+01 1.000000000000000000e+00 1.000000000000000000e+00
9.767000000000000455e+02 4.100000000000000000e+01 1.900000000000000000e+01 0.000000000000000000e+00 1.000000000000000000e+00
9.834800000000000182e+02 4.400000000000000000e+01 2.500000000000000000e+01 1.000000000000000000e+00 1.000000000000000000e+00
9.902500000000000000e+02 4.400000000000000000e+01 2.500000000000000000e+01 1.000000000000000000e+00 1.000000000000000000e+00
9.945399999999999636e+02 4.400000000000000000e+01 2.500000000000000000e+01 1.000000000000000000e+00 1.000000000000000000e+00
