5.999999999999999778e-01 5.300000000000000000e+01 3.000000000000000000e+01 1.000000000000000000e+00 0.000000000000000000e+00
1.840000000000000080e+00 5.200000000000000000e+01 3.000000000000000000e+01 1.000000000000000000e+00 0.000000000000000000e+00
9.849999999999999645e+00 5.500000000000000000e+01 2.300000000000000000e+01 0.000000000000000000e+00 0.000000000000000000e+00
1.105000000000000071e+01 5.600000000000000000e+01 1.000000000000000000e+00 1.000000000000000000e+00 0.000000000000000000e+00
1.200000000000000000e+01 5.600000000000000000e+01 5.000000000000000000e+00 1.000000000000000000e+00 0.000000000000000000e+00
1.249000000000000021e+01 5.600000000000000000e+01 2.000000000000000000e+00 1.000000000000000000e+00 0.000000000000000000e+00
1.439000000000000057e+01 6.000000000000000000e+01 2.500000000000000000e+01 0.000000000000000000e+00 0.000000000000000000e+00
1.844999999999999929e+01 5.100000000000000000e+01 2.800000000000000000e+01 1.000000000000000000e+00 0.000000000000000000e+00
1.846000000000000085e+01 5.100000000000000000e+01 2.800000000000000000e+01 1.000000000000000000e+00 0.000000000000000000e+00
2.207000000000000028e+01 5.200000000000000000e+01 2.300000000000000000e+01 0.000000000000000000e+00 0.000000000000000000e+00
2.232999999999999829e+01 5.200000000000000000e+01 2.900000000000000000e+01 1.000000000000000000e+00 0.000000000000000000e+00
2.425000000000000000e+01 5.300000000000000000e+01 2.200000000000000000e+01 0.000000000000000000e+00 0.000000000000000000e+00
2.476000000000000156e+01 5.400000000000000000e+01 2.600000000000000000e+01 1.000000000000000000e+00 0.000000000000000000e+00
2.705999999999999872e+01 5.400000000000000000e+01 2.300000000000000000e+01 0.000000000000000000e+00 0.000000000000000000e+00
3.101000000000000156e+01 5.600000000000000000e+01 3.100000000000000000e+01 1.000000000000000000e+00 0.000000000000000000e+00
3.402000000000000313e+01 5.500000000000000000e+01 2.900000000000000000e+01 1.000000000000000000e+00 0.000000000000000000e+00
3.403000000000000114e+01 5.500000000000000000e+01 2.900000000000000000e+01 1.000000000000000000e+00 0.000000000000000000e+00
3.403999999999999915e+01 5.500000000000000000e+01 2.900000000000000000e+01 1.000000000000000000e+00 0.000000000000000000e+00
3.732999999999999829e+01 5.500000000000000000e+01 3.100000000000000000e+01 1.000000000000000000e+00 0.000000000000000000e+00
4.371000000000000085e+01 5.800000000000000000e+01 2.200000000000000000e+01 0.000000000000000000e+00 0.000000000000000000e+00
4.427000000000000313e+01 5.600000000000000000e+01 8.000000000000000000e+00 1.000000000000000000e+00 0.000000000000000000e+00
4.454999999999999716e+01 5.100000000000000000e+01 2.900000000000000000e+01 1.000000000000000000e+00 0.000000000000000000e+00
4.647999999999999687e+01 5.600000000000000000e+01 1.000000000000000000e+01 1.000000000000000000e+00 0.000000000000000000e+00
4.653000000000000114e+01 5.900000000000000000e+01 2.300000000000000000e+01 0.000000000000000000e+00 0.000000000000000000e+00
4.720000000000000284e+01 5.700000000000000000e+01 3.000000000000000000e+01 1.000000000000000000e+00 0.000000000000000000e+00
4.935000000000000142e+01 6.000000000000000000e+01 2.800000000000000000e+01 1.000000000000000000e+00 0.000000000000000000e+00
4.967999999999999972e+01 5.600000000000000000e+01 2.600000000000000000e+01 1.000000000000000000e+00 0.000000000000000000e+00
4.968999999999999773e+01 5.700000000000000000e+01 2.600000000000000000e+01 1.000000000000000000e+00 0.000000000000000000e+00
5.117000000000000171e+01 6.000000000000000000e+01 4.500000000000000000e+01 1.000000000000000000e+00 0.000000000000000000e+00
5.450999999999999801e+01 5.700000000000000000e+01 3.700000000000000000e+01 1.000000000000000000e+00 0.000000000000000000e+00
5.507000000000000028e+01 5.500000000000000000e+01 4.600000000000000000e+01 1.000000000000000000e+00 0.000000000000000000e+00
5.625000000000000000e+01 5.500000000000000000e+01 3.200000000000000000e+01 1.000000000000000000e+00 0.000000000000000000e+00
5.911999999999999744e+01 5.500000000000000000e+01 2.100000000000000000e+01 0.000000000000000000e+00 0.000000000000000000e+00
5.934000000000000341e+01 5.500000000000000000e+01 2.300000000000000000e+01 0.000000000000000000e+00 0.000000000000000000e+00
6.264000000000000057e+01 5.700000000000000000e+01 2.200000000000000000e+01 0.000000000000000000e+00 0.000000000000000000e+00
6.385000000000000142e+01 5.100000000000000000e+01 2.400000000000000000e+01 0.000000000000000000e+00 0.000000000000000000e+00
6.451999999999999602e+01 4.800000000000000000e+01 3.500000000000000000e+01 1.000000000000000000e+00 0.000000000000000000e+00
7.129000000000000625e+01 5.100000000000000000e+01 2.500000000000000000e+01 0.000000000000000000e+00 0.000000000000000000e+00
7.220000000000000284e+01 5.400000000000000000e+01 2.100000000000000000e+01 0.000000000000000000e+00 0.000000000000000000e+00
7.226999999999999602e+01 5.800000000000000000e+01 3.000000000000000000e+01 1.000000000000000000e+00 0.000000000000000000e+00
7.473000000000000398e+01 5.400000000000000000e+01 2.200000000000000000e+01 0.000000000000000000e+00 0.000000000000000000e+00
7.546999999999999886e+01 5.400000000000000000e+01 2.600000000000000000e+01 1.000000000000000000e+00 0.000000000000000000e+00
7.906999999999999318e+01 5.900000000000000000e+01 3.000000000000000000e+01 1.000000000000000000e+00 0.000000000000000000e+00
7.923999999999999488e+01 5.100000000000000000e+01 2.800000000000000000e+01 1.000000000000000000e+00 0.000000000000000000e+00
7.925000000000000000e+01 5.100000000000000000e+01 2.800000000000000000e+01 1.000000000000000000e+00 0.000000000000000000e+00
8.217000000000000171e+01 5.500000000000000000e+01 2.700000000000000000e+01 0.000000000000000000e+00 0.000000000000000000e+00
8.287000000000000455e+01 5.200000000000000000e+01 2.300000000000000000e+01 0.000000000000000000e+00 0.000000000000000000e+00
8.350000000000000000e+01 5.300000000000000000e+01 2.200000000000000000e+01 0.000000000000000000e+00 0.000000000000000000e+00
8.509999999999999432e+01 5.200000000000000000e+01 2.400000000000000000e+01 0.000000000000000000e+00 0.000000000000000000e+00
8.545000000000000284e+01 6.000000000000000000e+01 2.500000000000000000e+01 0.000000000000000000e+00 0.000000000000000000e+00
8.732999999999999829e+01 5.300000000000000000e+01 3.000000000000000000e+01 1.000000000000000000e+00 0.000000000000000000e+00
8.734000000000000341e+01 5.300000000000000000e+01 3.000000000000000000e+01 1.000000000000000000e+00 0.000000000000000000e+00
9.417000000000000171e+01 5.300000000000000000e+01 3.000000000000000000e+01 1.000000000000000000e+00 0.000000000000000000e+00
9.676000000000000512e+01 5.900000000000000000e+01 2.900000000000000000e+01 1.000000000000000000e+00 0.000000000000000000e+00
9.701999999999999602e+01 5.100000000000000000e+01 2.700000000000000000e+01 1.000000000000000000e+00 0.000000000000000000e+00
9.981000000000000227e+01 5.700000000000000000e+01 3.100000000000000000e+01 1.000000000000000000e+00 0.000000000000000000e+00
9.998999999999999488e+01 5.400000000000000000e+01 3.100000000000000000e+01 1.000000000000000000e+00 0.000000000000000000e+00
1.018400000000000034e+02 5.600000000000000000e+01 9.000000000000000000e+00 1.000000000000000000e+00 0.000000000000000000e+00
1.025900000000000034e+02 5.500000000000000000e+01 2.100000000000000000e+01 0.000000000000000000e+00 0.000000000000000000e+00
1.058199999999999932e+02 5.800000000000000000e+01 2.200000000000000000e+01 0.000000000000000000e+00 0.000000000000000000e+00
1.077699999999999960e+02 5.600000000000000000e+01 3.300000000000000000e+01 1.000000000000000000e+00 0.000000000000000000e+00
1.115000000000000000e+02 5.500000000000000000e+01 2.200000000000000000e+01 1.000000000000000000e+00 0.000000000000000000e+00
1.115100000000000051e+02 5.500000000000000000e+01 2.200000000000000000e+01 1.000000000000000000e+00 0.000000000000000000e+00
1.119500000000000028e+02 5.600000000000000000e+01 1.100000000000000000e+01 1.000000000000000000e+00 0.000000000000000000e+00
1.156899999999999977e+02 4.900000000000000000e+01 3.800000000000000000e+01 1.000000000000000000e+00 0.000000000000000000e+00
1.162699999999999960e+02 5.200000000000000000e+01 2.800000000000000000e+01 1.000000000000000000e+00 0.000000000000000000e+00
1.206299999999999955e+02 5.100000000000000000e+01 2.400000000000000000e+01 0.000000000000000000e+00 0.000000000000000000e+00
1.241200000000000045e+02 5.200000000000000000e+01 2.900000000000000000e+01 1.000000000000000000e+00 0.000000000000000000e+00
1.275400000000000063e+02 6.200000000000000000e+01 3.500000000000000000e+01 1.000000000000000000e+00 0.000000000000000000e+00
1.275499999999999972e+02 6.200000000000000000e+01 3.500000000000000000e+01 1.000000000000000000e+00 0.000000000000000000e+00
1.298499999999999943e+02 6.000000000000000000e+01 2.700000000000000000e+01 1.000000000000000000e+00 0.000000000000000000e+00
1.298600000000000136e+02 6.000000000000000000e+01 2.700000000000000000e+01 1.000000000000000000e+00 0.000000000000000000e+00
1.309600000000000080e+02 5.300000000000000000e+01 2.200000000000000000e+01 0.000000000000000000e+00 0.000000000000000000e+00
1.356500000000000057e+02 5.300000000000000000e+01 2.600000000000000000e+01 1.000000000000000000e+00 0.000000000000000000e+00
1.373199999999999932e+02 5.500000000000000000e+01 2.100000000000000000e+01 0.000000000000000000e+00 0.000000000000000000e+00
1.377100000000000080e+02 5.500000000000000000e+01 2.600000000000000000e+01 1.000000000000000000e+00 0.000000000000000000e+00
1.390500000000000114e+02 5.700000000000000000e+01 2.700000000000000000e+01 1.000000000000000000e+00 0.000000000000000000e+00
1.391800000000000068e+02 5.400000000000000000e+01 2.100000000000000000e+01 0.000000000000000000e+00 0.000000000000000000e+00
1.397800000000000011e+02 5.600000000000000000e+01 2.900000000000000000e+01 1.000000000000000000e+00 0.000000000000000000e+00
1.397899999999999920e+02 5.600000000000000000e+01 2.900000000000000000e+01 1.000000000000000000e+00 0.000000000000000000e+00
1.401100000000000136e+02 5.600000000000000000e+01 2.100000000000000000e+01 0.000000000000000000e+00 0.000000000000000000e+00
1.405000000000000000e+02 5.300000000000000000e+01 3.000000000000000000e+01 1.000000000000000000e+00 0.000000000000000000e+00
1.473300000000000125e+02 5.300000000000000000e+01 3.000000000000000000e+01 1.000000000000000000e+00 0.000000000000000000e+00
1.500900000000000034e+02 5.500000000000000000e+01 2.700000000000000000e+01 0.000000000000000000e+00 0.000000000000000000e+00
1.531599999999999966e+02 5.800000000000000000e+01 3.000000000000000000e+01 1.000000000000000000e+00 0.000000000000000000e+00
1.542899999999999920e+02 5.400000000000000000e+01 3.000000000000000000e+01 1.000000000000000000e+00 0.000000000000000000e+00
1.545399999999999920e+02 6.700000000000000000e+01 3.600000000000000000e+01 1.000000000000000000e+00 0.000000000000000000e+00
1.558700000000000045e+02 5.300000000000000000e+01 2.800000000000000000e+01 1.000000000000000000e+00 0.000000000000000000e+00
1.585900000000000034e+02 5.400000000000000000e+01 2.500000000000000000e+01 0.000000000000000000e+00 0.000000000000000000e+00
1.609199999999999875e+02 5.600000000000000000e+01 7.000000000000000000e+00 1.000000000000000000e+00 0.000000000000000000e+00
1.609300000000000068e+02 5.600000000000000000e+01 7.000000000000000000e+00 1.000000000000000000e+00 0.000000000000000000e+00
1.610800000000000125e+02 5.100000000000000000e+01 2.400000000000000000e+01 0.000000000000000000e+00 0.000000000000000000e+00
1.612500000000000000e+02 5.600000000000000000e+01 3.000000000000000000e+00 1.000000000000000000e+00 0.000000000000000000e+00
1.621899999999999977e+02 5.600000000000000000e+01 3.100000000000000000e+01 1.000000000000000000e+00 0.000000000000000000e+00
1.690099999999999909e+02 5.600000000000000000e+01 3.100000000000000000e+01 1.000000000000000000e+00 0.000000000000000000e+00
1.700500000000000114e+02 5.100000000000000000e+01 2.700000000000000000e+01 1.000000000000000000e+00 0.000000000000000000e+00
1.711699999999999875e+02 5.800000000000000000e+01 2.600000000000000000e+01 1.000000000000000000e+00 0.000000000000000000e+00
1.725500000000000114e+02 2.600000000000000000e+01 4.500000000000000000e+01 0.000000000000000000e+00 0.000000000000000000e+00
1.737599999999999909e+02 5.600000000000000000e+01 1.500000000000000000e+01 1.000000000000000000e+00 0.000000000000000000e+00
1.739499999999999886e+02 5.600000000000000000e+01 2.100000000000000000e+01 0.000000000000000000e+00 0.000000000000000000e+00
1.823000000000000114e+02 5.500000000000000000e+01 2.100000000000000000e+01 0.000000000000000000e+00 0.000000000000000000e+00
1.873499999999999943e+02 5.500000000000000000e+01 3.000000000000000000e+01 1.000000000000000000e+00 0.000000000000000000e+00
1.890399999999999920e+02 5.400000000000000000e+01 2.100000000000000000e+01 0.000000000000000000e+00 0.000000000000000000e+00
1.895200000000000102e+02 5.200000000000000000e+01 2.900000000000000000e+01 1.000000000000000000e+00 0.000000000000000000e+00
1.908400000000000034e+02 5.600000000000000000e+01 0.000000000000000000e+00 1.000000000000000000e+00 0.000000000000000000e+00
1.954900000000000091e+02 5.100000000000000000e+01 2.800000000000000000e+01 1.000000000000000000e+00 0.000000000000000000e+00
1.958499999999999943e+02 5.200000000000000000e+01 2.300000000000000000e+01 0.000000000000000000e+00 0.000000000000000000e+00
1.964199999999999875e+02 5.600000000000000000e+01 1.400000000000000000e+01 1.000000000000000000e+00 0.000000000000000000e+00
1.999499999999999886e+02 5.600000000000000000e+01 2.000000000000000000e+01 0.000000000000000000e+00 0.000000000000000000e+00
2.018799999999999955e+02 5.800000000000000000e+01 2.200000000000000000e+01 0.000000000000000000e+00 0.000000000000000000e+00
2.089000000000000057e+02 5.400000000000000000e+01 3.000000000000000000e+01 1.000000000000000000e+00 0.000000000000000000e+00
2.097800000000000011e+02 5.200000000000000000e+01 2.200000000000000000e+01 0.000000000000000000e+00 0.000000000000000000e+00
2.131500000000000057e+02 5.200000000000000000e+01 2.300000000000000000e+01 0.000000000000000000e+00 0.000000000000000000e+00
2.140399999999999920e+02 5.900000000000000000e+01 2.300000000000000000e+01 0.000000000000000000e+00 0.000000000000000000e+00
2.204000000000000057e+02 5.600000000000000000e+01 1.300000000000000000e+01 1.000000000000000000e+00 0.000000000000000000e+00
2.210999999999999943e+02 5.600000000000000000e+01 2.600000000000000000e+01 1.000000000000000000e+00 0.000000000000000000e+00
2.252899999999999920e+02 5.500000000000000000e+01 2.100000000000000000e+01 0.000000000000000000e+00 0.000000000000000000e+00
2.296999999999999886e+02 5.500000000000000000e+01 2.600000000000000000e+01 1.000000000000000000e+00 0.000000000000000000e+00
2.299000000000000057e+02 5.600000000000000000e+01 2.700000000000000000e+01 0.000000000000000000e+00 0.000000000000000000e+00
2.315900000000000034e+02 5.400000000000000000e+01 2.100000000000000000e+01 0.000000000000000000e+00 0.000000000000000000e+00
2.343300000000000125e+02 5.200000000000000000e+01 2.300000000000000000e+01 0.000000000000000000e+00 0.000000000000000000e+00
2.354399999999999977e+02 5.400000000000000000e+01 2.600000000000000000e+01 0.000000000000000000e+00 0.000000000000000000e+00
2.378700000000000045e+02 5.600000000000000000e+01 3.000000000000000000e+01 1.000000000000000000e+00 0.000000000000000000e+00
2.381399999999999864e+02 5.100000000000000000e+01 2.400000000000000000e+01 0.000000000000000000e+00 0.000000000000000000e+00
2.427500000000000000e+02 5.300000000000000000e+01 2.200000000000000000e+01 0.000000000000000000e+00 0.000000000000000000e+00
2.478199999999999932e+02 5.700000000000000000e+01 2.100000000000000000e+01 0.000000000000000000e+00 0.000000000000000000e+00
2.524799999999999898e+02 5.300000000000000000e+01 2.900000000000000000e+01 1.000000000000000000e+00 0.000000000000000000e+00
2.545000000000000000e+02 6.000000000000000000e+01 2.700000000000000000e+01 1.000000000000000000e+00 0.000000000000000000e+00
2.545099999999999909e+02 6.000000000000000000e+01 2.700000000000000000e+01 1.000000000000000000e+00 0.000000000000000000e+00
2.552400000000000091e+02 5.100000000000000000e+01 2.500000000000000000e+01 0.000000000000000000e+00 0.000000000000000000e+00
2.569800000000000182e+02 5.900000000000000000e+01 2.900000000000000000e+01 1.000000000000000000e+00 0.000000000000000000e+00
2.569900000000000091e+02 5.900000000000000000e+01 2.900000000000000000e+01 1.000000000000000000e+00 0.000000000000000000e+00
2.602900000000000205e+02 5.700000000000000000e+01 2.900000000000000000e+01 1.000000000000000000e+00 0.000000000000000000e+00
2.603000000000000114e+02 5.700000000000000000e+01 2.900000000000000000e+01 1.000000000000000000e+00 0.000000000000000000e+00
2.632699999999999818e+02 6.000000000000000000e+01 4.000000000000000000e+01 1.000000000000000000e+00 0.000000000000000000e+00
2.653799999999999955e+02 5.200000000000000000e+01 2.200000000000000000e+01 0.000000000000000000e+00 0.000000000000000000e+00
2.658199999999999932e+02 5.500000000000000000e+01 3.000000000000000000e+01 1.000000000000000000e+00 0.000000000000000000e+00
2.666600000000000250e+02 5.400000000000000000e+01 2.900000000000000000e+01 1.000000000000000000e+00 0.000000000000000000e+00
2.690400000000000205e+02 5.600000000000000000e+01 2.600000000000000000e+01 1.000000000000000000e+00 0.000000000000000000e+00
2.690600000000000023e+02 5.700000000000000000e+01 3.000000000000000000e+01 1.000000000000000000e+00 0.000000000000000000e+00
2.691999999999999886e+02 6.000000000000000000e+01 2.800000000000000000e+01 1.000000000000000000e+00 0.000000000000000000e+00
2.702200000000000273e+02 5.400000000000000000e+01 3.000000000000000000e+01 1.000000000000000000e+00 0.000000000000000000e+00
2.718799999999999955e+02 5.400000000000000000e+01 2.200000000000000000e+01 0.000000000000000000e+00 0.000000000000000000e+00
2.744300000000000068e+02 5.200000000000000000e+01 2.900000000000000000e+01 1.000000000000000000e+00 0.000000000000000000e+00
2.796800000000000068e+02 5.600000000000000000e+01 2.000000000000000000e+01 0.000000000000000000e+00 0.000000000000000000e+00
2.843000000000000114e+02 5.600000000000000000e+01 4.000000000000000000e+00 1.000000000000000000e+00 0.000000000000000000e+00
2.849499999999999886e+02 5.300000000000000000e+01 3.000000000000000000e+01 1.000000000000000000e+00 0.000000000000000000e+00
2.871600000000000250e+02 5.200000000000000000e+01 2.700000000000000000e+01 1.000000000000000000e+00 0.000000000000000000e+00
2.910899999999999750e+02 5.900000000000000000e+01 2.200000000000000000e+01 0.000000000000000000e+00 0.000000000000000000e+00
2.919499999999999886e+02 5.800000000000000000e+01 3.200000000000000000e+01 1.000000000000000000e+00 0.000000000000000000e+00
2.919700000000000273e+02 5.800000000000000000e+01 3.200000000000000000e+01 1.000000000000000000e+00 0.000000000000000000e+00
3.016299999999999955e+02 5.500000000000000000e+01 2.000000000000000000e+01 0.000000000000000000e+00 0.000000000000000000e+00
3.033399999999999750e+02 5.300000000000000000e+01 2.100000000000000000e+01 0.000000000000000000e+00 0.000000000000000000e+00
3.048600000000000136e+02 5.400000000000000000e+01 2.100000000000000000e+01 0.000000000000000000e+00 0.000000000000000000e+00
3.072200000000000273e+02 5.600000000000000000e+01 2.200000000000000000e+01 0.000000000000000000e+00 0.000000000000000000e+00
3.140500000000000114e+02 5.600000000000000000e+01 2.200000000000000000e+01 0.000000000000000000e+00 0.000000000000000000e+00
3.187300000000000182e+02 6.000000000000000000e+01 2.400000000000000000e+01 0.000000000000000000e+00 0.000000000000000000e+00
3.222500000000000000e+02 5.400000000000000000e+01 3.900000000000000000e+01 1.000000000000000000e+00 0.000000000000000000e+00
3.249599999999999795e+02 5.400000000000000000e+01 2.100000000000000000e+01 0.000000000000000000e+00 0.000000000000000000e+00
3.263299999999999841e+02 1.000000000000000000e+00 7.100000000000000000e+01 0.000000000000000000e+00 0.000000000000000000e+00
3.265699999999999932e+02 7.300000000000000000e+01 7.500000000000000000e+01 0.000000000000000000e+00 0.000000000000000000e+00
3.266999999999999886e+02 5.100000000000000000e+01 2.300000000000000000e+01 0.000000000000000000e+00 0.000000000000000000e+00
3.304900000000000091e+02 5.800000000000000000e+01 2.100000000000000000e+01 0.000000000000000000e+00 0.000000000000000000e+00
3.313700000000000045e+02 5.900000000000000000e+01 2.800000000000000000e+01 1.000000000000000000e+00 0.000000000000000000e+00
3.328600000000000136e+02 5.400000000000000000e+01 2.300000000000000000e+01 1.000000000000000000e+00 0.000000000000000000e+00
3.350000000000000000e+02 5.300000000000000000e+01 2.900000000000000000e+01 1.000000000000000000e+00 0.000000000000000000e+00
3.410400000000000205e+02 5.500000000000000000e+01 2.800000000000000000e+01 1.000000000000000000e+00 0.000000000000000000e+00
3.428199999999999932e+02 5.200000000000000000e+01 2.200000000000000000e+01 0.000000000000000000e+00 0.000000000000000000e+00
3.445099999999999909e+02 5.600000000000000000e+01 2.500000000000000000e+01 1.000000000000000000e+00 0.000000000000000000e+00
3.447900000000000205e+02 5.300000000000000000e+01 2.100000000000000000e+01 0.000000000000000000e+00 0.000000000000000000e+00
3.457300000000000182e+02 5.600000000000000000e+01 2.700000000000000000e+01 0.000000000000000000e+00 0.000000000000000000e+00
3.469499999999999886e+02 5.600000000000000000e+01 3.000000000000000000e+01 1.000000000000000000e+00 0.000000000000000000e+00
3.514900000000000091e+02 6.100000000000000000e+01 3.700000000000000000e+01 1.000000000000000000e+00 0.000000000000000000e+00
3.526399999999999864e+02 5.800000000000000000e+01 2.700000000000000000e+01 1.000000000000000000e+00 0.000000000000000000e+00
3.526499999999999773e+02 5.800000000000000000e+01 2.700000000000000000e+01 1.000000000000000000e+00 0.000000000000000000e+00
3.541100000000000136e+02 5.400000000000000000e+01 2.500000000000000000e+01 1.000000000000000000e+00 0.000000000000000000e+00
3.583999999999999773e+02 2.600000000000000000e+01 4.500000000000000000e+01 0.000000000000000000e+00 0.000000000000000000e+00
3.587400000000000091e+02 5.500000000000000000e+01 3.000000000000000000e+01 1.000000000000000000e+00 0.000000000000000000e+00
3.587599999999999909e+02 5.500000000000000000e+01 3.000000000000000000e+01 1.000000000000000000e+00 0.000000000000000000e+00
3.613000000000000114e+02 5.200000000000000000e+01 3.000000000000000000e+01 1.000000000000000000e+00 0.000000000000000000e+00
3.675099999999999909e+02 5.600000000000000000e+01 2.000000000000000000e+00 1.000000000000000000e+00 0.000000000000000000e+00
3.675199999999999818e+02 5.600000000000000000e+01 2.000000000000000000e+00 1.000000000000000000e+00 0.000000000000000000e+00
3.685699999999999932e+02 5.000000000000000000e+01 3.700000000000000000e+01 1.000000000000000000e+00 0.000000000000000000e+00
3.685899999999999750e+02 5.000000000000000000e+01 3.700000000000000000e+01 1.000000000000000000e+00 0.000000000000000000e+00
3.697799999999999727e+02 5.800000000000000000e+01 2.900000000000000000e+01 1.000000000000000000e+00 0.000000000000000000e+00
3.703299999999999841e+02 6.000000000000000000e+01 2.600000000000000000e+01 1.000000000000000000e+00 0.000000000000000000e+00
3.706200000000000045e+02 5.600000000000000000e+01 1.700000000000000000e+01 1.000000000000000000e+00 0.000000000000000000e+00
3.728399999999999750e+02 6.000000000000000000e+01 2.900000000000000000e+01 1.000000000000000000e+00 0.000000000000000000e+00
3.748299999999999841e+02 5.500000000000000000e+01 3.100000000000000000e+01 1.000000000000000000e+00 0.000000000000000000e+00
3.748399999999999750e+02 5.500000000000000000e+01 3.100000000000000000e+01 1.000000000000000000e+00 0.000000000000000000e+00
3.751600000000000250e+02 5.300000000000000000e+01 2.100000000000000000e+01 0.000000000000000000e+00 0.000000000000000000e+00
3.755600000000000023e+02 5.900000000000000000e+01 2.200000000000000000e+01 0.000000000000000000e+00 0.000000000000000000e+00
3.758299999999999841e+02 5.100000000000000000e+01 2.700000000000000000e+01 1.000000000000000000e+00 0.000000000000000000e+00
3.794499999999999886e+02 5.200000000000000000e+01 2.200000000000000000e+01 0.000000000000000000e+00 0.000000000000000000e+00
3.816100000000000136e+02 5.700000000000000000e+01 2.100000000000000000e+01 0.000000000000000000e+00 0.000000000000000000e+00
3.838199999999999932e+02 5.100000000000000000e+01 2.400000000000000000e+01 0.000000000000000000e+00 0.000000000000000000e+00
3.845299999999999727e+02 5.400000000000000000e+01 3.000000000000000000e+01 1.000000000000000000e+00 0.000000000000000000e+00
3.879100000000000250e+02 5.600000000000000000e+01 2.000000000000000000e+01 0.000000000000000000e+00 0.000000000000000000e+00
3.893500000000000227e+02 5.500000000000000000e+01 2.200000000000000000e+01 0.000000000000000000e+00 0.000000000000000000e+00
3.915500000000000114e+02 5.900000000000000000e+01 2.600000000000000000e+01 1.000000000000000000e+00 0.000000000000000000e+00
3.972200000000000273e+02 5.200000000000000000e+01 2.200000000000000000e+01 0.000000000000000000e+00 0.000000000000000000e+00
3.978799999999999955e+02 5.600000000000000000e+01 1.200000000000000000e+01 1.000000000000000000e+00 0.000000000000000000e+00
3.986700000000000159e+02 5.600000000000000000e+01 1.000000000000000000e+00 1.000000000000000000e+00 0.000000000000000000e+00
4.022799999999999727e+02 4.900000000000000000e+01 4.300000000000000000e+01 1.000000000000000000e+00 0.000000000000000000e+00
4.027500000000000000e+02 5.700000000000000000e+01 2.500000000000000000e+01 1.000000000000000000e+00 0.000000000000000000e+00
4.028500000000000227e+02 5.300000000000000000e+01 2.900000000000000000e+01 1.000000000000000000e+00 0.000000000000000000e+00
4.029800000000000182e+02 5.300000000000000000e+01 2.600000000000000000e+01 1.000000000000000000e+00 0.000000000000000000e+00
4.033199999999999932e+02 5.500000000000000000e+01 2.600000000000000000e+01 0.000000000000000000e+00 0.000000000000000000e+00
4.096499999999999773e+02 5.600000000000000000e+01 1.800000000000000000e+01 1.000000000000000000e+00 0.000000000000000000e+00
4.105500000000000114e+02 5.500000000000000000e+01 3.500000000000000000e+01 1.000000000000000000e+00 0.000000000000000000e+00
4.120899999999999750e+02 5.300000000000000000e+01 2.100000000000000000e+01 0.000000000000000000e+00 0.000000000000000000e+00
4.131200000000000045e+02 5.700000000000000000e+01 2.100000000000000000e+01 0.000000000000000000e+00 0.000000000000000000e+00
4.136100000000000136e+02 5.300000000000000000e+01 2.700000000000000000e+01 1.000000000000000000e+00 0.000000000000000000e+00
4.136100000000000136e+02 5.900000000000000000e+01 3.100000000000000000e+01 1.000000000000000000e+00 0.000000000000000000e+00
4.205899999999999750e+02 5.600000000000000000e+01 8.000000000000000000e+00 1.000000000000000000e+00 0.000000000000000000e+00
4.274100000000000250e+02 5.600000000000000000e+01 8.000000000000000000e+00 1.000000000000000000e+00 0.000000000000000000e+00
4.292599999999999909e+02 5.800000000000000000e+01 2.100000000000000000e+01 0.000000000000000000e+00 0.000000000000000000e+00
4.341100000000000136e+02 5.900000000000000000e+01 2.700000000000000000e+01 1.000000000000000000e+00 0.000000000000000000e+00
4.352400000000000091e+02 5.200000000000000000e+01 2.800000000000000000e+01 1.000000000000000000e+00 0.000000000000000000e+00
4.360799999999999841e+02 5.100000000000000000e+01 2.300000000000000000e+01 0.000000000000000000e+00 0.000000000000000000e+00
4.373600000000000136e+02 5.200000000000000000e+01 2.500000000000000000e+01 0.000000000000000000e+00 0.000000000000000000e+00
4.380199999999999818e+02 5.500000000000000000e+01 2.000000000000000000e+01 0.000000000000000000e+00 0.000000000000000000e+00
4.389700000000000273e+02 5.900000000000000000e+01 2.800000000000000000e+01 1.000000000000000000e+00 0.000000000000000000e+00
4.390099999999999909e+02 5.900000000000000000e+01 2.400000000000000000e+01 0.000000000000000000e+00 0.000000000000000000e+00
4.405899999999999750e+02 5.500000000000000000e+01 3.300000000000000000e+01 1.000000000000000000e+00 0.000000000000000000e+00
4.509599999999999795e+02 5.200000000000000000e+01 2.200000000000000000e+01 0.000000000000000000e+00 0.000000000000000000e+00
4.554100000000000250e+02 5.200000000000000000e+01 2.500000000000000000e+01 0.000000000000000000e+00 0.000000000000000000e+00
4.561000000000000227e+02 5.600000000000000000e+01 5.000000000000000000e+00 1.000000000000000000e+00 0.000000000000000000e+00
4.561100000000000136e+02 5.600000000000000000e+01 5.000000000000000000e+00 1.000000000000000000e+00 0.000000000000000000e+00
4.565899999999999750e+02 5.800000000000000000e+01 2.500000000000000000e+01 1.000000000000000000e+00 0.000000000000000000e+00
4.573600000000000136e+02 5.100000000000000000e+01 2.700000000000000000e+01 1.000000000000000000e+00 0.000000000000000000e+00
4.641899999999999977e+02 5.100000000000000000e+01 2.700000000000000000e+01 1.000000000000000000e+00 0.000000000000000000e+00
4.651499999999999773e+02 5.900000000000000000e+01 2.200000000000000000e+01 0.000000000000000000e+00 0.000000000000000000e+00
4.653299999999999841e+02 5.500000000000000000e+01 2.500000000000000000e+01 1.000000000000000000e+00 0.000000000000000000e+00
4.713299999999999841e+02 5.400000000000000000e+01 2.500000000000000000e+01 1.000000000000000000e+00 0.000000000000000000e+00
4.730400000000000205e+02 5.600000000000000000e+01 6.000000000000000000e+00 1.000000000000000000e+00 0.000000000000000000e+00
4.744100000000000250e+02 5.100000000000000000e+01 2.800000000000000000e+01 1.000000000000000000e+00 0.000000000000000000e+00
4.746999999999999886e+02 5.900000000000000000e+01 3.500000000000000000e+01 1.000000000000000000e+00 0.000000000000000000e+00
4.754800000000000182e+02 5.500000000000000000e+01 2.000000000000000000e+01 0.000000000000000000e+00 0.000000000000000000e+00
4.758999999999999773e+02 5.400000000000000000e+01 2.800000000000000000e+01 1.000000000000000000e+00 0.000000000000000000e+00
4.768600000000000136e+02 5.100000000000000000e+01 2.200000000000000000e+01 0.000000000000000000e+00 0.000000000000000000e+00
4.769499999999999886e+02 6.000000000000000000e+01 2.700000000000000000e+01 1.000000000000000000e+00 0.000000000000000000e+00
4.769900000000000091e+02 5.200000000000000000e+01 2.700000000000000000e+01 1.000000000000000000e+00 0.000000000000000000e+00
4.770600000000000023e+02 6.000000000000000000e+01 2.400000000000000000e+01 0.000000000000000000e+00 0.000000000000000000e+00
4.771499999999999773e+02 5.400000000000000000e+01 2.900000000000000000e+01 1.000000000000000000e+00 0.000000000000000000e+00
4.773199999999999932e+02 5.500000000000000000e+01 2.900000000000000000e+01 1.000000000000000000e+00 0.000000000000000000e+00
4.778600000000000136e+02 5.500000000000000000e+01 2.600000000000000000e+01 0.000000000000000000e+00 0.000000000000000000e+00
4.809200000000000159e+02 5.100000000000000000e+01 2.600000000000000000e+01 1.000000000000000000e+00 0.000000000000000000e+00
4.824200000000000159e+02 5.300000000000000000e+01 2.100000000000000000e+01 0.000000000000000000e+00 0.000000000000000000e+00
4.826499999999999773e+02 6.100000000000000000e+01 3.100000000000000000e+01 1.000000000000000000e+00 0.000000000000000000e+00
4.894800000000000182e+02 6.100000000000000000e+01 3.100000000000000000e+01 1.000000000000000000e+00 0.000000000000000000e+00
4.898799999999999955e+02 5.700000000000000000e+01 3.000000000000000000e+01 1.000000000000000000e+00 0.000000000000000000e+00
4.899900000000000091e+02 5.600000000000000000e+01 0.000000000000000000e+00 1.000000000000000000e+00 0.000000000000000000e+00
4.916399999999999864e+02 5.600000000000000000e+01 2.100000000000000000e+01 0.000000000000000000e+00 0.000000000000000000e+00
4.942099999999999795e+02 5.000000000000000000e+01 4.100000000000000000e+01 1.000000000000000000e+00 0.000000000000000000e+00
4.954499999999999886e+02 5.800000000000000000e+01 3.000000000000000000e+01 1.000000000000000000e+00 0.000000000000000000e+00
4.961899999999999977e+02 5.600000000000000000e+01 2.000000000000000000e+01 0.000000000000000000e+00 0.000000000000000000e+00
4.996899999999999977e+02 5.700000000000000000e+01 2.000000000000000000e+01 0.000000000000000000e+00 0.000000000000000000e+00
5.021700000000000159e+02 5.500000000000000000e+01 2.000000000000000000e+01 0.000000000000000000e+00 0.000000000000000000e+00
5.052200000000000273e+02 6.600000000000000000e+01 3.100000000000000000e+01 1.000000000000000000e+00 0.000000000000000000e+00
5.060699999999999932e+02 5.600000000000000000e+01 2.800000000000000000e+01 1.000000000000000000e+00 0.000000000000000000e+00
5.062500000000000000e+02 5.300000000000000000e+01 2.600000000000000000e+01 0.000000000000000000e+00 0.000000000000000000e+00
5.071899999999999977e+02 5.500000000000000000e+01 2.700000000000000000e+01 1.000000000000000000e+00 0.000000000000000000e+00
5.090699999999999932e+02 5.400000000000000000e+01 2.000000000000000000e+01 0.000000000000000000e+00 0.000000000000000000e+00
5.128099999999999454e+02 5.200000000000000000e+01 2.800000000000000000e+01 1.000000000000000000e+00 0.000000000000000000e+00
5.135900000000000318e+02 5.200000000000000000e+01 2.300000000000000000e+01 0.000000000000000000e+00 0.000000000000000000e+00
5.164900000000000091e+02 5.500000000000000000e+01 2.100000000000000000e+01 1.000000000000000000e+00 0.000000000000000000e+00
5.201100000000000136e+02 5.800000000000000000e+01 2.100000000000000000e+01 0.000000000000000000e+00 0.000000000000000000e+00
5.201499999999999773e+02 5.100000000000000000e+01 2.300000000000000000e+01 0.000000000000000000e+00 0.000000000000000000e+00
5.269800000000000182e+02 5.100000000000000000e+01 2.300000000000000000e+01 0.000000000000000000e+00 0.000000000000000000e+00
5.271699999999999591e+02 5.700000000000000000e+01 2.100000000000000000e+01 0.000000000000000000e+00 0.000000000000000000e+00
5.331100000000000136e+02 5.300000000000000000e+01 2.900000000000000000e+01 1.000000000000000000e+00 0.000000000000000000e+00
5.331200000000000045e+02 5.300000000000000000e+01 2.900000000000000000e+01 1.000000000000000000e+00 0.000000000000000000e+00
5.397300000000000182e+02 5.400000000000000000e+01 2.000000000000000000e+01 0.000000000000000000e+00 0.000000000000000000e+00
5.437400000000000091e+02 5.600000000000000000e+01 1.000000000000000000e+01 1.000000000000000000e+00 0.000000000000000000e+00
5.453099999999999454e+02 5.500000000000000000e+01 2.500000000000000000e+01 1.000000000000000000e+00 0.000000000000000000e+00
5.487000000000000455e+02 6.000000000000000000e+01 2.600000000000000000e+01 1.000000000000000000e+00 0.000000000000000000e+00
5.487100000000000364e+02 6.000000000000000000e+01 2.600000000000000000e+01 1.000000000000000000e+00 0.000000000000000000e+00
5.558899999999999864e+02 2.400000000000000000e+01 6.400000000000000000e+01 0.000000000000000000e+00 0.000000000000000000e+00
5.565800000000000409e+02 5.600000000000000000e+01 2.000000000000000000e+01 0.000000000000000000e+00 0.000000000000000000e+00
5.596299999999999955e+02 5.600000000000000000e+01 9.000000000000000000e+00 1.000000000000000000e+00 0.000000000000000000e+00
5.606900000000000546e+02 5.400000000000000000e+01 2.500000000000000000e+01 0.000000000000000000e+00 0.000000000000000000e+00
5.613500000000000227e+02 5.600000000000000000e+01 3.000000000000000000e+00 1.000000000000000000e+00 0.000000000000000000e+00
5.680700000000000500e+02 5.500000000000000000e+01 2.200000000000000000e+01 0.000000000000000000e+00 0.000000000000000000e+00
5.684299999999999500e+02 5.200000000000000000e+01 2.100000000000000000e+01 0.000000000000000000e+00 0.000000000000000000e+00
5.684700000000000273e+02 5.700000000000000000e+01 2.900000000000000000e+01 1.000000000000000000e+00 0.000000000000000000e+00
5.722400000000000091e+02 5.200000000000000000e+01 2.500000000000000000e+01 0.000000000000000000e+00 0.000000000000000000e+00
5.722699999999999818e+02 5.400000000000000000e+01 2.000000000000000000e+01 0.000000000000000000e+00 0.000000000000000000e+00
5.732400000000000091e+02 6.400000000000000000e+01 3.700000000000000000e+01 1.000000000000000000e+00 0.000000000000000000e+00
5.732500000000000000e+02 6.400000000000000000e+01 3.700000000000000000e+01 1.000000000000000000e+00 0.000000000000000000e+00
5.760700000000000500e+02 5.800000000000000000e+01 2.900000000000000000e+01 1.000000000000000000e+00 0.000000000000000000e+00
5.784700000000000273e+02 5.700000000000000000e+01 2.000000000000000000e+01 0.000000000000000000e+00 0.000000000000000000e+00
5.841900000000000546e+02 5.600000000000000000e+01 2.000000000000000000e+01 0.000000000000000000e+00 0.000000000000000000e+00
5.843500000000000227e+02 5.500000000000000000e+01 3.000000000000000000e+01 1.000000000000000000e+00 0.000000000000000000e+00
5.894900000000000091e+02 5.100000000000000000e+01 2.400000000000000000e+01 0.000000000000000000e+00 0.000000000000000000e+00
5.932999999999999545e+02 4.600000000000000000e+01 3.100000000000000000e+01 1.000000000000000000e+00 0.000000000000000000e+00
5.948999999999999773e+02 5.800000000000000000e+01 2.700000000000000000e+01 0.000000000000000000e+00 0.000000000000000000e+00
5.957699999999999818e+02 4.600000000000000000e+01 3.300000000000000000e+01 1.000000000000000000e+00 0.000000000000000000e+00
6.012599999999999909e+02 5.600000000000000000e+01 2.900000000000000000e+01 1.000000000000000000e+00 0.000000000000000000e+00
6.012699999999999818e+02 5.600000000000000000e+01 2.900000000000000000e+01 1.000000000000000000e+00 0.000000000000000000e+00
6.052300000000000182e+02 5.900000000000000000e+01 2.800000000000000000e+01 1.000000000000000000e+00 0.000000000000000000e+00
6.064600000000000364e+02 6.000000000000000000e+01 2.500000000000000000e+01 1.000000000000000000e+00 0.000000000000000000e+00
6.064700000000000273e+02 6.000000000000000000e+01 2.500000000000000000e+01 1.000000000000000000e+00 0.000000000000000000e+00
6.080299999999999727e+02 5.400000000000000000e+01 2.900000000000000000e+01 1.000000000000000000e+00 0.000000000000000000e+00
6.111499999999999773e+02 5.400000000000000000e+01 2.000000000000000000e+01 0.000000000000000000e+00 0.000000000000000000e+00
6.121299999999999955e+02 5.500000000000000000e+01 2.000000000000000000e+01 0.000000000000000000e+00 0.000000000000000000e+00
6.155800000000000409e+02 5.200000000000000000e+01 2.800000000000000000e+01 1.000000000000000000e+00 0.000000000000000000e+00
6.156200000000000045e+02 5.800000000000000000e+01 2.100000000000000000e+01 0.000000000000000000e+00 0.000000000000000000e+00
6.164400000000000546e+02 5.100000000000000000e+01 2.300000000000000000e+01 0.000000000000000000e+00 0.000000000000000000e+00
6.232699999999999818e+02 5.100000000000000000e+01 2.300000000000000000e+01 0.000000000000000000e+00 0.000000000000000000e+00
6.239700000000000273e+02 5.300000000000000000e+01 2.500000000000000000e+01 1.000000000000000000e+00 0.000000000000000000e+00
6.241599999999999682e+02 5.200000000000000000e+01 2.100000000000000000e+01 0.000000000000000000e+00 0.000000000000000000e+00
6.309800000000000182e+02 5.200000000000000000e+01 2.100000000000000000e+01 0.000000000000000000e+00 0.000000000000000000e+00
6.343500000000000227e+02 5.600000000000000000e+01 2.500000000000000000e+01 1.000000000000000000e+00 0.000000000000000000e+00
6.382899999999999636e+02 5.700000000000000000e+01 2.000000000000000000e+01 0.000000000000000000e+00 0.000000000000000000e+00
6.393700000000000045e+02 5.100000000000000000e+01 2.700000000000000000e+01 1.000000000000000000e+00 0.000000000000000000e+00
6.424600000000000364e+02 5.500000000000000000e+01 2.500000000000000000e+01 1.000000000000000000e+00 0.000000000000000000e+00
6.465000000000000000e+02 6.300000000000000000e+01 4.600000000000000000e+01 1.000000000000000000e+00 0.000000000000000000e+00
6.533200000000000500e+02 6.300000000000000000e+01 4.600000000000000000e+01 1.000000000000000000e+00 0.000000000000000000e+00
6.539900000000000091e+02 5.300000000000000000e+01 2.100000000000000000e+01 0.000000000000000000e+00 0.000000000000000000e+00
6.576399999999999864e+02 5.500000000000000000e+01 2.900000000000000000e+01 1.000000000000000000e+00 0.000000000000000000e+00
6.601399999999999864e+02 5.200000000000000000e+01 2.100000000000000000e+01 0.000000000000000000e+00 0.000000000000000000e+00
6.611599999999999682e+02 5.400000000000000000e+01 2.500000000000000000e+01 0.000000000000000000e+00 0.000000000000000000e+00
6.634099999999999682e+02 5.200000000000000000e+01 2.200000000000000000e+01 0.000000000000000000e+00 0.000000000000000000e+00
6.638799999999999955e+02 5.700000000000000000e+01 2.800000000000000000e+01 1.000000000000000000e+00 0.000000000000000000e+00
6.650199999999999818e+02 5.300000000000000000e+01 2.000000000000000000e+01 0.000000000000000000e+00 0.000000000000000000e+00
6.668999999999999773e+02 5.100000000000000000e+01 2.200000000000000000e+01 0.000000000000000000e+00 0.000000000000000000e+00
6.688099999999999454e+02 4.800000000000000000e+01 3.100000000000000000e+01 1.000000000000000000e+00 0.000000000000000000e+00
6.688700000000000045e+02 5.500000000000000000e+01 1.900000000000000000e+01 0.000000000000000000e+00 0.000000000000000000e+00
6.819900000000000091e+02 5.400000000000000000e+01 2.700000000000000000e+01 1.000000000000000000e+00 0.000000000000000000e+00
6.851399999999999864e+02 5.800000000000000000e+01 2.500000000000000000e+01 1.000000000000000000e+00 0.000000000000000000e+00
6.851599999999999682e+02 5.800000000000000000e+01 2.500000000000000000e+01 1.000000000000000000e+00 0.000000000000000000e+00
6.857100000000000364e+02 5.600000000000000000e+01 7.000000000000000000e+00 1.000000000000000000e+00 0.000000000000000000e+00
6.912300000000000182e+02 5.400000000000000000e+01 2.900000000000000000e+01 1.000000000000000000e+00 0.000000000000000000e+00
6.948999999999999773e+02 5.600000000000000000e+01 2.600000000000000000e+01 0.000000000000000000e+00 0.000000000000000000e+00
6.950299999999999727e+02 5.700000000000000000e+01 2.900000000000000000e+01 1.000000000000000000e+00 0.000000000000000000e+00
7.018600000000000136e+02 5.700000000000000000e+01 2.900000000000000000e+01 1.000000000000000000e+00 0.000000000000000000e+00
7.062699999999999818e+02 5.600000000000000000e+01 1.600000000000000000e+01 1.000000000000000000e+00 0.000000000000000000e+00
7.107400000000000091e+02 5.400000000000000000e+01 2.500000000000000000e+01 0.000000000000000000e+00 0.000000000000000000e+00
7.112300000000000182e+02 5.800000000000000000e+01 2.800000000000000000e+01 1.000000000000000000e+00 0.000000000000000000e+00
7.112500000000000000e+02 5.800000000000000000e+01 2.800000000000000000e+01 1.000000000000000000e+00 0.000000000000000000e+00
7.121000000000000227e+02 5.200000000000000000e+01 2.100000000000000000e+01 0.000000000000000000e+00 0.000000000000000000e+00
7.139199999999999591e+02 5.300000000000000000e+01 2.900000000000000000e+01 1.000000000000000000e+00 0.000000000000000000e+00
7.141699999999999591e+02 5.300000000000000000e+01 2.800000000000000000e+01 1.000000000000000000e+00 0.000000000000000000e+00
7.178099999999999454e+02 5.900000000000000000e+01 2.200000000000000000e+01 0.000000000000000000e+00 0.000000000000000000e+00
7.188300000000000409e+02 5.600000000000000000e+01 2.400000000000000000e+01 1.000000000000000000e+00 0.000000000000000000e+00
7.198799999999999955e+02 5.400000000000000000e+01 2.000000000000000000e+01 0.000000000000000000e+00 0.000000000000000000e+00
7.233799999999999955e+02 5.600000000000000000e+01 4.000000000000000000e+00 1.000000000000000000e+00 0.000000000000000000e+00
7.248999999999999773e+02 5.200000000000000000e+01 2.900000000000000000e+01 1.000000000000000000e+00 0.000000000000000000e+00
7.281299999999999955e+02 2.500000000000000000e+01 2.600000000000000000e+01 0.000000000000000000e+00 0.000000000000000000e+00
7.320299999999999727e+02 5.100000000000000000e+01 2.600000000000000000e+01 1.000000000000000000e+00 0.000000000000000000e+00
7.346599999999999682e+02 5.600000000000000000e+01 2.900000000000000000e+01 1.000000000000000000e+00 0.000000000000000000e+00
7.399400000000000546e+02 5.500000000000000000e+01 1.900000000000000000e+01 0.000000000000000000e+00 0.000000000000000000e+00
7.467699999999999818e+02 5.500000000000000000e+01 1.900000000000000000e+01 0.000000000000000000e+00 0.000000000000000000e+00
7.491100000000000136e+02 5.300000000000000000e+01 2.000000000000000000e+01 0.000000000000000000e+00 0.000000000000000000e+00
7.495299999999999727e+02 5.900000000000000000e+01 2.100000000000000000e+01 0.000000000000000000e+00 0.000000000000000000e+00
7.507400000000000091e+02 5.200000000000000000e+01 2.200000000000000000e+01 0.000000000000000000e+00 0.000000000000000000e+00
7.541499999999999773e+02 5.100000000000000000e+01 2.200000000000000000e+01 0.000000000000000000e+00 0.000000000000000000e+00
7.556000000000000227e+02 5.400000000000000000e+01 2.400000000000000000e+01 1.000000000000000000e+00 0.000000000000000000e+00
7.566000000000000227e+02 6.000000000000000000e+01 3.400000000000000000e+01 1.000000000000000000e+00 0.000000000000000000e+00
7.572200000000000273e+02 5.600000000000000000e+01 2.000000000000000000e+00 1.000000000000000000e+00 0.000000000000000000e+00
7.661200000000000045e+02 6.000000000000000000e+01 2.500000000000000000e+01 1.000000000000000000e+00 0.000000000000000000e+00
7.661299999999999955e+02 6.000000000000000000e+01 2.500000000000000000e+01 1.000000000000000000e+00 0.000000000000000000e+00
7.710399999999999636e+02 5.300000000000000000e+01 2.200000000000000000e+01 0.000000000000000000e+00 0.000000000000000000e+00
7.778700000000000045e+02 5.300000000000000000e+01 2.200000000000000000e+01 0.000000000000000000e+00 0.000000000000000000e+00
7.778899999999999864e+02 5.200000000000000000e+01 2.100000000000000000e+01 0.000000000000000000e+00 0.000000000000000000e+00
7.787000000000000455e+02 4.800000000000000000e+01 4.300000000000000000e+01 1.000000000000000000e+00 0.000000000000000000e+00
7.787200000000000273e+02 4.800000000000000000e+01 4.300000000000000000e+01 1.000000000000000000e+00 0.000000000000000000e+00
7.950000000000000000e+02 5.500000000000000000e+01 2.900000000000000000e+01 1.000000000000000000e+00 0.000000000000000000e+00
7.992400000000000091e+02 5.700000000000000000e+01 2.000000000000000000e+01 0.000000000000000000e+00 0.000000000000000000e+00
8.039400000000000546e+02 5.900000000000000000e+01 2.700000000000000000e+01 1.000000000000000000e+00 0.000000000000000000e+00
8.107599999999999909e+02 5.900000000000000000e+01 2.700000000000000000e+01 1.000000000000000000e+00 0.000000000000000000e+00
8.107899999999999636e+02 2.600000000000000000e+01 4.500000000000000000e+01 0.000000000000000000e+00 0.000000000000000000e+00
8.114800000000000182e+02 5.800000000000000000e+01 2.000000000000000000e+01 0.000000000000000000e+00 0.000000000000000000e+00
8.183099999999999454e+02 5.800000000000000000e+01 2.000000000000000000e+01 0.000000000000000000e+00 0.000000000000000000e+00
8.251399999999999864e+02 5.800000000000000000e+01 2.000000000000000000e+01 0.000000000000000000e+00 0.000000000000000000e+00
8.270900000000000318e+02 5.800000000000000000e+01 2.600000000000000000e+01 1.000000000000000000e+00 0.000000000000000000e+00
8.291399999999999864e+02 5.100000000000000000e+01 2.300000000000000000e+01 0.000000000000000000e+00 0.000000000000000000e+00
8.341299999999999955e+02 5.300000000000000000e+01 2.000000000000000000e+01 0.000000000000000000e+00 0.000000000000000000e+00
8.364700000000000273e+02 2.500000000000000000e+01 4.600000000000000000e+01 0.000000000000000000e+00 0.000000000000000000e+00
8.376299999999999955e+02 5.600000000000000000e+01 2.000000000000000000e+01 0.000000000000000000e+00 0.000000000000000000e+00
8.389600000000000364e+02 5.200000000000000000e+01 2.800000000000000000e+01 1.000000000000000000e+00 0.000000000000000000e+00
8.403999999999999773e+02 5.400000000000000000e+01 2.000000000000000000e+01 0.000000000000000000e+00 0.000000000000000000e+00
8.404600000000000364e+02 5.500000000000000000e+01 2.100000000000000000e+01 0.000000000000000000e+00 0.000000000000000000e+00
8.447599999999999909e+02 5.700000000000000000e+01 2.400000000000000000e+01 1.000000000000000000e+00 0.000000000000000000e+00
8.483200000000000500e+02 5.500000000000000000e+01 1.900000000000000000e+01 0.000000000000000000e+00 0.000000000000000000e+00
8.551399999999999864e+02 5.500000000000000000e+01 1.900000000000000000e+01 0.000000000000000000e+00 0.000000000000000000e+00
8.559700000000000273e+02 5.900000000000000000e+01 2.500000000000000000e+01 1.000000000000000000e+00 0.000000000000000000e+00
8.584800000000000182e+02 5.400000000000000000e+01 2.800000000000000000e+01 1.000000000000000000e+00 0.000000000000000000e+00
8.614199999999999591e+02 5.300000000000000000e+01 2.000000000000000000e+01 0.000000000000000000e+00 0.000000000000000000e+00
8.682500000000000000e+02 5.300000000000000000e+01 2.000000000000000000e+01 0.000000000000000000e+00 0.000000000000000000e+00
8.686499999999999773e+02 7.200000000000000000e+01 7.500000000000000000e+01 0.000000000000000000e+00 0.000000000000000000e+00
8.754800000000000182e+02 7.200000000000000000e+01 7.500000000000000000e+01 0.000000000000000000e+00 0.000000000000000000e+00
8.795399999999999636e+02 5.300000000000000000e+01 2.800000000000000000e+01 1.000000000000000000e+00 0.000000000000000000e+00
8.820499999999999545e+02 5.200000000000000000e+01 2.100000000000000000e+01 0.000000000000000000e+00 0.000000000000000000e+00
8.887300000000000182e+02 5.400000000000000000e+01 2.400000000000000000e+01 1.000000000000000000e+00 0.000000000000000000e+00
8.900800000000000409e+02 5.500000000000000000e+01 2.500000000000000000e+01 0.000000000000000000e+00 0.000000000000000000e+00
8.917400000000000091e+02 5.800000000000000000e+01 2.800000000000000000e+01 1.000000000000000000e+00 0.000000000000000000e+00
8.920099999999999909e+02 5.900000000000000000e+01 2.100000000000000000e+01 0.000000000000000000e+00 0.000000000000000000e+00
8.947799999999999727e+02 5.600000000000000000e+01 1.900000000000000000e+01 0.000000000000000000e+00 0.000000000000000000e+00
9.003799999999999955e+02 5.600000000000000000e+01 3.000000000000000000e+01 1.000000000000000000e+00 0.000000000000000000e+00
9.023400000000000318e+02 5.600000000000000000e+01 2.700000000000000000e+01 1.000000000000000000e+00 0.000000000000000000e+00
9.034800000000000182e+02 5.700000000000000000e+01 2.000000000000000000e+01 0.000000000000000000e+00 0.000000000000000000e+00
9.041699999999999591e+02 5.400000000000000000e+01 2.900000000000000000e+01 1.000000000000000000e+00 0.000000000000000000e+00
9.103200000000000500e+02 5.200000000000000000e+01 2.700000000000000000e+01 1.000000000000000000e+00 0.000000000000000000e+00
9.122300000000000182e+02 5.100000000000000000e+01 2.200000000000000000e+01 0.000000000000000000e+00 0.000000000000000000e+00
9.151699999999999591e+02 5.600000000000000000e+01 2.100000000000000000e+01 0.000000000000000000e+00 0.000000000000000000e+00
9.291799999999999500e+02 5.200000000000000000e+01 2.600000000000000000e+01 1.000000000000000000e+00 0.000000000000000000e+00
9.317200000000000273e+02 5.500000000000000000e+01 1.900000000000000000e+01 0.000000000000000000e+00 0.000000000000000000e+00
9.362699999999999818e+02 5.300000000000000000e+01 2.400000000000000000e+01 1.000000000000000000e+00 0.000000000000000000e+00
9.431000000000000227e+02 5.300000000000000000e+01 2.400000000000000000e+01 1.000000000000000000e+00 0.000000000000000000e+00
9.569700000000000273e+02 5.500000000000000000e+01 4.000000000000000000e+01 1.000000000000000000e+00 0.000000000000000000e+00
9.591900000000000546e+02 5.300000000000000000e+01 2.000000000000000000e+01 0.000000000000000000e+00 0.000000000000000000e+00
9.617699999999999818e+02 5.500000000000000000e+01 2.100000000000000000e+01 0.000000000000000000e+00 0.000000000000000000e+00
9.756699999999999591e+02 5.400000000000000000e+01 1.900000000000000000e+01 0.000000000000000000e+00 0.000000000000000000e+00
9.803799999999999955e+02 5.100000000000000000e+01 2.200000000000000000e+01 0.000000000000000000e+00 0.000000000000000000e+00
9.815700000000000500e+02 5.500000000000000000e+01 1.700000000000000000e+01 0.000000000000000000e+00 0.000000000000000000e+00
9.883899999999999864e+02 5.500000000000000000e+01 1.700000000000000000e+01 0.000000000000000000e+00 0.000000000000000000e+00
9.952200000000000273e+02 5.500000000000000000e+01 1.700000000000000000e+01 0.000000000000000000e+00 0.000000000000000000e+00
