1.719999999999999973e+00 5.500000000000000000e+01 1.700000000000000000e+01 0.000000000000000000e+00 0.000000000000000000e+00
5.980000000000000426e+00 5.500000000000000000e+01 2.700000000000000000e+01 1.000000000000000000e+00 0.000000000000000000e+00
1.084999999999999964e+01 5.600000000000000000e+01 2.900000000000000000e+01 1.000000000000000000e+00 0.000000000000000000e+00
1.687000000000000099e+01 5.500000000000000000e+01 1.900000000000000000e+01 0.000000000000000000e+00 0.000000000000000000e+00
2.369999999999999929e+01 5.500000000000000000e+01 1.900000000000000000e+01 0.000000000000000000e+00 0.000000000000000000e+00
2.976999999999999957e+01 5.600000000000000000e+01 1.000000000000000000e+00 1.000000000000000000e+00 0.000000000000000000e+00
3.096999999999999886e+01 5.600000000000000000e+01 2.800000000000000000e+01 1.000000000000000000e+00 0.000000000000000000e+00
3.153999999999999915e+01 5.300000000000000000e+01 2.000000000000000000e+01 0.000000000000000000e+00 0.000000000000000000e+00
3.561999999999999744e+01 5.200000000000000000e+01 2.000000000000000000e+01 0.000000000000000000e+00 0.000000000000000000e+00
3.814000000000000057e+01 5.600000000000000000e+01 0.000000000000000000e+00 1.000000000000000000e+00 0.000000000000000000e+00
4.496999999999999886e+01 5.600000000000000000e+01 0.000000000000000000e+00 1.000000000000000000e+00 0.000000000000000000e+00
5.178999999999999915e+01 5.600000000000000000e+01 0.000000000000000000e+00 1.000000000000000000e+00 0.000000000000000000e+00
5.721999999999999886e+01 5.900000000000000000e+01 2.100000000000000000e+01 0.000000000000000000e+00 0.000000000000000000e+00
5.739000000000000057e+01 6.000000000000000000e+01 2.600000000000000000e+01 1.000000000000000000e+00 0.000000000000000000e+00
5.739999999999999858e+01 6.000000000000000000e+01 2.600000000000000000e+01 1.000000000000000000e+00 0.000000000000000000e+00
6.179999999999999716e+01 5.200000000000000000e+01 2.700000000000000000e+01 1.000000000000000000e+00 0.000000000000000000e+00
6.862999999999999545e+01 5.200000000000000000e+01 2.700000000000000000e+01 1.000000000000000000e+00 0.000000000000000000e+00
7.545000000000000284e+01 5.200000000000000000e+01 2.700000000000000000e+01 1.000000000000000000e+00 0.000000000000000000e+00
7.645999999999999375e+01 5.500000000000000000e+01 1.900000000000000000e+01 0.000000000000000000e+00 0.000000000000000000e+00
7.648000000000000398e+01 5.300000000000000000e+01 2.100000000000000000e+01 0.000000000000000000e+00 0.000000000000000000e+00
8.576999999999999602e+01 5.100000000000000000e+01 2.600000000000000000e+01 1.000000000000000000e+00 0.000000000000000000e+00
8.668999999999999773e+01 5.100000000000000000e+01 2.300000000000000000e+01 0.000000000000000000e+00 0.000000000000000000e+00
8.889000000000000057e+01 5.500000000000000000e+01 1.800000000000000000e+01 0.000000000000000000e+00 0.000000000000000000e+00
9.368000000000000682e+01 5.400000000000000000e+01 1.900000000000000000e+01 0.000000000000000000e+00 0.000000000000000000e+00
9.390999999999999659e+01 5.700000000000000000e+01 2.800000000000000000e+01 1.000000000000000000e+00 0.000000000000000000e+00
9.392000000000000171e+01 5.700000000000000000e+01 2.800000000000000000e+01 1.000000000000000000e+00 0.000000000000000000e+00
9.401999999999999602e+01 5.500000000000000000e+01 2.500000000000000000e+01 0.000000000000000000e+00 0.000000000000000000e+00
9.756000000000000227e+01 5.600000000000000000e+01 1.900000000000000000e+01 0.000000000000000000e+00 0.000000000000000000e+00
9.912000000000000455e+01 5.500000000000000000e+01 2.400000000000000000e+01 1.000000000000000000e+00 0.000000000000000000e+00
1.265799999999999983e+02 5.500000000000000000e+01 2.800000000000000000e+01 1.000000000000000000e+00 0.000000000000000000e+00
1.272000000000000028e+02 5.300000000000000000e+01 2.800000000000000000e+01 1.000000000000000000e+00 0.000000000000000000e+00
1.377100000000000080e+02 6.000000000000000000e+01 2.500000000000000000e+01 1.000000000000000000e+00 0.000000000000000000e+00
1.445300000000000011e+02 6.000000000000000000e+01 2.500000000000000000e+01 1.000000000000000000e+00 0.000000000000000000e+00
1.478400000000000034e+02 5.200000000000000000e+01 2.200000000000000000e+01 0.000000000000000000e+00 0.000000000000000000e+00
1.546699999999999875e+02 5.200000000000000000e+01 2.200000000000000000e+01 0.000000000000000000e+00 0.000000000000000000e+00
1.581699999999999875e+02 5.900000000000000000e+01 2.700000000000000000e+01 1.000000000000000000e+00 0.000000000000000000e+00
1.581800000000000068e+02 5.900000000000000000e+01 2.700000000000000000e+01 1.000000000000000000e+00 0.000000000000000000e+00
1.602299999999999898e+02 5.200000000000000000e+01 2.100000000000000000e+01 0.000000000000000000e+00 0.000000000000000000e+00
1.670600000000000023e+02 5.200000000000000000e+01 2.100000000000000000e+01 0.000000000000000000e+00 0.000000000000000000e+00
1.722599999999999909e+02 5.600000000000000000e+01 2.400000000000000000e+01 1.000000000000000000e+00 0.000000000000000000e+00
1.790900000000000034e+02 5.600000000000000000e+01 2.400000000000000000e+01 1.000000000000000000e+00 0.000000000000000000e+00
1.821399999999999864e+02 5.700000000000000000e+01 2.400000000000000000e+01 1.000000000000000000e+00 0.000000000000000000e+00
1.959499999999999886e+02 5.400000000000000000e+01 1.900000000000000000e+01 0.000000000000000000e+00 0.000000000000000000e+00
1.985200000000000102e+02 6.400000000000000000e+01 3.400000000000000000e+01 1.000000000000000000e+00 0.000000000000000000e+00
1.985300000000000011e+02 5.300000000000000000e+01 3.200000000000000000e+01 1.000000000000000000e+00 0.000000000000000000e+00
2.074399999999999977e+02 5.500000000000000000e+01 1.600000000000000000e+01 0.000000000000000000e+00 0.000000000000000000e+00
2.075999999999999943e+02 5.500000000000000000e+01 1.900000000000000000e+01 0.000000000000000000e+00 0.000000000000000000e+00
2.125399999999999920e+02 5.500000000000000000e+01 2.100000000000000000e+01 0.000000000000000000e+00 0.000000000000000000e+00
2.130300000000000011e+02 5.500000000000000000e+01 1.700000000000000000e+01 0.000000000000000000e+00 0.000000000000000000e+00
2.304099999999999966e+02 5.900000000000000000e+01 2.600000000000000000e+01 1.000000000000000000e+00 0.000000000000000000e+00
2.304199999999999875e+02 5.900000000000000000e+01 2.600000000000000000e+01 1.000000000000000000e+00 0.000000000000000000e+00
2.355699999999999932e+02 5.100000000000000000e+01 2.200000000000000000e+01 0.000000000000000000e+00 0.000000000000000000e+00
2.365000000000000000e+02 5.000000000000000000e+01 3.800000000000000000e+01 1.000000000000000000e+00 0.000000000000000000e+00
2.365099999999999909e+02 5.000000000000000000e+01 3.800000000000000000e+01 1.000000000000000000e+00 0.000000000000000000e+00
2.573899999999999864e+02 5.800000000000000000e+01 2.000000000000000000e+01 0.000000000000000000e+00 0.000000000000000000e+00
2.610400000000000205e+02 5.200000000000000000e+01 2.000000000000000000e+01 0.000000000000000000e+00 0.000000000000000000e+00
2.668000000000000114e+02 5.400000000000000000e+01 2.300000000000000000e+01 0.000000000000000000e+00 0.000000000000000000e+00
2.736299999999999955e+02 5.400000000000000000e+01 2.300000000000000000e+01 0.000000000000000000e+00 0.000000000000000000e+00
2.804599999999999795e+02 5.400000000000000000e+01 2.300000000000000000e+01 0.000000000000000000e+00 0.000000000000000000e+00
2.863299999999999841e+02 5.500000000000000000e+01 1.800000000000000000e+01 0.000000000000000000e+00 0.000000000000000000e+00
3.041999999999999886e+02 5.100000000000000000e+01 2.200000000000000000e+01 0.000000000000000000e+00 0.000000000000000000e+00
3.061700000000000159e+02 5.300000000000000000e+01 2.000000000000000000e+01 0.000000000000000000e+00 0.000000000000000000e+00
3.063999999999999773e+02 5.400000000000000000e+01 1.900000000000000000e+01 0.000000000000000000e+00 0.000000000000000000e+00
3.063999999999999773e+02 7.000000000000000000e+01 4.200000000000000000e+01 1.000000000000000000e+00 0.000000000000000000e+00
3.132099999999999795e+02 5.500000000000000000e+01 1.300000000000000000e+01 0.000000000000000000e+00 0.000000000000000000e+00
3.141399999999999864e+02 5.600000000000000000e+01 2.000000000000000000e+01 0.000000000000000000e+00 0.000000000000000000e+00
3.209599999999999795e+02 5.600000000000000000e+01 2.000000000000000000e+01 0.000000000000000000e+00 0.000000000000000000e+00
3.277900000000000205e+02 5.600000000000000000e+01 2.000000000000000000e+01 0.000000000000000000e+00 0.000000000000000000e+00
3.325099999999999909e+02 9.000000000000000000e+00 3.600000000000000000e+01 0.000000000000000000e+00 0.000000000000000000e+00
3.393399999999999750e+02 9.000000000000000000e+00 3.600000000000000000e+01 0.000000000000000000e+00 0.000000000000000000e+00
3.415099999999999909e+02 5.100000000000000000e+01 2.100000000000000000e+01 0.000000000000000000e+00 0.000000000000000000e+00
3.477300000000000182e+02 5.500000000000000000e+01 1.100000000000000000e+01 0.000000000000000000e+00 0.000000000000000000e+00
3.545600000000000023e+02 5.500000000000000000e+01 1.100000000000000000e+01 0.000000000000000000e+00 0.000000000000000000e+00
3.573100000000000023e+02 5.700000000000000000e+01 2.500000000000000000e+01 1.000000000000000000e+00 0.000000000000000000e+00
3.602400000000000091e+02 5.000000000000000000e+01 4.300000000000000000e+01 1.000000000000000000e+00 0.000000000000000000e+00
3.719599999999999795e+02 5.600000000000000000e+01 3.000000000000000000e+00 1.000000000000000000e+00 0.000000000000000000e+00
3.773799999999999955e+02 6.300000000000000000e+01 3.800000000000000000e+01 1.000000000000000000e+00 0.000000000000000000e+00
3.773999999999999773e+02 6.300000000000000000e+01 3.800000000000000000e+01 1.000000000000000000e+00 0.000000000000000000e+00
3.775099999999999909e+02 5.500000000000000000e+01 2.900000000000000000e+01 1.000000000000000000e+00 0.000000000000000000e+00
3.803000000000000114e+02 5.500000000000000000e+01 1.000000000000000000e+01 0.000000000000000000e+00 0.000000000000000000e+00
3.847200000000000273e+02 5.900000000000000000e+01 2.900000000000000000e+01 1.000000000000000000e+00 0.000000000000000000e+00
3.921000000000000227e+02 5.800000000000000000e+01 2.000000000000000000e+01 0.000000000000000000e+00 0.000000000000000000e+00
3.937099999999999795e+02 4.400000000000000000e+01 2.500000000000000000e+01 1.000000000000000000e+00 0.000000000000000000e+00
4.050899999999999750e+02 5.500000000000000000e+01 1.500000000000000000e+01 0.000000000000000000e+00 0.000000000000000000e+00
4.064700000000000273e+02 5.200000000000000000e+01 2.100000000000000000e+01 0.000000000000000000e+00 0.000000000000000000e+00
4.088999999999999773e+02 5.200000000000000000e+01 2.000000000000000000e+01 0.000000000000000000e+00 0.000000000000000000e+00
4.093299999999999841e+02 5.600000000000000000e+01 1.900000000000000000e+01 0.000000000000000000e+00 0.000000000000000000e+00
4.161600000000000250e+02 5.600000000000000000e+01 1.900000000000000000e+01 0.000000000000000000e+00 0.000000000000000000e+00
4.196299999999999955e+02 5.500000000000000000e+01 1.700000000000000000e+01 0.000000000000000000e+00 0.000000000000000000e+00
4.264499999999999886e+02 5.500000000000000000e+01 1.700000000000000000e+01 0.000000000000000000e+00 0.000000000000000000e+00
4.274499999999999886e+02 5.500000000000000000e+01 1.200000000000000000e+01 0.000000000000000000e+00 0.000000000000000000e+00
4.331399999999999864e+02 5.500000000000000000e+01 1.400000000000000000e+01 0.000000000000000000e+00 0.000000000000000000e+00
4.399700000000000273e+02 5.500000000000000000e+01 1.400000000000000000e+01 0.000000000000000000e+00 0.000000000000000000e+00
4.468000000000000114e+02 5.500000000000000000e+01 1.400000000000000000e+01 0.000000000000000000e+00 0.000000000000000000e+00
4.530400000000000205e+02 5.500000000000000000e+01 8.000000000000000000e+00 0.000000000000000000e+00 0.000000000000000000e+00
4.980000000000000000e+02 5.500000000000000000e+01 9.000000000000000000e+00 0.000000000000000000e+00 0.000000000000000000e+00
4.981499999999999773e+02 5.500000000000000000e+01 1.100000000000000000e+01 0.000000000000000000e+00 0.000000000000000000e+00
5.129700000000000273e+02 5.400000000000000000e+01 2.800000000000000000e+01 1.000000000000000000e+00 0.000000000000000000e+00
5.197899999999999636e+02 5.400000000000000000e+01 2.800000000000000000e+01 1.000000000000000000e+00 0.000000000000000000e+00
5.200399999999999636e+02 5.500000000000000000e+01 1.600000000000000000e+01 0.000000000000000000e+00 0.000000000000000000e+00
5.268700000000000045e+02 5.500000000000000000e+01 1.600000000000000000e+01 0.000000000000000000e+00 0.000000000000000000e+00
5.336900000000000546e+02 5.500000000000000000e+01 1.600000000000000000e+01 0.000000000000000000e+00 0.000000000000000000e+00
5.392000000000000455e+02 4.100000000000000000e+01 3.200000000000000000e+01 1.000000000000000000e+00 0.000000000000000000e+00
5.392100000000000364e+02 4.100000000000000000e+01 3.200000000000000000e+01 1.000000000000000000e+00 0.000000000000000000e+00
5.460299999999999727e+02 4.100000000000000000e+01 3.200000000000000000e+01 1.000000000000000000e+00 0.000000000000000000e+00
5.464099999999999682e+02 4.100000000000000000e+01 3.400000000000000000e+01 1.000000000000000000e+00 0.000000000000000000e+00
5.571399999999999864e+02 5.500000000000000000e+01 1.800000000000000000e+01 0.000000000000000000e+00 0.000000000000000000e+00
5.639600000000000364e+02 5.500000000000000000e+01 1.800000000000000000e+01 0.000000000000000000e+00 0.000000000000000000e+00
5.707899999999999636e+02 5.500000000000000000e+01 1.800000000000000000e+01 0.000000000000000000e+00 0.000000000000000000e+00
5.774800000000000182e+02 5.500000000000000000e+01 1.000000000000000000e+01 0.000000000000000000e+00 0.000000000000000000e+00
5.845700000000000500e+02 5.500000000000000000e+01 1.300000000000000000e+01 0.000000000000000000e+00 0.000000000000000000e+00
5.863400000000000318e+02 5.500000000000000000e+01 1.500000000000000000e+01 0.000000000000000000e+00 0.000000000000000000e+00
5.917799999999999727e+02 5.500000000000000000e+01 1.700000000000000000e+01 0.000000000000000000e+00 0.000000000000000000e+00
6.272100000000000364e+02 5.100000000000000000e+01 2.600000000000000000e+01 0.000000000000000000e+00 0.000000000000000000e+00
6.337000000000000455e+02 5.500000000000000000e+01 8.000000000000000000e+00 0.000000000000000000e+00 0.000000000000000000e+00
6.364099999999999682e+02 5.500000000000000000e+01 7.000000000000000000e+00 0.000000000000000000e+00 0.000000000000000000e+00
6.364500000000000455e+02 5.500000000000000000e+01 1.100000000000000000e+01 0.000000000000000000e+00 0.000000000000000000e+00
6.432799999999999727e+02 5.500000000000000000e+01 1.100000000000000000e+01 0.000000000000000000e+00 0.000000000000000000e+00
6.440800000000000409e+02 5.500000000000000000e+01 6.000000000000000000e+00 0.000000000000000000e+00 0.000000000000000000e+00
6.509099999999999682e+02 5.500000000000000000e+01 6.000000000000000000e+00 0.000000000000000000e+00 0.000000000000000000e+00
6.632799999999999727e+02 5.600000000000000000e+01 1.100000000000000000e+01 1.000000000000000000e+00 0.000000000000000000e+00
6.684299999999999500e+02 5.500000000000000000e+01 1.800000000000000000e+01 0.000000000000000000e+00 0.000000000000000000e+00
6.752599999999999909e+02 5.500000000000000000e+01 1.800000000000000000e+01 0.000000000000000000e+00 0.000000000000000000e+00
6.790000000000000000e+02 5.400000000000000000e+01 2.100000000000000000e+01 1.000000000000000000e+00 0.000000000000000000e+00
6.858300000000000409e+02 5.400000000000000000e+01 2.100000000000000000e+01 1.000000000000000000e+00 0.000000000000000000e+00
6.926499999999999773e+02 5.400000000000000000e+01 2.100000000000000000e+01 1.000000000000000000e+00 0.000000000000000000e+00
6.994800000000000182e+02 5.400000000000000000e+01 2.100000000000000000e+01 1.000000000000000000e+00 0.000000000000000000e+00
7.053799999999999955e+02 5.500000000000000000e+01 9.000000000000000000e+00 0.000000000000000000e+00 0.000000000000000000e+00
7.318400000000000318e+02 5.800000000000000000e+01 2.000000000000000000e+01 1.000000000000000000e+00 0.000000000000000000e+00
7.318500000000000227e+02 5.800000000000000000e+01 2.000000000000000000e+01 1.000000000000000000e+00 0.000000000000000000e+00
7.386799999999999500e+02 5.800000000000000000e+01 2.000000000000000000e+01 1.000000000000000000e+00 0.000000000000000000e+00
7.393400000000000318e+02 5.500000000000000000e+01 1.200000000000000000e+01 0.000000000000000000e+00 0.000000000000000000e+00
7.461599999999999682e+02 5.500000000000000000e+01 1.200000000000000000e+01 0.000000000000000000e+00 0.000000000000000000e+00
7.495399999999999636e+02 2.700000000000000000e+01 1.300000000000000000e+01 0.000000000000000000e+00 0.000000000000000000e+00
7.500000000000000000e+02 5.500000000000000000e+01 1.400000000000000000e+01 0.000000000000000000e+00 0.000000000000000000e+00
7.539400000000000546e+02 5.500000000000000000e+01 5.000000000000000000e+00 0.000000000000000000e+00 0.000000000000000000e+00
7.627100000000000364e+02 5.400000000000000000e+01 1.900000000000000000e+01 1.000000000000000000e+00 0.000000000000000000e+00
7.744400000000000546e+02 5.600000000000000000e+01 1.900000000000000000e+01 1.000000000000000000e+00 0.000000000000000000e+00
7.744600000000000364e+02 5.600000000000000000e+01 1.900000000000000000e+01 1.000000000000000000e+00 0.000000000000000000e+00
7.758899999999999864e+02 1.200000000000000000e+01 7.500000000000000000e+01 0.000000000000000000e+00 0.000000000000000000e+00
7.804299999999999500e+02 5.500000000000000000e+01 1.700000000000000000e+01 0.000000000000000000e+00 0.000000000000000000e+00
7.805099999999999909e+02 5.700000000000000000e+01 2.600000000000000000e+01 1.000000000000000000e+00 0.000000000000000000e+00
7.873300000000000409e+02 5.700000000000000000e+01 2.600000000000000000e+01 1.000000000000000000e+00 0.000000000000000000e+00
7.941599999999999682e+02 5.700000000000000000e+01 2.600000000000000000e+01 1.000000000000000000e+00 0.000000000000000000e+00
7.945499999999999545e+02 5.900000000000000000e+01 2.100000000000000000e+01 1.000000000000000000e+00 0.000000000000000000e+00
7.952300000000000182e+02 5.500000000000000000e+01 1.500000000000000000e+01 0.000000000000000000e+00 0.000000000000000000e+00
8.059700000000000273e+02 6.500000000000000000e+01 3.700000000000000000e+01 1.000000000000000000e+00 0.000000000000000000e+00
8.059800000000000182e+02 6.500000000000000000e+01 3.700000000000000000e+01 1.000000000000000000e+00 0.000000000000000000e+00
8.061000000000000227e+02 5.500000000000000000e+01 0.000000000000000000e+00 0.000000000000000000e+00 0.000000000000000000e+00
8.071399999999999864e+02 5.200000000000000000e+01 3.700000000000000000e+01 1.000000000000000000e+00 0.000000000000000000e+00
8.125299999999999727e+02 5.500000000000000000e+01 3.000000000000000000e+00 0.000000000000000000e+00 0.000000000000000000e+00
8.160800000000000409e+02 5.500000000000000000e+01 2.000000000000000000e+00 0.000000000000000000e+00 0.000000000000000000e+00
8.228999999999999773e+02 5.500000000000000000e+01 2.000000000000000000e+00 0.000000000000000000e+00 0.000000000000000000e+00
8.234199999999999591e+02 5.200000000000000000e+01 2.700000000000000000e+01 0.000000000000000000e+00 0.000000000000000000e+00
8.246499999999999773e+02 5.300000000000000000e+01 2.800000000000000000e+01 0.000000000000000000e+00 0.000000000000000000e+00
8.277999999999999545e+02 5.400000000000000000e+01 2.800000000000000000e+01 0.000000000000000000e+00 0.000000000000000000e+00
8.282699999999999818e+02 5.500000000000000000e+01 4.000000000000000000e+00 0.000000000000000000e+00 0.000000000000000000e+00
8.318799999999999955e+02 5.700000000000000000e+01 2.500000000000000000e+01 0.000000000000000000e+00 0.000000000000000000e+00
8.322599999999999909e+02 5.500000000000000000e+01 8.000000000000000000e+00 0.000000000000000000e+00 0.000000000000000000e+00
8.469600000000000364e+02 5.500000000000000000e+01 6.000000000000000000e+00 0.000000000000000000e+00 0.000000000000000000e+00
8.492200000000000273e+02 5.100000000000000000e+01 2.600000000000000000e+01 0.000000000000000000e+00 0.000000000000000000e+00
8.560499999999999545e+02 5.100000000000000000e+01 2.600000000000000000e+01 0.000000000000000000e+00 0.000000000000000000e+00
8.604500000000000455e+02 5.300000000000000000e+01 2.500000000000000000e+01 0.000000000000000000e+00 0.000000000000000000e+00
8.672799999999999727e+02 5.300000000000000000e+01 2.500000000000000000e+01 0.000000000000000000e+00 0.000000000000000000e+00
8.686799999999999500e+02 5.100000000000000000e+01 2.400000000000000000e+01 0.000000000000000000e+00 0.000000000000000000e+00
8.755099999999999909e+02 5.100000000000000000e+01 2.400000000000000000e+01 0.000000000000000000e+00 0.000000000000000000e+00
8.792200000000000273e+02 5.500000000000000000e+01 2.500000000000000000e+01 1.000000000000000000e+00 0.000000000000000000e+00
8.858300000000000409e+02 5.400000000000000000e+01 2.000000000000000000e+01 0.000000000000000000e+00 0.000000000000000000e+00
8.926599999999999682e+02 5.400000000000000000e+01 2.000000000000000000e+01 0.000000000000000000e+00 0.000000000000000000e+00
8.973200000000000500e+02 5.100000000000000000e+01 2.600000000000000000e+01 0.000000000000000000e+00 0.000000000000000000e+00
9.021200000000000045e+02 5.500000000000000000e+01 1.000000000000000000e+01 0.000000000000000000e+00 0.000000000000000000e+00
9.054700000000000273e+02 5.500000000000000000e+01 1.100000000000000000e+01 0.000000000000000000e+00 0.000000000000000000e+00
9.066000000000000227e+02 5.500000000000000000e+01 1.000000000000000000e+00 0.000000000000000000e+00 0.000000000000000000e+00
9.078799999999999955e+02 5.400000000000000000e+01 1.900000000000000000e+01 1.000000000000000000e+00 0.000000000000000000e+00
9.147100000000000364e+02 5.400000000000000000e+01 1.900000000000000000e+01 1.000000000000000000e+00 0.000000000000000000e+00
9.183099999999999454e+02 5.500000000000000000e+01 7.000000000000000000e+00 0.000000000000000000e+00 0.000000000000000000e+00
9.188500000000000227e+02 5.200000000000000000e+01 2.200000000000000000e+01 0.000000000000000000e+00 0.000000000000000000e+00
9.314800000000000182e+02 5.300000000000000000e+01 2.700000000000000000e+01 0.000000000000000000e+00 0.000000000000000000e+00
9.351299999999999955e+02 5.200000000000000000e+01 2.200000000000000000e+01 0.000000000000000000e+00 0.000000000000000000e+00
9.352300000000000182e+02 5.300000000000000000e+01 2.600000000000000000e+01 0.000000000000000000e+00 0.000000000000000000e+00
9.414700000000000273e+02 5.600000000000000000e+01 1.900000000000000000e+01 1.000000000000000000e+00 0.000000000000000000e+00
9.414800000000000182e+02 5.600000000000000000e+01 1.900000000000000000e+01 1.000000000000000000e+00 0.000000000000000000e+00
9.460099999999999909e+02 5.100000000000000000e+01 2.300000000000000000e+01 0.000000000000000000e+00 0.000000000000000000e+00
9.492500000000000000e+02 5.200000000000000000e+01 2.200000000000000000e+01 0.000000000000000000e+00 0.000000000000000000e+00
9.514800000000000182e+02 2.500000000000000000e+01 6.900000000000000000e+01 0.000000000000000000e+00 0.000000000000000000e+00
9.522100000000000364e+02 5.200000000000000000e+01 2.300000000000000000e+01 0.000000000000000000e+00 0.000000000000000000e+00
9.549800000000000182e+02 5.500000000000000000e+01 2.400000000000000000e+01 0.000000000000000000e+00 0.000000000000000000e+00
9.589900000000000091e+02 5.500000000000000000e+01 5.000000000000000000e+00 0.000000000000000000e+00 0.000000000000000000e+00
9.603700000000000045e+02 5.500000000000000000e+01 8.000000000000000000e+00 0.000000000000000000e+00 0.000000000000000000e+00
9.622400000000000091e+02 5.400000000000000000e+01 2.000000000000000000e+01 0.000000000000000000e+00 0.000000000000000000e+00
9.662200000000000273e+02 5.500000000000000000e+01 1.300000000000000000e+01 0.000000000000000000e+00 0.000000000000000000e+00
9.707000000000000455e+02 5.500000000000000000e+01 3.000000000000000000e+00 0.000000000000000000e+00 0.000000000000000000e+00
9.917400000000000091e+02 5.400000000000000000e+01 2.400000000000000000e+01 0.000000000000000000e+00 0.000000000000000000e+00
9.946000000000000227e+02 5.500000000000000000e+01 2.000000000000000000e+00 0.000000000000000000e+00 0.000000000000000000e+00
