0.000000000000000000e+00 3.800000000000000000e+01 3.500000000000000000e+01 1.000000000000000000e+00 1.000000000000000000e+00
7.000000000000000666e-02 2.000000000000000000e+00 2.000000000000000000e+00 0.000000000000000000e+00 1.000000000000000000e+00
8.000000000000000167e-02 3.300000000000000000e+01 3.100000000000000000e+01 1.000000000000000000e+00 1.000000000000000000e+00
6.700000000000000400e-01 3.300000000000000000e+01 3.100000000000000000e+01 1.000000000000000000e+00 1.000000000000000000e+00
1.040000000000000036e+00 4.200000000000000000e+01 2.700000000000000000e+01 0.000000000000000000e+00 1.000000000000000000e+00
2.270000000000000018e+00 3.500000000000000000e+01 3.400000000000000000e+01 1.000000000000000000e+00 1.000000000000000000e+00
2.279999999999999805e+00 3.400000000000000000e+01 3.400000000000000000e+01 1.000000000000000000e+00 1.000000000000000000e+00
3.160000000000000142e+00 3.400000000000000000e+01 3.400000000000000000e+01 1.000000000000000000e+00 1.000000000000000000e+00
3.310000000000000053e+00 3.800000000000000000e+01 1.900000000000000000e+01 0.000000000000000000e+00 1.000000000000000000e+00
7.559999999999999609e+00 3.600000000000000000e+01 2.500000000000000000e+01 0.000000000000000000e+00 1.000000000000000000e+00
8.089999999999999858e+00 3.400000000000000000e+01 3.700000000000000000e+01 1.000000000000000000e+00 1.000000000000000000e+00
8.189999999999999503e+00 4.000000000000000000e+01 4.000000000000000000e+01 1.000000000000000000e+00 1.000000000000000000e+00
8.699999999999999289e+00 4.000000000000000000e+01 3.500000000000000000e+01 1.000000000000000000e+00 1.000000000000000000e+00
1.303999999999999915e+01 3.800000000000000000e+01 1.800000000000000000e+01 0.000000000000000000e+00 1.000000000000000000e+00
1.450000000000000000e+01 3.700000000000000000e+01 2.500000000000000000e+01 0.000000000000000000e+00 1.000000000000000000e+00
1.488000000000000078e+01 3.700000000000000000e+01 3.600000000000000000e+01 1.000000000000000000e+00 1.000000000000000000e+00
1.605999999999999872e+01 4.300000000000000000e+01 2.900000000000000000e+01 0.000000000000000000e+00 1.000000000000000000e+00
1.730999999999999872e+01 3.400000000000000000e+01 3.300000000000000000e+01 1.000000000000000000e+00 1.000000000000000000e+00
1.935000000000000142e+01 4.000000000000000000e+01 2.600000000000000000e+01 0.000000000000000000e+00 1.000000000000000000e+00
1.946999999999999886e+01 4.200000000000000000e+01 3.400000000000000000e+01 1.000000000000000000e+00 1.000000000000000000e+00
2.182000000000000028e+01 8.000000000000000000e+00 4.000000000000000000e+01 1.000000000000000000e+00 1.000000000000000000e+00
2.310000000000000142e+01 4.200000000000000000e+01 2.600000000000000000e+01 0.000000000000000000e+00 1.000000000000000000e+00
2.575000000000000000e+01 3.700000000000000000e+01 3.500000000000000000e+01 1.000000000000000000e+00 1.000000000000000000e+00
3.253000000000000114e+01 4.000000000000000000e+01 2.500000000000000000e+01 0.000000000000000000e+00 1.000000000000000000e+00
3.254999999999999716e+01 4.000000000000000000e+01 2.500000000000000000e+01 0.000000000000000000e+00 1.000000000000000000e+00
3.345000000000000284e+01 3.800000000000000000e+01 2.000000000000000000e+01 0.000000000000000000e+00 1.000000000000000000e+00
3.515999999999999659e+01 3.500000000000000000e+01 2.600000000000000000e+01 0.000000000000000000e+00 1.000000000000000000e+00
3.574000000000000199e+01 4.000000000000000000e+01 3.000000000000000000e+01 1.000000000000000000e+00 1.000000000000000000e+00
3.575000000000000000e+01 3.300000000000000000e+01 3.200000000000000000e+01 1.000000000000000000e+00 1.000000000000000000e+00
3.634000000000000341e+01 3.300000000000000000e+01 3.200000000000000000e+01 1.000000000000000000e+00 1.000000000000000000e+00
3.635999999999999943e+01 3.700000000000000000e+01 2.300000000000000000e+01 1.000000000000000000e+00 1.000000000000000000e+00
3.707999999999999829e+01 3.700000000000000000e+01 2.300000000000000000e+01 1.000000000000000000e+00 1.000000000000000000e+00
3.721999999999999886e+01 3.500000000000000000e+01 3.200000000000000000e+01 1.000000000000000000e+00 1.000000000000000000e+00
3.722999999999999687e+01 3.600000000000000000e+01 3.500000000000000000e+01 1.000000000000000000e+00 1.000000000000000000e+00
3.724000000000000199e+01 3.600000000000000000e+01 3.500000000000000000e+01 1.000000000000000000e+00 1.000000000000000000e+00
4.222999999999999687e+01 3.600000000000000000e+01 3.500000000000000000e+01 1.000000000000000000e+00 1.000000000000000000e+00
4.224000000000000199e+01 3.300000000000000000e+01 3.000000000000000000e+01 1.000000000000000000e+00 1.000000000000000000e+00
4.346999999999999886e+01 3.300000000000000000e+01 3.000000000000000000e+01 1.000000000000000000e+00 1.000000000000000000e+00
4.353000000000000114e+01 3.800000000000000000e+01 3.000000000000000000e+01 1.000000000000000000e+00 1.000000000000000000e+00
4.436999999999999744e+01 3.900000000000000000e+01 2.500000000000000000e+01 0.000000000000000000e+00 1.000000000000000000e+00
4.656000000000000227e+01 4.000000000000000000e+00 1.400000000000000000e+01 0.000000000000000000e+00 1.000000000000000000e+00
4.706000000000000227e+01 3.700000000000000000e+01 2.100000000000000000e+01 1.000000000000000000e+00 1.000000000000000000e+00
4.753000000000000114e+01 3.800000000000000000e+01 1.700000000000000000e+01 0.000000000000000000e+00 1.000000000000000000e+00
4.885000000000000142e+01 4.000000000000000000e+01 2.500000000000000000e+01 0.000000000000000000e+00 1.000000000000000000e+00
5.136999999999999744e+01 3.700000000000000000e+01 3.000000000000000000e+01 1.000000000000000000e+00 1.000000000000000000e+00
5.264999999999999858e+01 3.500000000000000000e+01 3.400000000000000000e+01 1.000000000000000000e+00 1.000000000000000000e+00
5.282000000000000028e+01 3.600000000000000000e+01 2.500000000000000000e+01 0.000000000000000000e+00 1.000000000000000000e+00
5.342999999999999972e+01 3.500000000000000000e+01 2.700000000000000000e+01 0.000000000000000000e+00 1.000000000000000000e+00
5.486999999999999744e+01 3.800000000000000000e+01 2.300000000000000000e+01 0.000000000000000000e+00 1.000000000000000000e+00
5.814000000000000057e+01 3.700000000000000000e+01 2.200000000000000000e+01 1.000000000000000000e+00 1.000000000000000000e+00
5.856000000000000227e+01 4.100000000000000000e+01 2.600000000000000000e+01 0.000000000000000000e+00 1.000000000000000000e+00
5.945000000000000284e+01 3.600000000000000000e+01 3.400000000000000000e+01 1.000000000000000000e+00 1.000000000000000000e+00
6.065999999999999659e+01 3.800000000000000000e+01 2.500000000000000000e+01 0.000000000000000000e+00 1.000000000000000000e+00
6.260999999999999943e+01 3.800000000000000000e+01 1.500000000000000000e+01 0.000000000000000000e+00 1.000000000000000000e+00
6.310999999999999943e+01 3.900000000000000000e+01 3.500000000000000000e+01 1.000000000000000000e+00 1.000000000000000000e+00
6.342999999999999972e+01 3.300000000000000000e+01 3.100000000000000000e+01 1.000000000000000000e+00 1.000000000000000000e+00
6.374000000000000199e+01 3.900000000000000000e+01 2.900000000000000000e+01 1.000000000000000000e+00 1.000000000000000000e+00
6.515999999999999659e+01 3.400000000000000000e+01 2.600000000000000000e+01 0.000000000000000000e+00 1.000000000000000000e+00
6.640000000000000568e+01 4.100000000000000000e+01 2.500000000000000000e+01 0.000000000000000000e+00 1.000000000000000000e+00
6.767000000000000171e+01 4.300000000000000000e+01 2.800000000000000000e+01 0.000000000000000000e+00 1.000000000000000000e+00
6.940999999999999659e+01 3.400000000000000000e+01 3.200000000000000000e+01 1.000000000000000000e+00 1.000000000000000000e+00
7.098999999999999488e+01 1.000000000000000000e+00 3.600000000000000000e+01 1.000000000000000000e+00 1.000000000000000000e+00
7.434000000000000341e+01 4.000000000000000000e+01 3.400000000000000000e+01 1.000000000000000000e+00 1.000000000000000000e+00
7.784000000000000341e+01 3.600000000000000000e+01 3.000000000000000000e+01 0.000000000000000000e+00 1.000000000000000000e+00
7.792000000000000171e+01 3.800000000000000000e+01 2.600000000000000000e+01 0.000000000000000000e+00 1.000000000000000000e+00
7.956000000000000227e+01 4.000000000000000000e+01 3.200000000000000000e+01 0.000000000000000000e+00 1.000000000000000000e+00
8.043999999999999773e+01 4.200000000000000000e+01 2.600000000000000000e+01 0.000000000000000000e+00 1.000000000000000000e+00
8.190999999999999659e+01 3.400000000000000000e+01 3.300000000000000000e+01 1.000000000000000000e+00 1.000000000000000000e+00
8.251999999999999602e+01 3.400000000000000000e+01 3.300000000000000000e+01 1.000000000000000000e+00 1.000000000000000000e+00
8.437000000000000455e+01 4.200000000000000000e+01 3.200000000000000000e+01 1.000000000000000000e+00 1.000000000000000000e+00
8.643999999999999773e+01 3.800000000000000000e+01 2.400000000000000000e+01 0.000000000000000000e+00 1.000000000000000000e+00
8.976000000000000512e+01 3.800000000000000000e+01 2.300000000000000000e+01 0.000000000000000000e+00 1.000000000000000000e+00
9.098999999999999488e+01 3.700000000000000000e+01 2.000000000000000000e+01 1.000000000000000000e+00 1.000000000000000000e+00
9.214000000000000057e+01 3.300000000000000000e+01 3.000000000000000000e+01 1.000000000000000000e+00 1.000000000000000000e+00
9.290000000000000568e+01 3.700000000000000000e+01 2.500000000000000000e+01 0.000000000000000000e+00 1.000000000000000000e+00
9.420999999999999375e+01 3.400000000000000000e+01 2.000000000000000000e+00 1.000000000000000000e+00 1.000000000000000000e+00
9.462000000000000455e+01 3.900000000000000000e+01 2.400000000000000000e+01 0.000000000000000000e+00 1.000000000000000000e+00
9.731000000000000227e+01 3.900000000000000000e+01 2.700000000000000000e+01 0.000000000000000000e+00 1.000000000000000000e+00
9.843999999999999773e+01 3.500000000000000000e+01 2.600000000000000000e+01 0.000000000000000000e+00 1.000000000000000000e+00
9.856000000000000227e+01 4.100000000000000000e+01 2.500000000000000000e+01 0.000000000000000000e+00 1.000000000000000000e+00
9.981999999999999318e+01 3.800000000000000000e+01 3.500000000000000000e+01 1.000000000000000000e+00 1.000000000000000000e+00
1.014200000000000017e+02 3.700000000000000000e+01 2.600000000000000000e+01 0.000000000000000000e+00 1.000000000000000000e+00
1.027000000000000028e+02 3.600000000000000000e+01 3.300000000000000000e+01 1.000000000000000000e+00 1.000000000000000000e+00
1.040100000000000051e+02 3.600000000000000000e+01 2.600000000000000000e+01 0.000000000000000000e+00 1.000000000000000000e+00
1.071400000000000006e+02 4.200000000000000000e+01 3.300000000000000000e+01 1.000000000000000000e+00 1.000000000000000000e+00
1.079800000000000040e+02 4.200000000000000000e+01 2.900000000000000000e+01 0.000000000000000000e+00 1.000000000000000000e+00
1.081500000000000057e+02 3.400000000000000000e+01 2.600000000000000000e+01 0.000000000000000000e+00 1.000000000000000000e+00
1.082300000000000040e+02 4.200000000000000000e+01 2.800000000000000000e+01 0.000000000000000000e+00 1.000000000000000000e+00
1.092399999999999949e+02 3.700000000000000000e+01 3.500000000000000000e+01 1.000000000000000000e+00 1.000000000000000000e+00
1.094699999999999989e+02 3.400000000000000000e+01 2.700000000000000000e+01 0.000000000000000000e+00 1.000000000000000000e+00
1.120000000000000000e+02 3.300000000000000000e+01 3.100000000000000000e+01 1.000000000000000000e+00 1.000000000000000000e+00
1.120100000000000051e+02 3.200000000000000000e+01 3.100000000000000000e+01 1.000000000000000000e+00 1.000000000000000000e+00
1.120199999999999960e+02 3.200000000000000000e+01 3.100000000000000000e+01 1.000000000000000000e+00 1.000000000000000000e+00
1.125000000000000000e+02 3.200000000000000000e+01 3.100000000000000000e+01 1.000000000000000000e+00 1.000000000000000000e+00
1.131899999999999977e+02 3.500000000000000000e+01 2.500000000000000000e+01 0.000000000000000000e+00 1.000000000000000000e+00
1.180900000000000034e+02 3.700000000000000000e+01 1.000000000000000000e+01 0.000000000000000000e+00 1.000000000000000000e+00
1.190400000000000063e+02 4.100000000000000000e+01 3.400000000000000000e+01 1.000000000000000000e+00 1.000000000000000000e+00
1.201500000000000057e+02 4.100000000000000000e+01 3.400000000000000000e+01 1.000000000000000000e+00 1.000000000000000000e+00
1.202600000000000051e+02 4.100000000000000000e+01 3.000000000000000000e+01 1.000000000000000000e+00 1.000000000000000000e+00
1.228599999999999994e+02 3.800000000000000000e+01 1.400000000000000000e+01 0.000000000000000000e+00 1.000000000000000000e+00
1.234200000000000017e+02 3.700000000000000000e+01 2.900000000000000000e+01 1.000000000000000000e+00 1.000000000000000000e+00
1.240799999999999983e+02 3.300000000000000000e+01 2.800000000000000000e+01 0.000000000000000000e+00 1.000000000000000000e+00
1.246200000000000045e+02 3.500000000000000000e+01 3.500000000000000000e+01 1.000000000000000000e+00 1.000000000000000000e+00
1.271800000000000068e+02 3.700000000000000000e+01 1.700000000000000000e+01 1.000000000000000000e+00 1.000000000000000000e+00
1.273599999999999994e+02 3.700000000000000000e+01 3.400000000000000000e+01 1.000000000000000000e+00 1.000000000000000000e+00
1.273799999999999955e+02 3.500000000000000000e+01 3.300000000000000000e+01 1.000000000000000000e+00 1.000000000000000000e+00
1.274200000000000017e+02 3.500000000000000000e+01 3.300000000000000000e+01 1.000000000000000000e+00 1.000000000000000000e+00
1.289300000000000068e+02 3.600000000000000000e+01 3.500000000000000000e+01 1.000000000000000000e+00 1.000000000000000000e+00
1.297100000000000080e+02 3.300000000000000000e+01 3.000000000000000000e+01 1.000000000000000000e+00 1.000000000000000000e+00
1.298899999999999864e+02 3.500000000000000000e+01 3.400000000000000000e+01 1.000000000000000000e+00 1.000000000000000000e+00
1.302100000000000080e+02 3.600000000000000000e+01 3.400000000000000000e+01 1.000000000000000000e+00 1.000000000000000000e+00
1.303499999999999943e+02 3.700000000000000000e+01 2.400000000000000000e+01 0.000000000000000000e+00 1.000000000000000000e+00
1.307299999999999898e+02 4.300000000000000000e+01 2.800000000000000000e+01 0.000000000000000000e+00 1.000000000000000000e+00
1.331299999999999955e+02 3.300000000000000000e+01 2.900000000000000000e+01 1.000000000000000000e+00 1.000000000000000000e+00
1.332500000000000000e+02 4.000000000000000000e+01 2.400000000000000000e+01 0.000000000000000000e+00 1.000000000000000000e+00
1.336999999999999886e+02 3.800000000000000000e+01 2.100000000000000000e+01 0.000000000000000000e+00 1.000000000000000000e+00
1.353799999999999955e+02 4.300000000000000000e+01 2.900000000000000000e+01 0.000000000000000000e+00 1.000000000000000000e+00
1.374600000000000080e+02 3.300000000000000000e+01 3.000000000000000000e+01 0.000000000000000000e+00 1.000000000000000000e+00
1.393899999999999864e+02 4.300000000000000000e+01 3.200000000000000000e+01 1.000000000000000000e+00 1.000000000000000000e+00
1.405200000000000102e+02 3.400000000000000000e+01 3.300000000000000000e+01 1.000000000000000000e+00 1.000000000000000000e+00
1.410900000000000034e+02 3.900000000000000000e+01 2.400000000000000000e+01 0.000000000000000000e+00 1.000000000000000000e+00
1.444699999999999989e+02 3.900000000000000000e+01 3.000000000000000000e+01 1.000000000000000000e+00 1.000000000000000000e+00
1.447700000000000102e+02 3.400000000000000000e+01 2.600000000000000000e+01 0.000000000000000000e+00 1.000000000000000000e+00
1.447800000000000011e+02 3.300000000000000000e+01 3.300000000000000000e+01 1.000000000000000000e+00 1.000000000000000000e+00
1.449000000000000057e+02 3.300000000000000000e+01 3.300000000000000000e+01 1.000000000000000000e+00 1.000000000000000000e+00
1.449900000000000091e+02 3.500000000000000000e+01 2.500000000000000000e+01 0.000000000000000000e+00 1.000000000000000000e+00
1.457599999999999909e+02 3.300000000000000000e+01 3.200000000000000000e+01 1.000000000000000000e+00 1.000000000000000000e+00
1.465600000000000023e+02 4.200000000000000000e+01 2.600000000000000000e+01 0.000000000000000000e+00 1.000000000000000000e+00
1.470500000000000114e+02 4.100000000000000000e+01 2.500000000000000000e+01 0.000000000000000000e+00 1.000000000000000000e+00
1.489900000000000091e+02 3.200000000000000000e+01 3.300000000000000000e+01 1.000000000000000000e+00 1.000000000000000000e+00
1.503100000000000023e+02 3.200000000000000000e+01 3.300000000000000000e+01 1.000000000000000000e+00 1.000000000000000000e+00
1.503199999999999932e+02 3.000000000000000000e+01 3.400000000000000000e+01 1.000000000000000000e+00 1.000000000000000000e+00
1.537100000000000080e+02 3.000000000000000000e+01 3.400000000000000000e+01 1.000000000000000000e+00 1.000000000000000000e+00
1.541200000000000045e+02 2.500000000000000000e+01 4.700000000000000000e+01 1.000000000000000000e+00 1.000000000000000000e+00
1.550300000000000011e+02 3.300000000000000000e+01 3.000000000000000000e+01 1.000000000000000000e+00 1.000000000000000000e+00
1.560500000000000114e+02 3.800000000000000000e+01 3.400000000000000000e+01 1.000000000000000000e+00 1.000000000000000000e+00
1.588100000000000023e+02 3.700000000000000000e+01 2.600000000000000000e+01 0.000000000000000000e+00 1.000000000000000000e+00
1.595900000000000034e+02 3.700000000000000000e+01 2.400000000000000000e+01 0.000000000000000000e+00 1.000000000000000000e+00
1.610399999999999920e+02 4.000000000000000000e+01 2.500000000000000000e+01 0.000000000000000000e+00 1.000000000000000000e+00
1.611800000000000068e+02 3.800000000000000000e+01 1.500000000000000000e+01 0.000000000000000000e+00 1.000000000000000000e+00
1.628000000000000114e+02 3.800000000000000000e+01 3.100000000000000000e+01 0.000000000000000000e+00 1.000000000000000000e+00
1.653799999999999955e+02 4.000000000000000000e+01 3.400000000000000000e+01 1.000000000000000000e+00 1.000000000000000000e+00
1.656200000000000045e+02 3.700000000000000000e+01 3.000000000000000000e+01 0.000000000000000000e+00 1.000000000000000000e+00
1.659199999999999875e+02 3.800000000000000000e+01 1.100000000000000000e+01 0.000000000000000000e+00 1.000000000000000000e+00
1.675099999999999909e+02 3.300000000000000000e+01 3.100000000000000000e+01 1.000000000000000000e+00 1.000000000000000000e+00
1.677299999999999898e+02 3.300000000000000000e+01 3.600000000000000000e+01 1.000000000000000000e+00 1.000000000000000000e+00
1.680000000000000000e+02 3.600000000000000000e+01 2.500000000000000000e+01 0.000000000000000000e+00 1.000000000000000000e+00
1.696899999999999977e+02 3.700000000000000000e+01 3.400000000000000000e+01 1.000000000000000000e+00 1.000000000000000000e+00
1.699300000000000068e+02 3.900000000000000000e+01 3.500000000000000000e+01 1.000000000000000000e+00 1.000000000000000000e+00
1.712299999999999898e+02 4.100000000000000000e+01 2.500000000000000000e+01 0.000000000000000000e+00 1.000000000000000000e+00
1.727199999999999989e+02 3.700000000000000000e+01 2.600000000000000000e+01 0.000000000000000000e+00 1.000000000000000000e+00
1.728799999999999955e+02 3.700000000000000000e+01 2.700000000000000000e+01 0.000000000000000000e+00 1.000000000000000000e+00
1.728899999999999864e+02 3.400000000000000000e+01 3.200000000000000000e+01 1.000000000000000000e+00 1.000000000000000000e+00
1.744799999999999898e+02 3.400000000000000000e+01 3.200000000000000000e+01 1.000000000000000000e+00 1.000000000000000000e+00
1.757800000000000011e+02 3.700000000000000000e+01 2.500000000000000000e+01 0.000000000000000000e+00 1.000000000000000000e+00
1.760200000000000102e+02 3.800000000000000000e+01 1.300000000000000000e+01 0.000000000000000000e+00 1.000000000000000000e+00
1.765399999999999920e+02 3.200000000000000000e+01 3.200000000000000000e+01 1.000000000000000000e+00 1.000000000000000000e+00
1.765500000000000114e+02 3.800000000000000000e+01 2.300000000000000000e+01 0.000000000000000000e+00 1.000000000000000000e+00
1.778600000000000136e+02 4.300000000000000000e+01 2.700000000000000000e+01 0.000000000000000000e+00 1.000000000000000000e+00
1.810900000000000034e+02 3.900000000000000000e+01 2.400000000000000000e+01 0.000000000000000000e+00 1.000000000000000000e+00
1.827800000000000011e+02 3.800000000000000000e+01 1.700000000000000000e+01 0.000000000000000000e+00 1.000000000000000000e+00
1.831399999999999864e+02 3.500000000000000000e+01 2.500000000000000000e+01 0.000000000000000000e+00 1.000000000000000000e+00
1.831699999999999875e+02 3.700000000000000000e+01 1.900000000000000000e+01 1.000000000000000000e+00 1.000000000000000000e+00
1.838100000000000023e+02 3.400000000000000000e+01 3.100000000000000000e+01 1.000000000000000000e+00 1.000000000000000000e+00
1.840999999999999943e+02 3.600000000000000000e+01 4.100000000000000000e+01 1.000000000000000000e+00 1.000000000000000000e+00
1.846899999999999977e+02 3.300000000000000000e+01 3.400000000000000000e+01 1.000000000000000000e+00 1.000000000000000000e+00
1.854499999999999886e+02 3.900000000000000000e+01 2.500000000000000000e+01 0.000000000000000000e+00 1.000000000000000000e+00
1.854900000000000091e+02 3.700000000000000000e+01 3.000000000000000000e+01 0.000000000000000000e+00 1.000000000000000000e+00
1.860600000000000023e+02 3.500000000000000000e+01 3.100000000000000000e+01 1.000000000000000000e+00 1.000000000000000000e+00
1.865000000000000000e+02 3.700000000000000000e+01 2.700000000000000000e+01 0.000000000000000000e+00 1.000000000000000000e+00
1.865099999999999909e+02 3.500000000000000000e+01 3.300000000000000000e+01 1.000000000000000000e+00 1.000000000000000000e+00
1.877599999999999909e+02 3.700000000000000000e+01 1.800000000000000000e+01 1.000000000000000000e+00 1.000000000000000000e+00
1.974699999999999989e+02 3.600000000000000000e+01 3.300000000000000000e+01 1.000000000000000000e+00 1.000000000000000000e+00
1.997500000000000000e+02 3.600000000000000000e+01 3.300000000000000000e+01 1.000000000000000000e+00 1.000000000000000000e+00
2.001899999999999977e+02 3.700000000000000000e+01 1.600000000000000000e+01 1.000000000000000000e+00 1.000000000000000000e+00
2.077100000000000080e+02 4.200000000000000000e+01 2.600000000000000000e+01 0.000000000000000000e+00 1.000000000000000000e+00
2.084900000000000091e+02 4.000000000000000000e+01 2.400000000000000000e+01 0.000000000000000000e+00 1.000000000000000000e+00
2.110399999999999920e+02 3.500000000000000000e+01 3.200000000000000000e+01 1.000000000000000000e+00 1.000000000000000000e+00
2.116800000000000068e+02 3.800000000000000000e+01 1.400000000000000000e+01 0.000000000000000000e+00 1.000000000000000000e+00
2.129399999999999977e+02 3.500000000000000000e+01 2.500000000000000000e+01 0.000000000000000000e+00 1.000000000000000000e+00
2.131200000000000045e+02 3.900000000000000000e+01 3.400000000000000000e+01 1.000000000000000000e+00 1.000000000000000000e+00
2.134399999999999977e+02 3.700000000000000000e+01 2.400000000000000000e+01 0.000000000000000000e+00 1.000000000000000000e+00
2.134499999999999886e+02 3.300000000000000000e+01 3.000000000000000000e+01 1.000000000000000000e+00 1.000000000000000000e+00
2.137199999999999989e+02 3.300000000000000000e+01 3.000000000000000000e+01 1.000000000000000000e+00 1.000000000000000000e+00
2.155900000000000034e+02 3.400000000000000000e+01 3.200000000000000000e+01 1.000000000000000000e+00 1.000000000000000000e+00
2.159900000000000091e+02 3.600000000000000000e+01 3.400000000000000000e+01 1.000000000000000000e+00 1.000000000000000000e+00
2.228700000000000045e+02 3.600000000000000000e+01 2.400000000000000000e+01 0.000000000000000000e+00 1.000000000000000000e+00
2.299300000000000068e+02 3.300000000000000000e+01 3.800000000000000000e+01 1.000000000000000000e+00 1.000000000000000000e+00
2.334699999999999989e+02 3.700000000000000000e+01 1.400000000000000000e+01 1.000000000000000000e+00 1.000000000000000000e+00
2.339099999999999966e+02 3.700000000000000000e+01 1.400000000000000000e+01 1.000000000000000000e+00 1.000000000000000000e+00
2.339499999999999886e+02 2.200000000000000000e+01 3.400000000000000000e+01 1.000000000000000000e+00 1.000000000000000000e+00
2.353400000000000034e+02 3.800000000000000000e+01 2.400000000000000000e+01 0.000000000000000000e+00 1.000000000000000000e+00
2.354699999999999989e+02 3.800000000000000000e+01 3.800000000000000000e+01 1.000000000000000000e+00 1.000000000000000000e+00
2.357599999999999909e+02 2.300000000000000000e+01 4.200000000000000000e+01 1.000000000000000000e+00 1.000000000000000000e+00
2.358100000000000023e+02 3.800000000000000000e+01 2.900000000000000000e+01 1.000000000000000000e+00 1.000000000000000000e+00
2.363000000000000114e+02 3.800000000000000000e+01 3.000000000000000000e+01 0.000000000000000000e+00 1.000000000000000000e+00
2.376899999999999977e+02 4.200000000000000000e+01 2.500000000000000000e+01 0.000000000000000000e+00 1.000000000000000000e+00
2.392500000000000000e+02 3.500000000000000000e+01 3.300000000000000000e+01 1.000000000000000000e+00 1.000000000000000000e+00
2.392899999999999920e+02 3.800000000000000000e+01 3.600000000000000000e+01 1.000000000000000000e+00 1.000000000000000000e+00
2.415200000000000102e+02 3.400000000000000000e+01 3.100000000000000000e+01 1.000000000000000000e+00 1.000000000000000000e+00
2.424600000000000080e+02 3.800000000000000000e+01 3.400000000000000000e+01 1.000000000000000000e+00 1.000000000000000000e+00
2.426800000000000068e+02 3.800000000000000000e+01 1.300000000000000000e+01 0.000000000000000000e+00 1.000000000000000000e+00
2.433100000000000023e+02 4.300000000000000000e+01 2.800000000000000000e+01 0.000000000000000000e+00 1.000000000000000000e+00
2.441500000000000057e+02 4.000000000000000000e+01 2.400000000000000000e+01 0.000000000000000000e+00 1.000000000000000000e+00
2.458799999999999955e+02 3.800000000000000000e+01 1.000000000000000000e+01 0.000000000000000000e+00 1.000000000000000000e+00
2.480200000000000102e+02 3.600000000000000000e+01 2.400000000000000000e+01 0.000000000000000000e+00 1.000000000000000000e+00
2.486699999999999875e+02 4.200000000000000000e+01 3.000000000000000000e+01 1.000000000000000000e+00 1.000000000000000000e+00
2.504699999999999989e+02 3.600000000000000000e+01 2.500000000000000000e+01 0.000000000000000000e+00 1.000000000000000000e+00
2.528400000000000034e+02 3.500000000000000000e+01 2.600000000000000000e+01 0.000000000000000000e+00 1.000000000000000000e+00
2.535200000000000102e+02 3.700000000000000000e+01 1.500000000000000000e+01 1.000000000000000000e+00 1.000000000000000000e+00
2.540999999999999943e+02 3.900000000000000000e+01 2.400000000000000000e+01 0.000000000000000000e+00 1.000000000000000000e+00
2.544900000000000091e+02 3.400000000000000000e+01 3.000000000000000000e+01 1.000000000000000000e+00 1.000000000000000000e+00
2.569399999999999977e+02 3.400000000000000000e+01 2.600000000000000000e+01 0.000000000000000000e+00 1.000000000000000000e+00
2.570500000000000114e+02 4.300000000000000000e+01 2.700000000000000000e+01 0.000000000000000000e+00 1.000000000000000000e+00
2.577300000000000182e+02 4.000000000000000000e+01 2.900000000000000000e+01 1.000000000000000000e+00 1.000000000000000000e+00
2.589599999999999795e+02 3.500000000000000000e+01 2.500000000000000000e+01 0.000000000000000000e+00 1.000000000000000000e+00
2.607500000000000000e+02 3.300000000000000000e+01 2.900000000000000000e+01 1.000000000000000000e+00 1.000000000000000000e+00
2.607599999999999909e+02 3.300000000000000000e+01 2.900000000000000000e+01 1.000000000000000000e+00 1.000000000000000000e+00
2.618999999999999773e+02 3.300000000000000000e+01 2.900000000000000000e+01 1.000000000000000000e+00 1.000000000000000000e+00
2.634100000000000250e+02 4.300000000000000000e+01 2.600000000000000000e+01 0.000000000000000000e+00 1.000000000000000000e+00
2.639900000000000091e+02 3.300000000000000000e+01 3.000000000000000000e+01 1.000000000000000000e+00 1.000000000000000000e+00
2.641499999999999773e+02 3.900000000000000000e+01 2.500000000000000000e+01 0.000000000000000000e+00 1.000000000000000000e+00
2.643199999999999932e+02 3.900000000000000000e+01 3.000000000000000000e+01 0.000000000000000000e+00 1.000000000000000000e+00
2.646600000000000250e+02 3.800000000000000000e+01 3.500000000000000000e+01 1.000000000000000000e+00 1.000000000000000000e+00
2.672200000000000273e+02 2.900000000000000000e+01 3.300000000000000000e+01 1.000000000000000000e+00 1.000000000000000000e+00
2.677200000000000273e+02 2.000000000000000000e+00 3.600000000000000000e+01 1.000000000000000000e+00 1.000000000000000000e+00
2.692799999999999727e+02 3.600000000000000000e+01 2.400000000000000000e+01 0.000000000000000000e+00 1.000000000000000000e+00
2.697500000000000000e+02 3.700000000000000000e+01 3.400000000000000000e+01 1.000000000000000000e+00 1.000000000000000000e+00
2.700500000000000114e+02 3.900000000000000000e+01 2.300000000000000000e+01 0.000000000000000000e+00 1.000000000000000000e+00
2.717799999999999727e+02 4.200000000000000000e+01 3.100000000000000000e+01 1.000000000000000000e+00 1.000000000000000000e+00
2.724300000000000068e+02 4.000000000000000000e+01 2.400000000000000000e+01 0.000000000000000000e+00 1.000000000000000000e+00
2.737500000000000000e+02 3.400000000000000000e+01 3.200000000000000000e+01 1.000000000000000000e+00 1.000000000000000000e+00
2.791100000000000136e+02 3.900000000000000000e+01 2.600000000000000000e+01 0.000000000000000000e+00 1.000000000000000000e+00
2.791200000000000045e+02 4.000000000000000000e+01 3.300000000000000000e+01 1.000000000000000000e+00 1.000000000000000000e+00
2.794399999999999977e+02 4.000000000000000000e+01 3.300000000000000000e+01 1.000000000000000000e+00 1.000000000000000000e+00
2.835899999999999750e+02 3.900000000000000000e+01 2.400000000000000000e+01 0.000000000000000000e+00 1.000000000000000000e+00
2.845799999999999841e+02 3.600000000000000000e+01 3.300000000000000000e+01 1.000000000000000000e+00 1.000000000000000000e+00
2.852799999999999727e+02 6.000000000000000000e+00 3.100000000000000000e+01 1.000000000000000000e+00 1.000000000000000000e+00
2.867900000000000205e+02 3.700000000000000000e+01 2.500000000000000000e+01 0.000000000000000000e+00 1.000000000000000000e+00
2.870199999999999818e+02 3.700000000000000000e+01 8.000000000000000000e+00 0.000000000000000000e+00 1.000000000000000000e+00
2.883299999999999841e+02 3.500000000000000000e+01 3.200000000000000000e+01 1.000000000000000000e+00 1.000000000000000000e+00
2.885099999999999909e+02 4.200000000000000000e+01 2.500000000000000000e+01 0.000000000000000000e+00 1.000000000000000000e+00
2.908199999999999932e+02 3.800000000000000000e+01 2.200000000000000000e+01 0.000000000000000000e+00 1.000000000000000000e+00
2.910099999999999909e+02 4.000000000000000000e+01 3.000000000000000000e+01 1.000000000000000000e+00 1.000000000000000000e+00
2.953000000000000114e+02 4.100000000000000000e+01 2.400000000000000000e+01 0.000000000000000000e+00 1.000000000000000000e+00
2.975500000000000114e+02 3.800000000000000000e+01 2.500000000000000000e+01 0.000000000000000000e+00 1.000000000000000000e+00
3.001200000000000045e+02 3.800000000000000000e+01 1.700000000000000000e+01 0.000000000000000000e+00 1.000000000000000000e+00
3.003899999999999864e+02 3.900000000000000000e+01 3.400000000000000000e+01 1.000000000000000000e+00 1.000000000000000000e+00
3.027699999999999818e+02 4.100000000000000000e+01 3.300000000000000000e+01 1.000000000000000000e+00 1.000000000000000000e+00
3.037500000000000000e+02 3.800000000000000000e+01 9.000000000000000000e+00 0.000000000000000000e+00 1.000000000000000000e+00
3.064100000000000250e+02 3.700000000000000000e+01 2.400000000000000000e+01 0.000000000000000000e+00 1.000000000000000000e+00
3.075899999999999750e+02 3.700000000000000000e+01 3.300000000000000000e+01 1.000000000000000000e+00 1.000000000000000000e+00
3.118000000000000114e+02 3.900000000000000000e+01 2.300000000000000000e+01 0.000000000000000000e+00 1.000000000000000000e+00
3.118899999999999864e+02 3.500000000000000000e+01 2.500000000000000000e+01 0.000000000000000000e+00 1.000000000000000000e+00
3.125199999999999818e+02 1.300000000000000000e+01 5.300000000000000000e+01 0.000000000000000000e+00 1.000000000000000000e+00
3.146999999999999886e+02 3.500000000000000000e+01 3.300000000000000000e+01 1.000000000000000000e+00 1.000000000000000000e+00
3.152799999999999727e+02 4.300000000000000000e+01 3.100000000000000000e+01 1.000000000000000000e+00 1.000000000000000000e+00
3.153100000000000023e+02 3.800000000000000000e+01 3.300000000000000000e+01 1.000000000000000000e+00 1.000000000000000000e+00
3.153199999999999932e+02 3.300000000000000000e+01 2.800000000000000000e+01 1.000000000000000000e+00 1.000000000000000000e+00
3.180199999999999818e+02 3.300000000000000000e+01 2.800000000000000000e+01 1.000000000000000000e+00 1.000000000000000000e+00
3.200699999999999932e+02 3.400000000000000000e+01 3.300000000000000000e+01 1.000000000000000000e+00 1.000000000000000000e+00
3.209399999999999977e+02 3.600000000000000000e+01 3.200000000000000000e+01 1.000000000000000000e+00 1.000000000000000000e+00
3.219499999999999886e+02 4.200000000000000000e+01 3.300000000000000000e+01 1.000000000000000000e+00 1.000000000000000000e+00
3.224599999999999795e+02 3.600000000000000000e+01 2.400000000000000000e+01 0.000000000000000000e+00 1.000000000000000000e+00
3.238399999999999750e+02 4.000000000000000000e+01 2.300000000000000000e+01 0.000000000000000000e+00 1.000000000000000000e+00
3.245000000000000000e+02 4.000000000000000000e+01 3.400000000000000000e+01 1.000000000000000000e+00 1.000000000000000000e+00
3.246700000000000159e+02 4.200000000000000000e+01 2.700000000000000000e+01 0.000000000000000000e+00 1.000000000000000000e+00
3.256600000000000250e+02 3.000000000000000000e+00 2.200000000000000000e+01 1.000000000000000000e+00 1.000000000000000000e+00
3.264700000000000273e+02 3.600000000000000000e+01 3.000000000000000000e+00 1.000000000000000000e+00 1.000000000000000000e+00
3.266000000000000227e+02 3.800000000000000000e+01 1.100000000000000000e+01 0.000000000000000000e+00 1.000000000000000000e+00
3.271999999999999886e+02 3.800000000000000000e+01 2.300000000000000000e+01 0.000000000000000000e+00 1.000000000000000000e+00
3.277900000000000205e+02 4.100000000000000000e+01 2.400000000000000000e+01 0.000000000000000000e+00 1.000000000000000000e+00
3.304300000000000068e+02 3.900000000000000000e+01 3.300000000000000000e+01 1.000000000000000000e+00 1.000000000000000000e+00
3.316299999999999955e+02 3.400000000000000000e+01 3.100000000000000000e+01 1.000000000000000000e+00 1.000000000000000000e+00
3.342900000000000205e+02 3.400000000000000000e+01 3.100000000000000000e+01 1.000000000000000000e+00 1.000000000000000000e+00
3.373600000000000136e+02 3.800000000000000000e+01 8.000000000000000000e+00 0.000000000000000000e+00 1.000000000000000000e+00
3.417200000000000273e+02 3.800000000000000000e+01 2.200000000000000000e+01 0.000000000000000000e+00 1.000000000000000000e+00
3.420299999999999727e+02 3.100000000000000000e+01 4.300000000000000000e+01 1.000000000000000000e+00 1.000000000000000000e+00
3.423299999999999841e+02 4.200000000000000000e+01 3.200000000000000000e+01 1.000000000000000000e+00 1.000000000000000000e+00
3.423399999999999750e+02 3.600000000000000000e+01 3.300000000000000000e+01 1.000000000000000000e+00 1.000000000000000000e+00
3.424800000000000182e+02 3.600000000000000000e+01 3.300000000000000000e+01 1.000000000000000000e+00 1.000000000000000000e+00
3.429599999999999795e+02 3.600000000000000000e+01 2.800000000000000000e+01 1.000000000000000000e+00 1.000000000000000000e+00
3.429700000000000273e+02 3.400000000000000000e+01 3.400000000000000000e+01 1.000000000000000000e+00 1.000000000000000000e+00
3.435500000000000114e+02 3.400000000000000000e+01 3.400000000000000000e+01 1.000000000000000000e+00 1.000000000000000000e+00
3.436700000000000159e+02 3.900000000000000000e+01 2.300000000000000000e+01 0.000000000000000000e+00 1.000000000000000000e+00
3.453199999999999932e+02 3.600000000000000000e+01 0.000000000000000000e+00 1.000000000000000000e+00 1.000000000000000000e+00
3.475400000000000205e+02 3.700000000000000000e+01 1.300000000000000000e+01 1.000000000000000000e+00 1.000000000000000000e+00
3.480899999999999750e+02 3.900000000000000000e+01 2.800000000000000000e+01 1.000000000000000000e+00 1.000000000000000000e+00
3.481200000000000045e+02 3.400000000000000000e+01 3.000000000000000000e+01 1.000000000000000000e+00 1.000000000000000000e+00
3.486200000000000045e+02 3.700000000000000000e+01 2.300000000000000000e+01 0.000000000000000000e+00 1.000000000000000000e+00
3.493899999999999864e+02 3.700000000000000000e+01 2.800000000000000000e+01 1.000000000000000000e+00 1.000000000000000000e+00
3.501999999999999886e+02 4.100000000000000000e+01 2.900000000000000000e+01 1.000000000000000000e+00 1.000000000000000000e+00
3.503700000000000045e+02 4.100000000000000000e+01 2.400000000000000000e+01 0.000000000000000000e+00 1.000000000000000000e+00
3.543100000000000023e+02 3.800000000000000000e+01 1.600000000000000000e+01 0.000000000000000000e+00 1.000000000000000000e+00
3.557900000000000205e+02 4.200000000000000000e+01 2.500000000000000000e+01 0.000000000000000000e+00 1.000000000000000000e+00
3.565299999999999727e+02 4.000000000000000000e+01 2.500000000000000000e+01 0.000000000000000000e+00 1.000000000000000000e+00
3.581700000000000159e+02 3.600000000000000000e+01 3.200000000000000000e+01 1.000000000000000000e+00 1.000000000000000000e+00
3.582500000000000000e+02 5.000000000000000000e+00 8.100000000000000000e+01 0.000000000000000000e+00 1.000000000000000000e+00
3.591299999999999955e+02 3.500000000000000000e+01 3.200000000000000000e+01 1.000000000000000000e+00 1.000000000000000000e+00
3.605400000000000205e+02 4.000000000000000000e+01 2.300000000000000000e+01 0.000000000000000000e+00 1.000000000000000000e+00
3.629200000000000159e+02 3.800000000000000000e+01 1.000000000000000000e+01 0.000000000000000000e+00 1.000000000000000000e+00
3.644599999999999795e+02 4.000000000000000000e+01 3.200000000000000000e+01 1.000000000000000000e+00 1.000000000000000000e+00
3.654900000000000091e+02 3.800000000000000000e+01 7.000000000000000000e+00 0.000000000000000000e+00 1.000000000000000000e+00
3.669499999999999886e+02 3.800000000000000000e+01 2.600000000000000000e+01 0.000000000000000000e+00 1.000000000000000000e+00
3.670299999999999727e+02 3.800000000000000000e+01 6.000000000000000000e+00 0.000000000000000000e+00 1.000000000000000000e+00
3.670400000000000205e+02 3.400000000000000000e+01 3.200000000000000000e+01 1.000000000000000000e+00 1.000000000000000000e+00
3.675500000000000114e+02 3.400000000000000000e+01 3.200000000000000000e+01 1.000000000000000000e+00 1.000000000000000000e+00
3.686399999999999864e+02 4.300000000000000000e+01 2.600000000000000000e+01 0.000000000000000000e+00 1.000000000000000000e+00
3.737099999999999795e+02 3.300000000000000000e+01 2.900000000000000000e+01 1.000000000000000000e+00 1.000000000000000000e+00
3.738399999999999750e+02 3.300000000000000000e+01 2.900000000000000000e+01 1.000000000000000000e+00 1.000000000000000000e+00
3.746800000000000068e+02 3.700000000000000000e+01 2.300000000000000000e+01 0.000000000000000000e+00 1.000000000000000000e+00
3.757300000000000182e+02 3.700000000000000000e+01 3.300000000000000000e+01 1.000000000000000000e+00 1.000000000000000000e+00
3.790699999999999932e+02 3.700000000000000000e+01 2.600000000000000000e+01 0.000000000000000000e+00 1.000000000000000000e+00
3.812699999999999818e+02 3.400000000000000000e+01 3.100000000000000000e+01 1.000000000000000000e+00 1.000000000000000000e+00
3.816700000000000159e+02 3.700000000000000000e+01 2.400000000000000000e+01 0.000000000000000000e+00 1.000000000000000000e+00
3.816800000000000068e+02 3.800000000000000000e+01 3.400000000000000000e+01 1.000000000000000000e+00 1.000000000000000000e+00
3.823000000000000114e+02 3.800000000000000000e+01 3.400000000000000000e+01 1.000000000000000000e+00 1.000000000000000000e+00
3.826700000000000159e+02 3.700000000000000000e+01 1.000000000000000000e+01 1.000000000000000000e+00 1.000000000000000000e+00
3.831700000000000159e+02 4.100000000000000000e+01 3.000000000000000000e+01 1.000000000000000000e+00 1.000000000000000000e+00
3.851000000000000227e+02 4.000000000000000000e+01 2.400000000000000000e+01 0.000000000000000000e+00 1.000000000000000000e+00
3.891700000000000159e+02 1.900000000000000000e+01 4.400000000000000000e+01 1.000000000000000000e+00 1.000000000000000000e+00
3.897200000000000273e+02 2.300000000000000000e+01 3.500000000000000000e+01 1.000000000000000000e+00 1.000000000000000000e+00
3.922200000000000273e+02 3.900000000000000000e+01 3.000000000000000000e+01 0.000000000000000000e+00 1.000000000000000000e+00
3.928199999999999932e+02 3.700000000000000000e+01 2.600000000000000000e+01 0.000000000000000000e+00 1.000000000000000000e+00
3.944900000000000091e+02 3.500000000000000000e+01 3.000000000000000000e+01 1.000000000000000000e+00 1.000000000000000000e+00
3.970099999999999909e+02 3.400000000000000000e+01 3.000000000000000000e+01 1.000000000000000000e+00 1.000000000000000000e+00
3.977300000000000182e+02 3.400000000000000000e+01 3.000000000000000000e+01 1.000000000000000000e+00 1.000000000000000000e+00
4.020000000000000000e+02 4.200000000000000000e+01 2.900000000000000000e+01 1.000000000000000000e+00 1.000000000000000000e+00
4.035699999999999932e+02 2.800000000000000000e+01 4.500000000000000000e+01 1.000000000000000000e+00 1.000000000000000000e+00
4.048500000000000227e+02 3.700000000000000000e+01 2.500000000000000000e+01 0.000000000000000000e+00 1.000000000000000000e+00
4.050099999999999909e+02 1.300000000000000000e+01 3.700000000000000000e+01 1.000000000000000000e+00 1.000000000000000000e+00
4.071000000000000227e+02 3.500000000000000000e+01 2.400000000000000000e+01 0.000000000000000000e+00 1.000000000000000000e+00
4.108899999999999864e+02 3.600000000000000000e+01 3.200000000000000000e+01 1.000000000000000000e+00 1.000000000000000000e+00
4.118100000000000023e+02 3.800000000000000000e+01 3.300000000000000000e+01 1.000000000000000000e+00 1.000000000000000000e+00
4.125500000000000114e+02 3.700000000000000000e+01 2.300000000000000000e+01 0.000000000000000000e+00 1.000000000000000000e+00
4.139900000000000091e+02 3.900000000000000000e+01 2.300000000000000000e+01 0.000000000000000000e+00 1.000000000000000000e+00
4.140500000000000114e+02 3.500000000000000000e+01 3.200000000000000000e+01 1.000000000000000000e+00 1.000000000000000000e+00
4.173899999999999864e+02 4.300000000000000000e+01 2.700000000000000000e+01 0.000000000000000000e+00 1.000000000000000000e+00
4.176299999999999955e+02 3.800000000000000000e+01 2.300000000000000000e+01 0.000000000000000000e+00 1.000000000000000000e+00
4.185000000000000000e+02 3.600000000000000000e+01 2.400000000000000000e+01 0.000000000000000000e+00 1.000000000000000000e+00
4.197500000000000000e+02 4.100000000000000000e+01 3.400000000000000000e+01 1.000000000000000000e+00 1.000000000000000000e+00
4.245199999999999818e+02 4.100000000000000000e+01 2.500000000000000000e+01 0.000000000000000000e+00 1.000000000000000000e+00
4.249599999999999795e+02 3.400000000000000000e+01 2.500000000000000000e+01 0.000000000000000000e+00 1.000000000000000000e+00
4.255899999999999750e+02 3.600000000000000000e+01 3.300000000000000000e+01 1.000000000000000000e+00 1.000000000000000000e+00
4.283700000000000045e+02 3.900000000000000000e+01 2.200000000000000000e+01 0.000000000000000000e+00 1.000000000000000000e+00
4.294499999999999886e+02 4.300000000000000000e+01 2.500000000000000000e+01 0.000000000000000000e+00 1.000000000000000000e+00
4.298399999999999750e+02 4.100000000000000000e+01 3.300000000000000000e+01 1.000000000000000000e+00 1.000000000000000000e+00
4.308299999999999841e+02 3.500000000000000000e+01 3.100000000000000000e+01 1.000000000000000000e+00 1.000000000000000000e+00
4.310600000000000023e+02 3.700000000000000000e+01 3.300000000000000000e+01 1.000000000000000000e+00 1.000000000000000000e+00
4.331899999999999977e+02 3.500000000000000000e+01 2.400000000000000000e+01 0.000000000000000000e+00 1.000000000000000000e+00
4.332500000000000000e+02 4.100000000000000000e+01 3.200000000000000000e+01 1.000000000000000000e+00 1.000000000000000000e+00
4.333700000000000045e+02 4.100000000000000000e+01 2.400000000000000000e+01 0.000000000000000000e+00 1.000000000000000000e+00
4.351200000000000045e+02 4.000000000000000000e+01 2.300000000000000000e+01 0.000000000000000000e+00 1.000000000000000000e+00
4.364599999999999795e+02 4.000000000000000000e+01 2.800000000000000000e+01 1.000000000000000000e+00 1.000000000000000000e+00
4.396000000000000227e+02 3.300000000000000000e+01 3.000000000000000000e+01 1.000000000000000000e+00 1.000000000000000000e+00
4.404599999999999795e+02 3.300000000000000000e+01 3.000000000000000000e+01 1.000000000000000000e+00 1.000000000000000000e+00
4.404700000000000273e+02 3.400000000000000000e+01 2.900000000000000000e+01 1.000000000000000000e+00 1.000000000000000000e+00
4.423899999999999864e+02 3.400000000000000000e+01 2.900000000000000000e+01 1.000000000000000000e+00 1.000000000000000000e+00
4.426000000000000227e+02 3.700000000000000000e+01 3.200000000000000000e+01 1.000000000000000000e+00 1.000000000000000000e+00
4.428899999999999864e+02 3.300000000000000000e+01 2.800000000000000000e+01 1.000000000000000000e+00 1.000000000000000000e+00
4.464499999999999886e+02 3.000000000000000000e+00 3.100000000000000000e+01 0.000000000000000000e+00 1.000000000000000000e+00
4.465299999999999727e+02 3.800000000000000000e+01 4.000000000000000000e+00 0.000000000000000000e+00 1.000000000000000000e+00
4.472599999999999909e+02 3.400000000000000000e+01 3.100000000000000000e+01 1.000000000000000000e+00 1.000000000000000000e+00
4.482099999999999795e+02 3.500000000000000000e+01 2.500000000000000000e+01 0.000000000000000000e+00 1.000000000000000000e+00
4.495899999999999750e+02 3.900000000000000000e+01 3.300000000000000000e+01 1.000000000000000000e+00 1.000000000000000000e+00
4.496700000000000159e+02 4.000000000000000000e+01 3.300000000000000000e+01 1.000000000000000000e+00 1.000000000000000000e+00
4.515799999999999841e+02 4.300000000000000000e+01 2.600000000000000000e+01 0.000000000000000000e+00 1.000000000000000000e+00
4.539200000000000159e+02 3.700000000000000000e+01 2.300000000000000000e+01 0.000000000000000000e+00 1.000000000000000000e+00
4.570099999999999909e+02 3.500000000000000000e+01 3.400000000000000000e+01 1.000000000000000000e+00 1.000000000000000000e+00
4.570400000000000205e+02 3.600000000000000000e+01 3.100000000000000000e+01 1.000000000000000000e+00 1.000000000000000000e+00
4.580400000000000205e+02 3.800000000000000000e+01 5.000000000000000000e+00 0.000000000000000000e+00 1.000000000000000000e+00
4.605000000000000000e+02 3.800000000000000000e+01 2.900000000000000000e+01 0.000000000000000000e+00 1.000000000000000000e+00
4.618100000000000023e+02 3.800000000000000000e+01 2.800000000000000000e+01 1.000000000000000000e+00 1.000000000000000000e+00
4.624399999999999977e+02 3.700000000000000000e+01 1.200000000000000000e+01 1.000000000000000000e+00 1.000000000000000000e+00
4.633100000000000023e+02 3.900000000000000000e+01 2.400000000000000000e+01 0.000000000000000000e+00 1.000000000000000000e+00
4.659399999999999977e+02 3.800000000000000000e+01 3.200000000000000000e+01 1.000000000000000000e+00 1.000000000000000000e+00
4.659900000000000091e+02 4.000000000000000000e+01 2.300000000000000000e+01 0.000000000000000000e+00 1.000000000000000000e+00
4.682900000000000205e+02 3.600000000000000000e+01 2.400000000000000000e+01 0.000000000000000000e+00 1.000000000000000000e+00
4.705699999999999932e+02 3.900000000000000000e+01 2.200000000000000000e+01 0.000000000000000000e+00 1.000000000000000000e+00
4.707200000000000273e+02 3.600000000000000000e+01 3.200000000000000000e+01 1.000000000000000000e+00 1.000000000000000000e+00
4.708299999999999841e+02 3.400000000000000000e+01 3.000000000000000000e+01 1.000000000000000000e+00 1.000000000000000000e+00
4.721800000000000068e+02 3.800000000000000000e+01 9.000000000000000000e+00 0.000000000000000000e+00 1.000000000000000000e+00
4.726100000000000136e+02 3.800000000000000000e+01 7.000000000000000000e+00 0.000000000000000000e+00 1.000000000000000000e+00
4.732500000000000000e+02 3.600000000000000000e+01 3.000000000000000000e+01 1.000000000000000000e+00 1.000000000000000000e+00
4.740000000000000000e+02 4.300000000000000000e+01 3.000000000000000000e+01 1.000000000000000000e+00 1.000000000000000000e+00
4.750299999999999727e+02 3.700000000000000000e+01 1.100000000000000000e+01 1.000000000000000000e+00 1.000000000000000000e+00
4.767699999999999818e+02 3.800000000000000000e+01 2.300000000000000000e+01 0.000000000000000000e+00 1.000000000000000000e+00
4.828899999999999864e+02 4.200000000000000000e+01 2.400000000000000000e+01 0.000000000000000000e+00 1.000000000000000000e+00
4.832699999999999818e+02 3.800000000000000000e+01 6.000000000000000000e+00 0.000000000000000000e+00 1.000000000000000000e+00
4.855000000000000000e+02 3.500000000000000000e+01 2.400000000000000000e+01 0.000000000000000000e+00 1.000000000000000000e+00
4.891499999999999773e+02 3.900000000000000000e+01 2.300000000000000000e+01 0.000000000000000000e+00 1.000000000000000000e+00
4.906299999999999955e+02 5.000000000000000000e+00 3.600000000000000000e+01 1.000000000000000000e+00 1.000000000000000000e+00
4.908299999999999841e+02 3.800000000000000000e+01 3.300000000000000000e+01 1.000000000000000000e+00 1.000000000000000000e+00
4.920600000000000023e+02 3.800000000000000000e+01 2.100000000000000000e+01 0.000000000000000000e+00 1.000000000000000000e+00
4.931700000000000159e+02 4.000000000000000000e+01 2.300000000000000000e+01 0.000000000000000000e+00 1.000000000000000000e+00
4.959700000000000273e+02 3.800000000000000000e+01 2.400000000000000000e+01 0.000000000000000000e+00 1.000000000000000000e+00
4.959800000000000182e+02 4.200000000000000000e+01 3.200000000000000000e+01 1.000000000000000000e+00 1.000000000000000000e+00
4.959900000000000091e+02 4.200000000000000000e+01 3.200000000000000000e+01 1.000000000000000000e+00 1.000000000000000000e+00
4.961899999999999977e+02 4.200000000000000000e+01 3.200000000000000000e+01 1.000000000000000000e+00 1.000000000000000000e+00
4.984200000000000159e+02 3.600000000000000000e+01 2.300000000000000000e+01 0.000000000000000000e+00 1.000000000000000000e+00
4.995699999999999932e+02 3.800000000000000000e+01 3.200000000000000000e+01 1.000000000000000000e+00 1.000000000000000000e+00
5.006999999999999886e+02 3.700000000000000000e+01 2.000000000000000000e+00 0.000000000000000000e+00 1.000000000000000000e+00
5.018600000000000136e+02 3.700000000000000000e+01 8.000000000000000000e+00 1.000000000000000000e+00 1.000000000000000000e+00
5.018700000000000045e+02 3.500000000000000000e+01 3.200000000000000000e+01 1.000000000000000000e+00 1.000000000000000000e+00
5.031600000000000250e+02 3.500000000000000000e+01 3.200000000000000000e+01 1.000000000000000000e+00 1.000000000000000000e+00
5.071899999999999977e+02 4.300000000000000000e+01 2.500000000000000000e+01 0.000000000000000000e+00 1.000000000000000000e+00
5.099800000000000182e+02 3.400000000000000000e+01 2.500000000000000000e+01 0.000000000000000000e+00 1.000000000000000000e+00
5.114300000000000068e+02 3.600000000000000000e+01 3.200000000000000000e+01 1.000000000000000000e+00 1.000000000000000000e+00
5.114399999999999977e+02 3.900000000000000000e+01 3.200000000000000000e+01 1.000000000000000000e+00 1.000000000000000000e+00
5.142599999999999909e+02 3.900000000000000000e+01 3.200000000000000000e+01 1.000000000000000000e+00 1.000000000000000000e+00
5.163500000000000227e+02 1.800000000000000000e+01 2.900000000000000000e+01 1.000000000000000000e+00 1.000000000000000000e+00
5.180499999999999545e+02 3.400000000000000000e+01 2.800000000000000000e+01 1.000000000000000000e+00 1.000000000000000000e+00
5.187200000000000273e+02 3.500000000000000000e+01 3.100000000000000000e+01 1.000000000000000000e+00 1.000000000000000000e+00
5.215099999999999909e+02 3.700000000000000000e+01 2.700000000000000000e+01 1.000000000000000000e+00 1.000000000000000000e+00
5.282899999999999636e+02 3.700000000000000000e+01 2.300000000000000000e+01 0.000000000000000000e+00 1.000000000000000000e+00
5.293799999999999955e+02 3.700000000000000000e+01 2.300000000000000000e+01 0.000000000000000000e+00 1.000000000000000000e+00
5.304299999999999500e+02 3.900000000000000000e+01 2.200000000000000000e+01 0.000000000000000000e+00 1.000000000000000000e+00
5.306900000000000546e+02 4.100000000000000000e+01 2.300000000000000000e+01 0.000000000000000000e+00 1.000000000000000000e+00
5.307000000000000455e+02 3.400000000000000000e+01 3.000000000000000000e+01 1.000000000000000000e+00 1.000000000000000000e+00
5.316699999999999591e+02 3.400000000000000000e+01 3.000000000000000000e+01 1.000000000000000000e+00 1.000000000000000000e+00
5.348999999999999773e+02 3.600000000000000000e+01 2.300000000000000000e+01 0.000000000000000000e+00 1.000000000000000000e+00
5.350399999999999636e+02 3.700000000000000000e+01 9.000000000000000000e+00 1.000000000000000000e+00 1.000000000000000000e+00
5.357799999999999727e+02 3.700000000000000000e+01 2.800000000000000000e+01 0.000000000000000000e+00 1.000000000000000000e+00
5.362000000000000455e+02 3.500000000000000000e+01 2.400000000000000000e+01 0.000000000000000000e+00 1.000000000000000000e+00
5.365900000000000318e+02 3.700000000000000000e+01 3.200000000000000000e+01 1.000000000000000000e+00 1.000000000000000000e+00
5.405499999999999545e+02 4.300000000000000000e+01 3.100000000000000000e+01 1.000000000000000000e+00 1.000000000000000000e+00
5.419500000000000455e+02 4.200000000000000000e+01 2.400000000000000000e+01 0.000000000000000000e+00 1.000000000000000000e+00
5.422300000000000182e+02 0.000000000000000000e+00 3.100000000000000000e+01 1.000000000000000000e+00 1.000000000000000000e+00
5.451599999999999682e+02 4.100000000000000000e+01 2.900000000000000000e+01 1.000000000000000000e+00 1.000000000000000000e+00
5.453600000000000136e+02 4.100000000000000000e+01 2.800000000000000000e+01 1.000000000000000000e+00 1.000000000000000000e+00
5.459400000000000546e+02 3.800000000000000000e+01 3.000000000000000000e+00 0.000000000000000000e+00 1.000000000000000000e+00
5.463799999999999955e+02 3.800000000000000000e+01 5.000000000000000000e+00 0.000000000000000000e+00 1.000000000000000000e+00
5.479600000000000364e+02 3.800000000000000000e+01 4.000000000000000000e+00 0.000000000000000000e+00 1.000000000000000000e+00
5.487899999999999636e+02 3.800000000000000000e+01 3.100000000000000000e+01 1.000000000000000000e+00 1.000000000000000000e+00
5.492300000000000182e+02 4.000000000000000000e+01 2.300000000000000000e+01 0.000000000000000000e+00 1.000000000000000000e+00
5.503300000000000409e+02 3.700000000000000000e+01 3.300000000000000000e+01 1.000000000000000000e+00 1.000000000000000000e+00
5.508400000000000318e+02 4.100000000000000000e+01 3.200000000000000000e+01 1.000000000000000000e+00 1.000000000000000000e+00
5.519800000000000182e+02 4.000000000000000000e+01 2.400000000000000000e+01 0.000000000000000000e+00 1.000000000000000000e+00
5.523899999999999864e+02 2.000000000000000000e+00 3.500000000000000000e+01 0.000000000000000000e+00 1.000000000000000000e+00
5.531799999999999500e+02 3.800000000000000000e+01 2.200000000000000000e+01 0.000000000000000000e+00 1.000000000000000000e+00
5.534299999999999500e+02 4.000000000000000000e+01 2.600000000000000000e+01 0.000000000000000000e+00 1.000000000000000000e+00
5.535499999999999545e+02 3.800000000000000000e+01 2.500000000000000000e+01 0.000000000000000000e+00 1.000000000000000000e+00
5.537699999999999818e+02 3.500000000000000000e+01 2.500000000000000000e+01 0.000000000000000000e+00 1.000000000000000000e+00
5.550000000000000000e+02 3.000000000000000000e+00 6.500000000000000000e+01 0.000000000000000000e+00 1.000000000000000000e+00
5.575800000000000409e+02 3.700000000000000000e+01 2.600000000000000000e+01 0.000000000000000000e+00 1.000000000000000000e+00
5.612300000000000182e+02 4.100000000000000000e+01 2.300000000000000000e+01 0.000000000000000000e+00 1.000000000000000000e+00
5.638899999999999864e+02 4.200000000000000000e+01 2.400000000000000000e+01 0.000000000000000000e+00 1.000000000000000000e+00
5.640099999999999909e+02 3.900000000000000000e+01 3.100000000000000000e+01 1.000000000000000000e+00 1.000000000000000000e+00
5.647799999999999727e+02 3.900000000000000000e+01 2.200000000000000000e+01 0.000000000000000000e+00 1.000000000000000000e+00
5.647899999999999636e+02 4.200000000000000000e+01 3.100000000000000000e+01 1.000000000000000000e+00 1.000000000000000000e+00
5.653899999999999864e+02 4.200000000000000000e+01 3.100000000000000000e+01 1.000000000000000000e+00 1.000000000000000000e+00
5.672500000000000000e+02 1.000000000000000000e+00 2.600000000000000000e+01 1.000000000000000000e+00 1.000000000000000000e+00
5.673799999999999955e+02 2.000000000000000000e+00 3.500000000000000000e+01 0.000000000000000000e+00 1.000000000000000000e+00
5.680099999999999909e+02 3.400000000000000000e+01 2.900000000000000000e+01 1.000000000000000000e+00 1.000000000000000000e+00
5.680199999999999818e+02 3.500000000000000000e+01 3.100000000000000000e+01 1.000000000000000000e+00 1.000000000000000000e+00
5.681399999999999864e+02 3.500000000000000000e+01 3.100000000000000000e+01 1.000000000000000000e+00 1.000000000000000000e+00
5.684400000000000546e+02 4.300000000000000000e+01 2.600000000000000000e+01 0.000000000000000000e+00 1.000000000000000000e+00
5.716699999999999591e+02 4.000000000000000000e+01 2.200000000000000000e+01 0.000000000000000000e+00 1.000000000000000000e+00
5.737200000000000273e+02 3.400000000000000000e+01 3.000000000000000000e+01 1.000000000000000000e+00 1.000000000000000000e+00
5.854299999999999500e+02 3.800000000000000000e+01 2.400000000000000000e+01 0.000000000000000000e+00 1.000000000000000000e+00
5.854500000000000455e+02 3.900000000000000000e+01 2.700000000000000000e+01 1.000000000000000000e+00 1.000000000000000000e+00
5.863500000000000227e+02 3.600000000000000000e+01 3.100000000000000000e+01 1.000000000000000000e+00 1.000000000000000000e+00
5.884199999999999591e+02 3.600000000000000000e+01 2.900000000000000000e+01 1.000000000000000000e+00 1.000000000000000000e+00
5.884299999999999500e+02 3.200000000000000000e+01 3.400000000000000000e+01 1.000000000000000000e+00 1.000000000000000000e+00
5.888999999999999773e+02 3.200000000000000000e+01 3.400000000000000000e+01 1.000000000000000000e+00 1.000000000000000000e+00
5.889800000000000182e+02 4.100000000000000000e+01 3.100000000000000000e+01 1.000000000000000000e+00 1.000000000000000000e+00
5.900900000000000318e+02 4.100000000000000000e+01 2.300000000000000000e+01 0.000000000000000000e+00 1.000000000000000000e+00
5.911200000000000045e+02 3.900000000000000000e+01 2.100000000000000000e+01 0.000000000000000000e+00 1.000000000000000000e+00
5.931100000000000136e+02 3.500000000000000000e+01 2.400000000000000000e+01 0.000000000000000000e+00 1.000000000000000000e+00
5.956699999999999591e+02 3.500000000000000000e+01 1.200000000000000000e+01 1.000000000000000000e+00 1.000000000000000000e+00
5.961499999999999773e+02 4.200000000000000000e+01 2.800000000000000000e+01 1.000000000000000000e+00 1.000000000000000000e+00
5.997000000000000455e+02 3.800000000000000000e+01 2.000000000000000000e+00 0.000000000000000000e+00 1.000000000000000000e+00
6.005000000000000000e+02 3.800000000000000000e+01 2.400000000000000000e+01 0.000000000000000000e+00 1.000000000000000000e+00
6.010900000000000318e+02 3.600000000000000000e+01 2.300000000000000000e+01 0.000000000000000000e+00 1.000000000000000000e+00
6.029500000000000455e+02 3.700000000000000000e+01 4.000000000000000000e+01 1.000000000000000000e+00 1.000000000000000000e+00
6.035299999999999727e+02 3.700000000000000000e+01 2.200000000000000000e+01 0.000000000000000000e+00 1.000000000000000000e+00
6.040199999999999818e+02 4.000000000000000000e+01 3.200000000000000000e+01 1.000000000000000000e+00 1.000000000000000000e+00
6.042000000000000455e+02 3.700000000000000000e+01 2.700000000000000000e+01 1.000000000000000000e+00 1.000000000000000000e+00
6.060599999999999454e+02 3.900000000000000000e+01 3.300000000000000000e+01 1.000000000000000000e+00 1.000000000000000000e+00
6.128300000000000409e+02 3.500000000000000000e+01 3.000000000000000000e+01 1.000000000000000000e+00 1.000000000000000000e+00
6.144700000000000273e+02 3.500000000000000000e+01 3.000000000000000000e+01 1.000000000000000000e+00 1.000000000000000000e+00
6.148099999999999454e+02 3.800000000000000000e+01 3.200000000000000000e+01 1.000000000000000000e+00 1.000000000000000000e+00
6.148200000000000500e+02 3.700000000000000000e+01 3.200000000000000000e+01 1.000000000000000000e+00 1.000000000000000000e+00
6.149400000000000546e+02 3.700000000000000000e+01 3.200000000000000000e+01 1.000000000000000000e+00 1.000000000000000000e+00
6.166599999999999682e+02 3.900000000000000000e+01 3.200000000000000000e+01 1.000000000000000000e+00 1.000000000000000000e+00
6.173300000000000409e+02 3.500000000000000000e+01 2.400000000000000000e+01 0.000000000000000000e+00 1.000000000000000000e+00
6.181100000000000136e+02 3.400000000000000000e+01 2.500000000000000000e+01 0.000000000000000000e+00 1.000000000000000000e+00
6.234900000000000091e+02 3.700000000000000000e+01 3.100000000000000000e+01 1.000000000000000000e+00 1.000000000000000000e+00
6.235399999999999636e+02 3.600000000000000000e+01 2.300000000000000000e+01 0.000000000000000000e+00 1.000000000000000000e+00
6.236499999999999773e+02 3.800000000000000000e+01 2.400000000000000000e+01 0.000000000000000000e+00 1.000000000000000000e+00
6.247999999999999545e+02 3.900000000000000000e+01 2.000000000000000000e+01 0.000000000000000000e+00 1.000000000000000000e+00
6.248200000000000500e+02 4.000000000000000000e+01 2.200000000000000000e+01 0.000000000000000000e+00 1.000000000000000000e+00
6.253899999999999864e+02 3.400000000000000000e+01 2.800000000000000000e+01 1.000000000000000000e+00 1.000000000000000000e+00
6.327599999999999909e+02 3.700000000000000000e+01 1.400000000000000000e+01 1.000000000000000000e+00 1.000000000000000000e+00
6.329099999999999682e+02 3.500000000000000000e+01 3.100000000000000000e+01 1.000000000000000000e+00 1.000000000000000000e+00
6.334500000000000455e+02 3.700000000000000000e+01 2.200000000000000000e+01 0.000000000000000000e+00 1.000000000000000000e+00
6.362200000000000273e+02 4.200000000000000000e+01 2.300000000000000000e+01 0.000000000000000000e+00 1.000000000000000000e+00
6.369800000000000182e+02 3.800000000000000000e+01 2.400000000000000000e+01 0.000000000000000000e+00 1.000000000000000000e+00
6.391100000000000136e+02 3.600000000000000000e+01 2.800000000000000000e+01 0.000000000000000000e+00 1.000000000000000000e+00
6.437500000000000000e+02 3.800000000000000000e+01 2.200000000000000000e+01 0.000000000000000000e+00 1.000000000000000000e+00
6.475900000000000318e+02 4.300000000000000000e+01 2.400000000000000000e+01 0.000000000000000000e+00 1.000000000000000000e+00
6.482699999999999818e+02 3.600000000000000000e+01 2.400000000000000000e+01 0.000000000000000000e+00 1.000000000000000000e+00
6.486599999999999682e+02 3.800000000000000000e+01 2.700000000000000000e+01 1.000000000000000000e+00 1.000000000000000000e+00
6.492300000000000182e+02 4.000000000000000000e+01 3.100000000000000000e+01 1.000000000000000000e+00 1.000000000000000000e+00
6.497400000000000091e+02 3.900000000000000000e+01 2.100000000000000000e+01 0.000000000000000000e+00 1.000000000000000000e+00
6.510399999999999636e+02 4.000000000000000000e+01 2.200000000000000000e+01 0.000000000000000000e+00 1.000000000000000000e+00
6.516699999999999591e+02 3.700000000000000000e+01 7.000000000000000000e+00 1.000000000000000000e+00 1.000000000000000000e+00
6.521200000000000045e+02 3.600000000000000000e+01 3.200000000000000000e+01 1.000000000000000000e+00 1.000000000000000000e+00
6.547999999999999545e+02 4.300000000000000000e+01 2.500000000000000000e+01 0.000000000000000000e+00 1.000000000000000000e+00
6.561699999999999591e+02 4.000000000000000000e+01 2.700000000000000000e+01 1.000000000000000000e+00 1.000000000000000000e+00
6.575599999999999454e+02 3.900000000000000000e+01 3.000000000000000000e+01 1.000000000000000000e+00 1.000000000000000000e+00
6.587599999999999909e+02 3.700000000000000000e+01 2.200000000000000000e+01 0.000000000000000000e+00 1.000000000000000000e+00
6.595599999999999454e+02 3.500000000000000000e+01 2.300000000000000000e+01 0.000000000000000000e+00 1.000000000000000000e+00
6.599099999999999682e+02 3.500000000000000000e+01 3.000000000000000000e+01 1.000000000000000000e+00 1.000000000000000000e+00
6.615900000000000318e+02 5.000000000000000000e+00 2.500000000000000000e+01 1.000000000000000000e+00 1.000000000000000000e+00
6.648400000000000318e+02 3.400000000000000000e+01 2.900000000000000000e+01 1.000000000000000000e+00 1.000000000000000000e+00
6.666499999999999773e+02 3.400000000000000000e+01 2.900000000000000000e+01 1.000000000000000000e+00 1.000000000000000000e+00
6.677200000000000273e+02 4.000000000000000000e+01 2.300000000000000000e+01 0.000000000000000000e+00 1.000000000000000000e+00
6.677999999999999545e+02 3.600000000000000000e+01 3.100000000000000000e+01 1.000000000000000000e+00 1.000000000000000000e+00
6.678999999999999773e+02 3.900000000000000000e+01 3.000000000000000000e+01 0.000000000000000000e+00 1.000000000000000000e+00
6.682000000000000455e+02 3.800000000000000000e+01 3.200000000000000000e+01 1.000000000000000000e+00 1.000000000000000000e+00
6.717200000000000273e+02 4.300000000000000000e+01 2.900000000000000000e+01 1.000000000000000000e+00 1.000000000000000000e+00
6.739800000000000182e+02 4.000000000000000000e+00 5.200000000000000000e+01 0.000000000000000000e+00 1.000000000000000000e+00
6.755800000000000409e+02 3.700000000000000000e+01 6.000000000000000000e+00 1.000000000000000000e+00 1.000000000000000000e+00
6.782200000000000273e+02 4.300000000000000000e+01 3.000000000000000000e+01 1.000000000000000000e+00 1.000000000000000000e+00
6.801699999999999591e+02 3.900000000000000000e+01 2.200000000000000000e+01 0.000000000000000000e+00 1.000000000000000000e+00
6.809400000000000546e+02 4.200000000000000000e+01 2.300000000000000000e+01 0.000000000000000000e+00 1.000000000000000000e+00
6.822699999999999818e+02 4.100000000000000000e+01 3.100000000000000000e+01 1.000000000000000000e+00 1.000000000000000000e+00
6.835000000000000000e+02 4.300000000000000000e+01 3.200000000000000000e+01 1.000000000000000000e+00 1.000000000000000000e+00
6.840299999999999727e+02 3.900000000000000000e+01 3.000000000000000000e+01 1.000000000000000000e+00 1.000000000000000000e+00
6.852999999999999545e+02 3.300000000000000000e+01 3.100000000000000000e+01 1.000000000000000000e+00 1.000000000000000000e+00
6.870299999999999727e+02 3.500000000000000000e+01 2.400000000000000000e+01 0.000000000000000000e+00 1.000000000000000000e+00
6.878700000000000045e+02 3.500000000000000000e+01 2.300000000000000000e+01 0.000000000000000000e+00 1.000000000000000000e+00
6.921900000000000546e+02 3.700000000000000000e+01 3.100000000000000000e+01 1.000000000000000000e+00 1.000000000000000000e+00
6.921900000000000546e+02 3.700000000000000000e+01 3.100000000000000000e+01 1.000000000000000000e+00 1.000000000000000000e+00
6.923899999999999864e+02 3.700000000000000000e+01 3.100000000000000000e+01 1.000000000000000000e+00 1.000000000000000000e+00
6.927300000000000182e+02 3.700000000000000000e+01 2.200000000000000000e+01 0.000000000000000000e+00 1.000000000000000000e+00
6.930599999999999454e+02 4.100000000000000000e+01 2.200000000000000000e+01 0.000000000000000000e+00 1.000000000000000000e+00
6.934400000000000546e+02 3.600000000000000000e+01 2.300000000000000000e+01 0.000000000000000000e+00 1.000000000000000000e+00
6.939700000000000273e+02 3.700000000000000000e+01 5.000000000000000000e+00 1.000000000000000000e+00 1.000000000000000000e+00
6.942000000000000455e+02 3.900000000000000000e+01 3.000000000000000000e+01 0.000000000000000000e+00 1.000000000000000000e+00
6.946699999999999591e+02 3.000000000000000000e+00 4.200000000000000000e+01 0.000000000000000000e+00 1.000000000000000000e+00
6.974099999999999682e+02 3.800000000000000000e+01 1.000000000000000000e+00 0.000000000000000000e+00 1.000000000000000000e+00
6.981200000000000045e+02 4.000000000000000000e+01 3.200000000000000000e+01 1.000000000000000000e+00 1.000000000000000000e+00
6.983300000000000409e+02 4.300000000000000000e+01 2.400000000000000000e+01 0.000000000000000000e+00 1.000000000000000000e+00
7.030599999999999454e+02 3.800000000000000000e+01 2.200000000000000000e+01 0.000000000000000000e+00 1.000000000000000000e+00
7.033899999999999864e+02 3.900000000000000000e+01 3.200000000000000000e+01 1.000000000000000000e+00 1.000000000000000000e+00
7.101599999999999682e+02 3.900000000000000000e+01 3.000000000000000000e+01 1.000000000000000000e+00 1.000000000000000000e+00
7.127500000000000000e+02 3.900000000000000000e+01 3.000000000000000000e+01 1.000000000000000000e+00 1.000000000000000000e+00
7.138700000000000045e+02 3.700000000000000000e+01 3.200000000000000000e+01 1.000000000000000000e+00 1.000000000000000000e+00
7.141399999999999864e+02 3.700000000000000000e+01 2.300000000000000000e+01 0.000000000000000000e+00 1.000000000000000000e+00
7.178300000000000409e+02 4.100000000000000000e+01 2.200000000000000000e+01 0.000000000000000000e+00 1.000000000000000000e+00
7.180099999999999909e+02 3.900000000000000000e+01 2.000000000000000000e+01 0.000000000000000000e+00 1.000000000000000000e+00
7.180800000000000409e+02 2.000000000000000000e+00 1.900000000000000000e+01 0.000000000000000000e+00 1.000000000000000000e+00
7.183500000000000227e+02 3.500000000000000000e+01 3.000000000000000000e+01 1.000000000000000000e+00 1.000000000000000000e+00
7.199099999999999682e+02 2.000000000000000000e+00 3.200000000000000000e+01 0.000000000000000000e+00 1.000000000000000000e+00
7.216499999999999773e+02 4.200000000000000000e+01 3.100000000000000000e+01 1.000000000000000000e+00 1.000000000000000000e+00
7.220199999999999818e+02 3.700000000000000000e+01 2.000000000000000000e+00 1.000000000000000000e+00 1.000000000000000000e+00
7.224299999999999500e+02 4.200000000000000000e+01 2.300000000000000000e+01 0.000000000000000000e+00 1.000000000000000000e+00
7.292100000000000364e+02 4.000000000000000000e+01 2.200000000000000000e+01 0.000000000000000000e+00 1.000000000000000000e+00
7.294400000000000546e+02 4.000000000000000000e+01 2.200000000000000000e+01 0.000000000000000000e+00 1.000000000000000000e+00
7.310700000000000500e+02 1.200000000000000000e+01 2.500000000000000000e+01 1.000000000000000000e+00 1.000000000000000000e+00
7.322899999999999636e+02 3.600000000000000000e+01 3.000000000000000000e+01 1.000000000000000000e+00 1.000000000000000000e+00
7.365199999999999818e+02 3.500000000000000000e+01 2.300000000000000000e+01 0.000000000000000000e+00 1.000000000000000000e+00
7.394900000000000091e+02 3.800000000000000000e+01 3.300000000000000000e+01 1.000000000000000000e+00 1.000000000000000000e+00
7.405700000000000500e+02 3.500000000000000000e+01 2.900000000000000000e+01 1.000000000000000000e+00 1.000000000000000000e+00
7.405800000000000409e+02 3.400000000000000000e+01 2.800000000000000000e+01 1.000000000000000000e+00 1.000000000000000000e+00
7.405900000000000318e+02 3.400000000000000000e+01 2.800000000000000000e+01 1.000000000000000000e+00 1.000000000000000000e+00
7.408400000000000318e+02 3.400000000000000000e+01 2.800000000000000000e+01 1.000000000000000000e+00 1.000000000000000000e+00
7.411900000000000546e+02 3.800000000000000000e+01 0.000000000000000000e+00 0.000000000000000000e+00 1.000000000000000000e+00
7.449600000000000364e+02 3.800000000000000000e+01 3.100000000000000000e+01 1.000000000000000000e+00 1.000000000000000000e+00
7.463300000000000409e+02 3.000000000000000000e+00 1.200000000000000000e+01 0.000000000000000000e+00 1.000000000000000000e+00
7.464099999999999682e+02 3.800000000000000000e+01 2.200000000000000000e+01 0.000000000000000000e+00 1.000000000000000000e+00
7.499199999999999591e+02 3.900000000000000000e+01 1.900000000000000000e+01 0.000000000000000000e+00 1.000000000000000000e+00
7.500900000000000318e+02 4.100000000000000000e+01 2.200000000000000000e+01 0.000000000000000000e+00 1.000000000000000000e+00
7.505199999999999818e+02 4.100000000000000000e+01 2.300000000000000000e+01 0.000000000000000000e+00 1.000000000000000000e+00
7.567899999999999636e+02 1.000000000000000000e+00 3.600000000000000000e+01 0.000000000000000000e+00 1.000000000000000000e+00
7.585800000000000409e+02 3.600000000000000000e+01 3.700000000000000000e+01 1.000000000000000000e+00 1.000000000000000000e+00
7.600299999999999727e+02 3.400000000000000000e+01 2.900000000000000000e+01 1.000000000000000000e+00 1.000000000000000000e+00
7.601799999999999500e+02 3.400000000000000000e+01 3.600000000000000000e+01 1.000000000000000000e+00 1.000000000000000000e+00
7.605499999999999545e+02 3.100000000000000000e+01 3.200000000000000000e+01 1.000000000000000000e+00 1.000000000000000000e+00
7.632899999999999636e+02 3.600000000000000000e+01 3.000000000000000000e+01 1.000000000000000000e+00 1.000000000000000000e+00
7.634600000000000364e+02 3.700000000000000000e+01 3.100000000000000000e+01 1.000000000000000000e+00 1.000000000000000000e+00
7.639400000000000546e+02 3.700000000000000000e+01 2.200000000000000000e+01 0.000000000000000000e+00 1.000000000000000000e+00
7.641499999999999773e+02 3.500000000000000000e+01 2.300000000000000000e+01 0.000000000000000000e+00 1.000000000000000000e+00
7.662999999999999545e+02 3.700000000000000000e+01 2.700000000000000000e+01 0.000000000000000000e+00 1.000000000000000000e+00
7.707400000000000091e+02 2.000000000000000000e+00 1.200000000000000000e+01 0.000000000000000000e+00 1.000000000000000000e+00
7.707500000000000000e+02 4.200000000000000000e+01 3.000000000000000000e+01 1.000000000000000000e+00 1.000000000000000000e+00
7.707599999999999909e+02 4.200000000000000000e+01 3.000000000000000000e+01 1.000000000000000000e+00 1.000000000000000000e+00
7.715199999999999818e+02 4.200000000000000000e+01 3.000000000000000000e+01 1.000000000000000000e+00 1.000000000000000000e+00
7.737200000000000273e+02 3.900000000000000000e+01 2.300000000000000000e+01 0.000000000000000000e+00 1.000000000000000000e+00
7.747500000000000000e+02 3.900000000000000000e+01 2.100000000000000000e+01 0.000000000000000000e+00 1.000000000000000000e+00
7.752999999999999545e+02 4.200000000000000000e+01 2.700000000000000000e+01 1.000000000000000000e+00 1.000000000000000000e+00
7.763899999999999864e+02 3.600000000000000000e+01 2.200000000000000000e+01 0.000000000000000000e+00 1.000000000000000000e+00
7.772300000000000182e+02 3.900000000000000000e+01 3.100000000000000000e+01 1.000000000000000000e+00 1.000000000000000000e+00
7.796599999999999682e+02 4.300000000000000000e+01 2.300000000000000000e+01 0.000000000000000000e+00 1.000000000000000000e+00
7.843099999999999454e+02 3.700000000000000000e+01 2.200000000000000000e+01 0.000000000000000000e+00 1.000000000000000000e+00
7.845399999999999636e+02 3.800000000000000000e+01 2.100000000000000000e+01 0.000000000000000000e+00 1.000000000000000000e+00
7.850000000000000000e+02 4.400000000000000000e+01 2.600000000000000000e+01 0.000000000000000000e+00 1.000000000000000000e+00
7.853500000000000227e+02 3.900000000000000000e+01 2.000000000000000000e+01 0.000000000000000000e+00 1.000000000000000000e+00
7.853700000000000045e+02 3.600000000000000000e+01 3.100000000000000000e+01 1.000000000000000000e+00 1.000000000000000000e+00
7.862300000000000182e+02 3.500000000000000000e+01 3.000000000000000000e+01 1.000000000000000000e+00 1.000000000000000000e+00
7.899700000000000273e+02 3.700000000000000000e+01 2.500000000000000000e+01 0.000000000000000000e+00 1.000000000000000000e+00
7.899800000000000182e+02 3.400000000000000000e+01 2.800000000000000000e+01 1.000000000000000000e+00 1.000000000000000000e+00
7.899900000000000091e+02 3.400000000000000000e+01 2.800000000000000000e+01 1.000000000000000000e+00 1.000000000000000000e+00
7.915800000000000409e+02 3.400000000000000000e+01 2.800000000000000000e+01 1.000000000000000000e+00 1.000000000000000000e+00
7.917599999999999909e+02 3.800000000000000000e+01 2.000000000000000000e+00 0.000000000000000000e+00 1.000000000000000000e+00
7.944600000000000364e+02 3.700000000000000000e+01 2.400000000000000000e+01 0.000000000000000000e+00 1.000000000000000000e+00
8.012300000000000182e+02 4.300000000000000000e+01 2.600000000000000000e+01 0.000000000000000000e+00 1.000000000000000000e+00
8.038700000000000045e+02 4.300000000000000000e+01 2.600000000000000000e+01 0.000000000000000000e+00 1.000000000000000000e+00
8.077699999999999818e+02 3.800000000000000000e+01 2.300000000000000000e+01 0.000000000000000000e+00 1.000000000000000000e+00
8.079500000000000455e+02 3.700000000000000000e+01 3.000000000000000000e+00 1.000000000000000000e+00 1.000000000000000000e+00
8.088700000000000045e+02 3.700000000000000000e+01 3.100000000000000000e+01 1.000000000000000000e+00 1.000000000000000000e+00
8.091799999999999500e+02 3.900000000000000000e+01 2.200000000000000000e+01 0.000000000000000000e+00 1.000000000000000000e+00
8.123999999999999773e+02 8.000000000000000000e+00 3.100000000000000000e+01 1.000000000000000000e+00 1.000000000000000000e+00
8.157599999999999909e+02 3.700000000000000000e+01 3.000000000000000000e+01 1.000000000000000000e+00 1.000000000000000000e+00
8.162000000000000455e+02 4.100000000000000000e+01 2.700000000000000000e+01 1.000000000000000000e+00 1.000000000000000000e+00
8.181599999999999682e+02 4.000000000000000000e+01 2.200000000000000000e+01 0.000000000000000000e+00 1.000000000000000000e+00
8.218400000000000318e+02 3.500000000000000000e+01 2.900000000000000000e+01 1.000000000000000000e+00 1.000000000000000000e+00
8.249600000000000364e+02 3.800000000000000000e+01 2.100000000000000000e+01 0.000000000000000000e+00 1.000000000000000000e+00
8.271200000000000045e+02 3.600000000000000000e+01 2.200000000000000000e+01 0.000000000000000000e+00 1.000000000000000000e+00
8.294099999999999682e+02 4.100000000000000000e+01 2.200000000000000000e+01 0.000000000000000000e+00 1.000000000000000000e+00
8.306900000000000546e+02 3.800000000000000000e+01 3.200000000000000000e+01 1.000000000000000000e+00 1.000000000000000000e+00
8.307699999999999818e+02 3.800000000000000000e+01 3.100000000000000000e+01 1.000000000000000000e+00 1.000000000000000000e+00
8.315499999999999545e+02 4.300000000000000000e+01 2.300000000000000000e+01 0.000000000000000000e+00 1.000000000000000000e+00
8.325199999999999818e+02 3.500000000000000000e+01 2.300000000000000000e+01 0.000000000000000000e+00 1.000000000000000000e+00
8.392200000000000273e+02 4.300000000000000000e+01 2.500000000000000000e+01 0.000000000000000000e+00 1.000000000000000000e+00
8.411599999999999682e+02 4.000000000000000000e+01 2.100000000000000000e+01 0.000000000000000000e+00 1.000000000000000000e+00
8.411699999999999591e+02 3.400000000000000000e+01 2.700000000000000000e+01 1.000000000000000000e+00 1.000000000000000000e+00
8.417799999999999727e+02 3.400000000000000000e+01 2.700000000000000000e+01 1.000000000000000000e+00 1.000000000000000000e+00
8.438600000000000136e+02 4.000000000000000000e+01 3.100000000000000000e+01 1.000000000000000000e+00 1.000000000000000000e+00
8.482400000000000091e+02 3.500000000000000000e+01 2.800000000000000000e+01 1.000000000000000000e+00 1.000000000000000000e+00
8.496100000000000136e+02 3.500000000000000000e+01 2.300000000000000000e+01 0.000000000000000000e+00 1.000000000000000000e+00
8.496200000000000045e+02 4.100000000000000000e+01 3.100000000000000000e+01 1.000000000000000000e+00 1.000000000000000000e+00
8.498899999999999864e+02 4.100000000000000000e+01 3.100000000000000000e+01 1.000000000000000000e+00 1.000000000000000000e+00
8.551200000000000045e+02 5.000000000000000000e+00 8.100000000000000000e+01 0.000000000000000000e+00 1.000000000000000000e+00
8.552300000000000182e+02 4.300000000000000000e+01 2.400000000000000000e+01 0.000000000000000000e+00 1.000000000000000000e+00
8.579400000000000546e+02 4.300000000000000000e+01 2.800000000000000000e+01 1.000000000000000000e+00 1.000000000000000000e+00
8.596299999999999955e+02 3.700000000000000000e+01 2.200000000000000000e+01 0.000000000000000000e+00 1.000000000000000000e+00
8.615000000000000000e+02 3.800000000000000000e+01 2.600000000000000000e+01 1.000000000000000000e+00 1.000000000000000000e+00
8.620800000000000409e+02 3.600000000000000000e+01 3.000000000000000000e+01 1.000000000000000000e+00 1.000000000000000000e+00
8.631900000000000546e+02 3.900000000000000000e+01 2.600000000000000000e+01 1.000000000000000000e+00 1.000000000000000000e+00
8.640700000000000500e+02 3.800000000000000000e+01 2.300000000000000000e+01 0.000000000000000000e+00 1.000000000000000000e+00
8.644700000000000273e+02 4.200000000000000000e+01 2.200000000000000000e+01 0.000000000000000000e+00 1.000000000000000000e+00
8.653999999999999773e+02 4.200000000000000000e+01 2.800000000000000000e+01 1.000000000000000000e+00 1.000000000000000000e+00
8.654099999999999682e+02 3.400000000000000000e+01 2.800000000000000000e+01 1.000000000000000000e+00 1.000000000000000000e+00
8.662200000000000273e+02 3.400000000000000000e+01 2.800000000000000000e+01 1.000000000000000000e+00 1.000000000000000000e+00
8.668999999999999773e+02 3.300000000000000000e+01 2.900000000000000000e+01 1.000000000000000000e+00 1.000000000000000000e+00
8.676200000000000045e+02 3.900000000000000000e+01 2.000000000000000000e+01 0.000000000000000000e+00 1.000000000000000000e+00
8.677300000000000182e+02 4.000000000000000000e+00 3.600000000000000000e+01 1.000000000000000000e+00 1.000000000000000000e+00
8.714900000000000091e+02 3.600000000000000000e+01 2.300000000000000000e+01 0.000000000000000000e+00 1.000000000000000000e+00
8.715499999999999545e+02 3.900000000000000000e+01 3.100000000000000000e+01 1.000000000000000000e+00 1.000000000000000000e+00
8.717999999999999545e+02 3.900000000000000000e+01 1.900000000000000000e+01 0.000000000000000000e+00 1.000000000000000000e+00
8.727300000000000182e+02 3.300000000000000000e+01 4.100000000000000000e+01 1.000000000000000000e+00 1.000000000000000000e+00
8.734099999999999682e+02 3.500000000000000000e+01 2.400000000000000000e+01 0.000000000000000000e+00 1.000000000000000000e+00
8.739199999999999591e+02 3.800000000000000000e+01 2.400000000000000000e+01 0.000000000000000000e+00 1.000000000000000000e+00
8.766100000000000136e+02 3.900000000000000000e+01 2.600000000000000000e+01 0.000000000000000000e+00 1.000000000000000000e+00
8.793700000000000045e+02 3.900000000000000000e+01 2.800000000000000000e+01 0.000000000000000000e+00 1.000000000000000000e+00
8.860599999999999454e+02 3.500000000000000000e+01 2.900000000000000000e+01 1.000000000000000000e+00 1.000000000000000000e+00
8.860700000000000500e+02 4.000000000000000000e+01 2.100000000000000000e+01 0.000000000000000000e+00 1.000000000000000000e+00
8.871799999999999500e+02 3.700000000000000000e+01 2.100000000000000000e+01 0.000000000000000000e+00 1.000000000000000000e+00
8.896399999999999864e+02 3.700000000000000000e+01 2.600000000000000000e+01 1.000000000000000000e+00 1.000000000000000000e+00
8.897799999999999727e+02 3.700000000000000000e+01 3.100000000000000000e+01 1.000000000000000000e+00 1.000000000000000000e+00
8.914400000000000546e+02 3.400000000000000000e+01 3.000000000000000000e+01 1.000000000000000000e+00 1.000000000000000000e+00
8.915800000000000409e+02 3.800000000000000000e+01 2.400000000000000000e+01 0.000000000000000000e+00 1.000000000000000000e+00
8.915800000000000409e+02 3.700000000000000000e+01 3.400000000000000000e+01 1.000000000000000000e+00 1.000000000000000000e+00
8.922000000000000455e+02 2.100000000000000000e+01 2.700000000000000000e+01 1.000000000000000000e+00 1.000000000000000000e+00
8.925499999999999545e+02 3.700000000000000000e+01 2.200000000000000000e+01 0.000000000000000000e+00 1.000000000000000000e+00
8.956599999999999682e+02 3.700000000000000000e+01 1.000000000000000000e+00 1.000000000000000000e+00 1.000000000000000000e+00
8.962599999999999909e+02 5.000000000000000000e+00 2.400000000000000000e+01 1.000000000000000000e+00 1.000000000000000000e+00
8.977899999999999636e+02 3.800000000000000000e+01 3.100000000000000000e+01 1.000000000000000000e+00 1.000000000000000000e+00
8.985499999999999545e+02 4.100000000000000000e+01 3.000000000000000000e+01 1.000000000000000000e+00 1.000000000000000000e+00
9.003899999999999864e+02 3.600000000000000000e+01 2.200000000000000000e+01 0.000000000000000000e+00 1.000000000000000000e+00
9.021200000000000045e+02 3.500000000000000000e+01 2.300000000000000000e+01 0.000000000000000000e+00 1.000000000000000000e+00
9.023099999999999454e+02 4.300000000000000000e+01 2.900000000000000000e+01 1.000000000000000000e+00 1.000000000000000000e+00
9.039500000000000455e+02 3.500000000000000000e+01 2.800000000000000000e+01 1.000000000000000000e+00 1.000000000000000000e+00
9.040599999999999454e+02 4.100000000000000000e+01 3.200000000000000000e+01 1.000000000000000000e+00 1.000000000000000000e+00
9.042000000000000455e+02 4.200000000000000000e+01 2.200000000000000000e+01 0.000000000000000000e+00 1.000000000000000000e+00
9.077200000000000273e+02 4.200000000000000000e+01 2.300000000000000000e+01 0.000000000000000000e+00 1.000000000000000000e+00
9.090499999999999545e+02 4.200000000000000000e+01 3.000000000000000000e+01 1.000000000000000000e+00 1.000000000000000000e+00
9.149400000000000546e+02 3.700000000000000000e+01 4.000000000000000000e+00 1.000000000000000000e+00 1.000000000000000000e+00
9.187799999999999727e+02 4.100000000000000000e+01 2.100000000000000000e+01 0.000000000000000000e+00 1.000000000000000000e+00
9.199800000000000182e+02 3.600000000000000000e+01 2.900000000000000000e+01 1.000000000000000000e+00 1.000000000000000000e+00
9.207200000000000273e+02 3.400000000000000000e+01 2.700000000000000000e+01 1.000000000000000000e+00 1.000000000000000000e+00
9.224900000000000091e+02 3.400000000000000000e+01 2.700000000000000000e+01 1.000000000000000000e+00 1.000000000000000000e+00
9.228400000000000318e+02 3.700000000000000000e+01 2.100000000000000000e+01 0.000000000000000000e+00 1.000000000000000000e+00
9.233899999999999864e+02 3.700000000000000000e+01 3.000000000000000000e+01 1.000000000000000000e+00 1.000000000000000000e+00
9.249800000000000182e+02 3.900000000000000000e+01 2.100000000000000000e+01 0.000000000000000000e+00 1.000000000000000000e+00
9.249900000000000091e+02 3.500000000000000000e+01 2.900000000000000000e+01 1.000000000000000000e+00 1.000000000000000000e+00
9.250000000000000000e+02 3.500000000000000000e+01 2.900000000000000000e+01 1.000000000000000000e+00 1.000000000000000000e+00
9.250900000000000318e+02 3.500000000000000000e+01 2.900000000000000000e+01 1.000000000000000000e+00 1.000000000000000000e+00
9.263600000000000136e+02 3.800000000000000000e+01 3.000000000000000000e+01 1.000000000000000000e+00 1.000000000000000000e+00
9.267300000000000182e+02 3.600000000000000000e+01 2.800000000000000000e+01 1.000000000000000000e+00 1.000000000000000000e+00
9.296100000000000136e+02 2.600000000000000000e+01 4.000000000000000000e+01 1.000000000000000000e+00 1.000000000000000000e+00
9.314400000000000546e+02 4.000000000000000000e+01 3.000000000000000000e+01 1.000000000000000000e+00 1.000000000000000000e+00
9.315299999999999727e+02 3.700000000000000000e+01 0.000000000000000000e+00 1.000000000000000000e+00 1.000000000000000000e+00
9.337599999999999909e+02 3.900000000000000000e+01 1.800000000000000000e+01 0.000000000000000000e+00 1.000000000000000000e+00
9.389099999999999682e+02 3.800000000000000000e+01 2.100000000000000000e+01 0.000000000000000000e+00 1.000000000000000000e+00
9.399099999999999682e+02 3.400000000000000000e+01 3.100000000000000000e+01 1.000000000000000000e+00 1.000000000000000000e+00
9.400299999999999727e+02 3.600000000000000000e+01 2.200000000000000000e+01 0.000000000000000000e+00 1.000000000000000000e+00
9.450000000000000000e+02 4.000000000000000000e+01 2.100000000000000000e+01 0.000000000000000000e+00 1.000000000000000000e+00
9.534700000000000273e+02 3.700000000000000000e+01 2.000000000000000000e+00 1.000000000000000000e+00 1.000000000000000000e+00
9.540299999999999727e+02 3.700000000000000000e+01 2.000000000000000000e+00 1.000000000000000000e+00 1.000000000000000000e+00
9.574700000000000273e+02 3.400000000000000000e+01 2.600000000000000000e+01 1.000000000000000000e+00 1.000000000000000000e+00
9.582999999999999545e+02 4.100000000000000000e+01 2.100000000000000000e+01 0.000000000000000000e+00 1.000000000000000000e+00
9.597100000000000364e+02 3.700000000000000000e+01 2.100000000000000000e+01 0.000000000000000000e+00 1.000000000000000000e+00
9.600499999999999545e+02 3.900000000000000000e+01 1.700000000000000000e+01 0.000000000000000000e+00 1.000000000000000000e+00
9.673700000000000045e+02 3.500000000000000000e+01 2.800000000000000000e+01 1.000000000000000000e+00 1.000000000000000000e+00
9.686100000000000136e+02 4.300000000000000000e+01 2.300000000000000000e+01 0.000000000000000000e+00 1.000000000000000000e+00
9.716299999999999955e+02 4.300000000000000000e+01 2.400000000000000000e+01 0.000000000000000000e+00 1.000000000000000000e+00
9.722300000000000182e+02 3.400000000000000000e+01 2.700000000000000000e+01 1.000000000000000000e+00 1.000000000000000000e+00
9.730599999999999454e+02 4.000000000000000000e+01 2.600000000000000000e+01 1.000000000000000000e+00 1.000000000000000000e+00
9.748500000000000227e+02 3.600000000000000000e+01 3.000000000000000000e+01 1.000000000000000000e+00 1.000000000000000000e+00
9.755700000000000500e+02 3.400000000000000000e+01 2.400000000000000000e+01 0.000000000000000000e+00 1.000000000000000000e+00
9.766399999999999864e+02 4.000000000000000000e+01 3.100000000000000000e+01 1.000000000000000000e+00 1.000000000000000000e+00
9.819500000000000455e+02 3.500000000000000000e+01 2.900000000000000000e+01 1.000000000000000000e+00 1.000000000000000000e+00
9.819700000000000273e+02 3.800000000000000000e+01 4.000000000000000000e+01 1.000000000000000000e+00 1.000000000000000000e+00
9.938600000000000136e+02 3.700000000000000000e+01 2.100000000000000000e+01 0.000000000000000000e+00 1.000000000000000000e+00
9.956200000000000045e+02 1.500000000000000000e+01 3.800000000000000000e+01 1.000000000000000000e+00 1.000000000000000000e+00
9.965800000000000409e+02 4.000000000000000000e+01 2.100000000000000000e+01 0.000000000000000000e+00 1.000000000000000000e+00
