1.100000000000000006e-01 5.300000000000000000e+01 4.300000000000000000e+01 0.000000000000000000e+00 0.000000000000000000e+00
1.900000000000000022e-01 5.800000000000000000e+01 3.300000000000000000e+01 1.000000000000000000e+00 0.000000000000000000e+00
4.009999999999999787e+00 4.900000000000000000e+01 4.100000000000000000e+01 0.000000000000000000e+00 0.000000000000000000e+00
4.459999999999999964e+00 5.600000000000000000e+01 4.200000000000000000e+01 0.000000000000000000e+00 0.000000000000000000e+00
6.610000000000000320e+00 5.500000000000000000e+01 3.500000000000000000e+01 0.000000000000000000e+00 0.000000000000000000e+00
7.839999999999999858e+00 5.500000000000000000e+01 3.600000000000000000e+01 1.000000000000000000e+00 0.000000000000000000e+00
8.470000000000000639e+00 5.500000000000000000e+01 4.200000000000000000e+01 0.000000000000000000e+00 0.000000000000000000e+00
8.750000000000000000e+00 4.800000000000000000e+01 3.900000000000000000e+01 0.000000000000000000e+00 0.000000000000000000e+00
1.127999999999999936e+01 5.100000000000000000e+01 4.200000000000000000e+01 0.000000000000000000e+00 0.000000000000000000e+00
1.341999999999999993e+01 5.600000000000000000e+01 4.100000000000000000e+01 0.000000000000000000e+00 0.000000000000000000e+00
1.352999999999999936e+01 5.300000000000000000e+01 2.700000000000000000e+01 1.000000000000000000e+00 0.000000000000000000e+00
1.386999999999999922e+01 5.100000000000000000e+01 3.200000000000000000e+01 1.000000000000000000e+00 0.000000000000000000e+00
1.914000000000000057e+01 5.700000000000000000e+01 4.200000000000000000e+01 0.000000000000000000e+00 0.000000000000000000e+00
2.023999999999999844e+01 5.500000000000000000e+01 4.300000000000000000e+01 0.000000000000000000e+00 0.000000000000000000e+00
2.142000000000000171e+01 5.000000000000000000e+01 3.200000000000000000e+01 1.000000000000000000e+00 0.000000000000000000e+00
2.183999999999999986e+01 4.900000000000000000e+01 4.000000000000000000e+01 0.000000000000000000e+00 0.000000000000000000e+00
2.278000000000000114e+01 5.700000000000000000e+01 4.000000000000000000e+01 0.000000000000000000e+00 0.000000000000000000e+00
2.287000000000000099e+01 5.400000000000000000e+01 1.900000000000000000e+01 0.000000000000000000e+00 0.000000000000000000e+00
2.410999999999999943e+01 5.800000000000000000e+01 4.100000000000000000e+01 0.000000000000000000e+00 0.000000000000000000e+00
2.435999999999999943e+01 5.000000000000000000e+01 4.200000000000000000e+01 0.000000000000000000e+00 0.000000000000000000e+00
2.828999999999999915e+01 5.300000000000000000e+01 4.300000000000000000e+01 0.000000000000000000e+00 0.000000000000000000e+00
2.851000000000000156e+01 5.400000000000000000e+01 1.300000000000000000e+01 0.000000000000000000e+00 0.000000000000000000e+00
3.082000000000000028e+01 4.800000000000000000e+01 3.800000000000000000e+01 0.000000000000000000e+00 0.000000000000000000e+00
3.224000000000000199e+01 5.000000000000000000e+01 3.300000000000000000e+01 1.000000000000000000e+00 0.000000000000000000e+00
3.325999999999999801e+01 5.400000000000000000e+01 4.300000000000000000e+01 0.000000000000000000e+00 0.000000000000000000e+00
3.421999999999999886e+01 5.400000000000000000e+01 1.800000000000000000e+01 0.000000000000000000e+00 0.000000000000000000e+00
3.517999999999999972e+01 5.300000000000000000e+01 3.100000000000000000e+01 1.000000000000000000e+00 0.000000000000000000e+00
3.534000000000000341e+01 4.800000000000000000e+01 4.000000000000000000e+01 0.000000000000000000e+00 0.000000000000000000e+00
3.599000000000000199e+01 4.900000000000000000e+01 4.100000000000000000e+01 0.000000000000000000e+00 0.000000000000000000e+00
3.725999999999999801e+01 5.500000000000000000e+01 4.000000000000000000e+01 0.000000000000000000e+00 0.000000000000000000e+00
4.147999999999999687e+01 5.900000000000000000e+01 3.500000000000000000e+01 1.000000000000000000e+00 0.000000000000000000e+00
4.167999999999999972e+01 5.100000000000000000e+01 3.200000000000000000e+01 1.000000000000000000e+00 0.000000000000000000e+00
4.242000000000000171e+01 5.000000000000000000e+01 4.200000000000000000e+01 0.000000000000000000e+00 0.000000000000000000e+00
4.253000000000000114e+01 5.200000000000000000e+01 4.300000000000000000e+01 0.000000000000000000e+00 0.000000000000000000e+00
4.260000000000000142e+01 5.200000000000000000e+01 3.200000000000000000e+01 1.000000000000000000e+00 0.000000000000000000e+00
4.365999999999999659e+01 5.100000000000000000e+01 3.900000000000000000e+01 0.000000000000000000e+00 0.000000000000000000e+00
4.502000000000000313e+01 5.400000000000000000e+01 4.000000000000000000e+01 0.000000000000000000e+00 0.000000000000000000e+00
4.510999999999999943e+01 5.900000000000000000e+01 4.000000000000000000e+01 0.000000000000000000e+00 0.000000000000000000e+00
4.590999999999999659e+01 5.900000000000000000e+01 3.900000000000000000e+01 0.000000000000000000e+00 0.000000000000000000e+00
4.670000000000000284e+01 5.400000000000000000e+01 4.200000000000000000e+01 0.000000000000000000e+00 0.000000000000000000e+00
4.671999999999999886e+01 5.800000000000000000e+01 3.600000000000000000e+01 0.000000000000000000e+00 0.000000000000000000e+00
4.684000000000000341e+01 5.500000000000000000e+01 3.100000000000000000e+01 1.000000000000000000e+00 0.000000000000000000e+00
4.861999999999999744e+01 5.700000000000000000e+01 3.800000000000000000e+01 0.000000000000000000e+00 0.000000000000000000e+00
5.314000000000000057e+01 5.000000000000000000e+01 4.100000000000000000e+01 0.000000000000000000e+00 0.000000000000000000e+00
5.403000000000000114e+01 5.800000000000000000e+01 3.700000000000000000e+01 0.000000000000000000e+00 0.000000000000000000e+00
5.471999999999999886e+01 4.800000000000000000e+01 3.900000000000000000e+01 0.000000000000000000e+00 0.000000000000000000e+00
5.489000000000000057e+01 5.100000000000000000e+01 4.100000000000000000e+01 0.000000000000000000e+00 0.000000000000000000e+00
5.507999999999999829e+01 5.600000000000000000e+01 3.200000000000000000e+01 1.000000000000000000e+00 0.000000000000000000e+00
5.552000000000000313e+01 5.400000000000000000e+01 1.400000000000000000e+01 0.000000000000000000e+00 0.000000000000000000e+00
5.627000000000000313e+01 5.700000000000000000e+01 3.200000000000000000e+01 1.000000000000000000e+00 0.000000000000000000e+00
5.938000000000000256e+01 5.700000000000000000e+01 3.100000000000000000e+01 1.000000000000000000e+00 0.000000000000000000e+00
5.960000000000000142e+01 5.000000000000000000e+01 3.700000000000000000e+01 0.000000000000000000e+00 0.000000000000000000e+00
6.017000000000000171e+01 5.700000000000000000e+01 3.900000000000000000e+01 1.000000000000000000e+00 0.000000000000000000e+00
6.086999999999999744e+01 4.900000000000000000e+01 4.000000000000000000e+01 0.000000000000000000e+00 0.000000000000000000e+00
6.107999999999999829e+01 5.400000000000000000e+01 3.600000000000000000e+01 0.000000000000000000e+00 0.000000000000000000e+00
6.529999999999999716e+01 5.200000000000000000e+01 3.300000000000000000e+01 0.000000000000000000e+00 0.000000000000000000e+00
6.571999999999999886e+01 5.200000000000000000e+01 4.300000000000000000e+01 0.000000000000000000e+00 0.000000000000000000e+00
6.603000000000000114e+01 5.500000000000000000e+01 4.300000000000000000e+01 0.000000000000000000e+00 0.000000000000000000e+00
6.734000000000000341e+01 5.100000000000000000e+01 4.200000000000000000e+01 0.000000000000000000e+00 0.000000000000000000e+00
6.940999999999999659e+01 5.900000000000000000e+01 3.400000000000000000e+01 1.000000000000000000e+00 0.000000000000000000e+00
7.034999999999999432e+01 5.200000000000000000e+01 3.100000000000000000e+01 1.000000000000000000e+00 0.000000000000000000e+00
7.414000000000000057e+01 5.000000000000000000e+01 4.200000000000000000e+01 0.000000000000000000e+00 0.000000000000000000e+00
7.545999999999999375e+01 4.900000000000000000e+01 4.100000000000000000e+01 0.000000000000000000e+00 0.000000000000000000e+00
7.676000000000000512e+01 4.900000000000000000e+01 3.400000000000000000e+01 1.000000000000000000e+00 0.000000000000000000e+00
8.035999999999999943e+01 5.300000000000000000e+01 4.300000000000000000e+01 0.000000000000000000e+00 0.000000000000000000e+00
8.132999999999999829e+01 5.900000000000000000e+01 3.800000000000000000e+01 0.000000000000000000e+00 0.000000000000000000e+00
8.264000000000000057e+01 5.800000000000000000e+01 3.300000000000000000e+01 1.000000000000000000e+00 0.000000000000000000e+00
8.281000000000000227e+01 4.800000000000000000e+01 4.000000000000000000e+01 0.000000000000000000e+00 0.000000000000000000e+00
8.440000000000000568e+01 4.800000000000000000e+01 3.800000000000000000e+01 0.000000000000000000e+00 0.000000000000000000e+00
8.665999999999999659e+01 5.100000000000000000e+01 3.200000000000000000e+01 1.000000000000000000e+00 0.000000000000000000e+00
9.829000000000000625e+01 5.300000000000000000e+01 3.700000000000000000e+01 1.000000000000000000e+00 0.000000000000000000e+00
9.829999999999999716e+01 5.300000000000000000e+01 3.700000000000000000e+01 1.000000000000000000e+00 0.000000000000000000e+00
9.859000000000000341e+01 5.400000000000000000e+01 2.200000000000000000e+01 0.000000000000000000e+00 0.000000000000000000e+00
9.859999999999999432e+01 5.600000000000000000e+01 3.200000000000000000e+01 1.000000000000000000e+00 0.000000000000000000e+00
9.909000000000000341e+01 5.400000000000000000e+01 1.600000000000000000e+01 0.000000000000000000e+00 0.000000000000000000e+00
9.912999999999999545e+01 5.500000000000000000e+01 3.900000000000000000e+01 0.000000000000000000e+00 0.000000000000000000e+00
9.971999999999999886e+01 5.200000000000000000e+01 3.600000000000000000e+01 0.000000000000000000e+00 0.000000000000000000e+00
9.973000000000000398e+01 5.400000000000000000e+01 3.100000000000000000e+01 0.000000000000000000e+00 0.000000000000000000e+00
1.026800000000000068e+02 4.800000000000000000e+01 3.900000000000000000e+01 0.000000000000000000e+00 0.000000000000000000e+00
1.030900000000000034e+02 5.800000000000000000e+01 4.100000000000000000e+01 0.000000000000000000e+00 0.000000000000000000e+00
1.031400000000000006e+02 5.100000000000000000e+01 4.300000000000000000e+01 0.000000000000000000e+00 0.000000000000000000e+00
1.031599999999999966e+02 5.600000000000000000e+01 4.000000000000000000e+01 0.000000000000000000e+00 0.000000000000000000e+00
1.039099999999999966e+02 5.200000000000000000e+01 3.700000000000000000e+01 1.000000000000000000e+00 0.000000000000000000e+00
1.040699999999999932e+02 5.200000000000000000e+01 4.300000000000000000e+01 0.000000000000000000e+00 0.000000000000000000e+00
1.041099999999999994e+02 4.900000000000000000e+01 3.300000000000000000e+01 1.000000000000000000e+00 0.000000000000000000e+00
1.047099999999999937e+02 5.400000000000000000e+01 4.300000000000000000e+01 0.000000000000000000e+00 0.000000000000000000e+00
1.072600000000000051e+02 5.600000000000000000e+01 4.300000000000000000e+01 0.000000000000000000e+00 0.000000000000000000e+00
1.088499999999999943e+02 5.400000000000000000e+01 2.000000000000000000e+01 0.000000000000000000e+00 0.000000000000000000e+00
1.091200000000000045e+02 5.600000000000000000e+01 4.100000000000000000e+01 0.000000000000000000e+00 0.000000000000000000e+00
1.092000000000000028e+02 5.500000000000000000e+01 4.300000000000000000e+01 0.000000000000000000e+00 0.000000000000000000e+00
1.096700000000000017e+02 5.300000000000000000e+01 3.100000000000000000e+01 1.000000000000000000e+00 0.000000000000000000e+00
1.096899999999999977e+02 5.500000000000000000e+01 4.100000000000000000e+01 0.000000000000000000e+00 0.000000000000000000e+00
1.130199999999999960e+02 5.500000000000000000e+01 3.700000000000000000e+01 0.000000000000000000e+00 0.000000000000000000e+00
1.143700000000000045e+02 5.400000000000000000e+01 3.200000000000000000e+01 1.000000000000000000e+00 0.000000000000000000e+00
1.214300000000000068e+02 5.500000000000000000e+01 3.200000000000000000e+01 1.000000000000000000e+00 0.000000000000000000e+00
1.229699999999999989e+02 4.900000000000000000e+01 4.200000000000000000e+01 0.000000000000000000e+00 0.000000000000000000e+00
1.235300000000000011e+02 5.200000000000000000e+01 3.600000000000000000e+01 0.000000000000000000e+00 0.000000000000000000e+00
1.245400000000000063e+02 4.800000000000000000e+01 4.000000000000000000e+01 0.000000000000000000e+00 0.000000000000000000e+00
1.254599999999999937e+02 5.800000000000000000e+01 3.900000000000000000e+01 0.000000000000000000e+00 0.000000000000000000e+00
1.254899999999999949e+02 5.900000000000000000e+01 4.000000000000000000e+01 0.000000000000000000e+00 0.000000000000000000e+00
1.303799999999999955e+02 5.200000000000000000e+01 3.200000000000000000e+01 1.000000000000000000e+00 0.000000000000000000e+00
1.363799999999999955e+02 4.900000000000000000e+01 3.400000000000000000e+01 1.000000000000000000e+00 0.000000000000000000e+00
1.382700000000000102e+02 4.800000000000000000e+01 3.500000000000000000e+01 1.000000000000000000e+00 0.000000000000000000e+00
1.400500000000000114e+02 5.700000000000000000e+01 4.200000000000000000e+01 0.000000000000000000e+00 0.000000000000000000e+00
1.423000000000000114e+02 5.300000000000000000e+01 3.900000000000000000e+01 0.000000000000000000e+00 0.000000000000000000e+00
1.435699999999999932e+02 5.600000000000000000e+01 3.600000000000000000e+01 0.000000000000000000e+00 0.000000000000000000e+00
1.467599999999999909e+02 5.500000000000000000e+01 3.600000000000000000e+01 0.000000000000000000e+00 0.000000000000000000e+00
1.488700000000000045e+02 5.300000000000000000e+01 3.200000000000000000e+01 1.000000000000000000e+00 0.000000000000000000e+00
1.488799999999999955e+02 5.300000000000000000e+01 3.200000000000000000e+01 1.000000000000000000e+00 0.000000000000000000e+00
1.505500000000000114e+02 5.400000000000000000e+01 1.100000000000000000e+01 0.000000000000000000e+00 0.000000000000000000e+00
1.539000000000000057e+02 4.900000000000000000e+01 4.100000000000000000e+01 0.000000000000000000e+00 0.000000000000000000e+00
1.548400000000000034e+02 5.600000000000000000e+01 4.300000000000000000e+01 0.000000000000000000e+00 0.000000000000000000e+00
1.549199999999999875e+02 5.300000000000000000e+01 3.300000000000000000e+01 1.000000000000000000e+00 0.000000000000000000e+00
1.575800000000000125e+02 5.000000000000000000e+01 3.300000000000000000e+01 1.000000000000000000e+00 0.000000000000000000e+00
1.602599999999999909e+02 4.800000000000000000e+01 4.000000000000000000e+01 0.000000000000000000e+00 0.000000000000000000e+00
1.607400000000000091e+02 5.400000000000000000e+01 1.200000000000000000e+01 0.000000000000000000e+00 0.000000000000000000e+00
1.614399999999999977e+02 5.100000000000000000e+01 4.300000000000000000e+01 0.000000000000000000e+00 0.000000000000000000e+00
1.639099999999999966e+02 5.400000000000000000e+01 2.800000000000000000e+01 1.000000000000000000e+00 0.000000000000000000e+00
1.650600000000000023e+02 5.400000000000000000e+01 3.800000000000000000e+01 1.000000000000000000e+00 0.000000000000000000e+00
1.668000000000000114e+02 5.700000000000000000e+01 3.300000000000000000e+01 1.000000000000000000e+00 0.000000000000000000e+00
1.675900000000000034e+02 5.600000000000000000e+01 4.200000000000000000e+01 0.000000000000000000e+00 0.000000000000000000e+00
1.680699999999999932e+02 5.500000000000000000e+01 3.100000000000000000e+01 1.000000000000000000e+00 0.000000000000000000e+00
1.702400000000000091e+02 4.900000000000000000e+01 4.200000000000000000e+01 0.000000000000000000e+00 0.000000000000000000e+00
1.716699999999999875e+02 5.500000000000000000e+01 0.000000000000000000e+00 1.000000000000000000e+00 0.000000000000000000e+00
1.722100000000000080e+02 4.900000000000000000e+01 3.400000000000000000e+01 1.000000000000000000e+00 0.000000000000000000e+00
1.727500000000000000e+02 5.600000000000000000e+01 3.200000000000000000e+01 1.000000000000000000e+00 0.000000000000000000e+00
1.730300000000000011e+02 5.200000000000000000e+01 3.700000000000000000e+01 1.000000000000000000e+00 0.000000000000000000e+00
1.754000000000000057e+02 4.900000000000000000e+01 4.100000000000000000e+01 0.000000000000000000e+00 0.000000000000000000e+00
1.754900000000000091e+02 5.500000000000000000e+01 4.400000000000000000e+01 0.000000000000000000e+00 0.000000000000000000e+00
1.755399999999999920e+02 5.700000000000000000e+01 4.300000000000000000e+01 0.000000000000000000e+00 0.000000000000000000e+00
1.795000000000000000e+02 5.700000000000000000e+01 4.100000000000000000e+01 0.000000000000000000e+00 0.000000000000000000e+00
1.812400000000000091e+02 5.700000000000000000e+01 3.700000000000000000e+01 0.000000000000000000e+00 0.000000000000000000e+00
1.865500000000000114e+02 5.500000000000000000e+01 3.200000000000000000e+01 1.000000000000000000e+00 0.000000000000000000e+00
1.881599999999999966e+02 5.500000000000000000e+01 4.100000000000000000e+01 0.000000000000000000e+00 0.000000000000000000e+00
1.900500000000000114e+02 5.500000000000000000e+01 2.500000000000000000e+01 1.000000000000000000e+00 0.000000000000000000e+00
1.904799999999999898e+02 4.800000000000000000e+01 3.900000000000000000e+01 0.000000000000000000e+00 0.000000000000000000e+00
1.906800000000000068e+02 5.900000000000000000e+01 4.100000000000000000e+01 0.000000000000000000e+00 0.000000000000000000e+00
1.936200000000000045e+02 5.900000000000000000e+01 4.000000000000000000e+01 0.000000000000000000e+00 0.000000000000000000e+00
1.953000000000000114e+02 4.900000000000000000e+01 4.200000000000000000e+01 0.000000000000000000e+00 0.000000000000000000e+00
1.961500000000000057e+02 4.800000000000000000e+01 4.000000000000000000e+01 0.000000000000000000e+00 0.000000000000000000e+00
1.970999999999999943e+02 5.700000000000000000e+01 4.200000000000000000e+01 0.000000000000000000e+00 0.000000000000000000e+00
1.972199999999999989e+02 5.200000000000000000e+01 3.200000000000000000e+01 1.000000000000000000e+00 0.000000000000000000e+00
1.978899999999999864e+02 5.500000000000000000e+01 3.800000000000000000e+01 1.000000000000000000e+00 0.000000000000000000e+00
1.988700000000000045e+02 5.100000000000000000e+01 4.300000000000000000e+01 0.000000000000000000e+00 0.000000000000000000e+00
1.990500000000000114e+02 5.100000000000000000e+01 3.600000000000000000e+01 0.000000000000000000e+00 0.000000000000000000e+00
2.010800000000000125e+02 5.600000000000000000e+01 4.200000000000000000e+01 0.000000000000000000e+00 0.000000000000000000e+00
2.029699999999999989e+02 5.700000000000000000e+01 3.300000000000000000e+01 1.000000000000000000e+00 0.000000000000000000e+00
2.030399999999999920e+02 2.700000000000000000e+01 7.200000000000000000e+01 0.000000000000000000e+00 0.000000000000000000e+00
2.031200000000000045e+02 5.400000000000000000e+01 3.200000000000000000e+01 1.000000000000000000e+00 0.000000000000000000e+00
2.031599999999999966e+02 5.000000000000000000e+01 4.300000000000000000e+01 0.000000000000000000e+00 0.000000000000000000e+00
2.037500000000000000e+02 5.800000000000000000e+01 4.200000000000000000e+01 0.000000000000000000e+00 0.000000000000000000e+00
2.049099999999999966e+02 5.400000000000000000e+01 4.300000000000000000e+01 0.000000000000000000e+00 0.000000000000000000e+00
2.061899999999999977e+02 4.800000000000000000e+01 4.100000000000000000e+01 0.000000000000000000e+00 0.000000000000000000e+00
2.099499999999999886e+02 5.100000000000000000e+01 3.300000000000000000e+01 1.000000000000000000e+00 0.000000000000000000e+00
2.106500000000000057e+02 5.500000000000000000e+01 4.000000000000000000e+00 1.000000000000000000e+00 0.000000000000000000e+00
2.138499999999999943e+02 5.400000000000000000e+01 4.400000000000000000e+01 0.000000000000000000e+00 0.000000000000000000e+00
2.158600000000000136e+02 5.700000000000000000e+01 3.900000000000000000e+01 0.000000000000000000e+00 0.000000000000000000e+00
2.226800000000000068e+02 5.700000000000000000e+01 3.900000000000000000e+01 0.000000000000000000e+00 0.000000000000000000e+00
2.227299999999999898e+02 5.300000000000000000e+01 3.200000000000000000e+01 1.000000000000000000e+00 0.000000000000000000e+00
2.242899999999999920e+02 5.200000000000000000e+01 4.400000000000000000e+01 0.000000000000000000e+00 0.000000000000000000e+00
2.250699999999999932e+02 5.800000000000000000e+01 3.400000000000000000e+01 1.000000000000000000e+00 0.000000000000000000e+00
2.265800000000000125e+02 5.000000000000000000e+01 3.300000000000000000e+01 1.000000000000000000e+00 0.000000000000000000e+00
2.309399999999999977e+02 5.500000000000000000e+01 4.400000000000000000e+01 0.000000000000000000e+00 0.000000000000000000e+00
2.310800000000000125e+02 5.800000000000000000e+01 3.700000000000000000e+01 0.000000000000000000e+00 0.000000000000000000e+00
2.324000000000000057e+02 5.300000000000000000e+01 4.400000000000000000e+01 0.000000000000000000e+00 0.000000000000000000e+00
2.331899999999999977e+02 5.300000000000000000e+01 3.300000000000000000e+01 1.000000000000000000e+00 0.000000000000000000e+00
2.338799999999999955e+02 5.400000000000000000e+01 4.300000000000000000e+01 0.000000000000000000e+00 0.000000000000000000e+00
2.357500000000000000e+02 5.100000000000000000e+01 3.200000000000000000e+01 1.000000000000000000e+00 0.000000000000000000e+00
2.384499999999999886e+02 5.800000000000000000e+01 4.200000000000000000e+01 0.000000000000000000e+00 0.000000000000000000e+00
2.386100000000000136e+02 5.300000000000000000e+01 3.700000000000000000e+01 0.000000000000000000e+00 0.000000000000000000e+00
2.402100000000000080e+02 4.900000000000000000e+01 3.900000000000000000e+01 0.000000000000000000e+00 0.000000000000000000e+00
2.402199999999999989e+02 5.500000000000000000e+01 4.000000000000000000e+01 0.000000000000000000e+00 0.000000000000000000e+00
2.413499999999999943e+02 5.500000000000000000e+01 1.600000000000000000e+01 1.000000000000000000e+00 0.000000000000000000e+00
2.421599999999999966e+02 5.300000000000000000e+01 4.300000000000000000e+01 0.000000000000000000e+00 0.000000000000000000e+00
2.423499999999999943e+02 5.900000000000000000e+01 4.100000000000000000e+01 0.000000000000000000e+00 0.000000000000000000e+00
2.440000000000000000e+02 5.400000000000000000e+01 3.900000000000000000e+01 0.000000000000000000e+00 0.000000000000000000e+00
2.475300000000000011e+02 5.300000000000000000e+01 4.200000000000000000e+01 0.000000000000000000e+00 0.000000000000000000e+00
2.497100000000000080e+02 5.300000000000000000e+01 3.300000000000000000e+01 0.000000000000000000e+00 0.000000000000000000e+00
2.499799999999999898e+02 5.500000000000000000e+01 3.200000000000000000e+01 1.000000000000000000e+00 0.000000000000000000e+00
2.515500000000000114e+02 5.400000000000000000e+01 3.700000000000000000e+01 0.000000000000000000e+00 0.000000000000000000e+00
2.545500000000000114e+02 5.100000000000000000e+01 4.400000000000000000e+01 0.000000000000000000e+00 0.000000000000000000e+00
2.548899999999999864e+02 5.600000000000000000e+01 4.300000000000000000e+01 0.000000000000000000e+00 0.000000000000000000e+00
2.564599999999999795e+02 5.900000000000000000e+01 3.800000000000000000e+01 0.000000000000000000e+00 0.000000000000000000e+00
2.565799999999999841e+02 5.500000000000000000e+01 4.400000000000000000e+01 0.000000000000000000e+00 0.000000000000000000e+00
2.603600000000000136e+02 5.200000000000000000e+01 3.200000000000000000e+01 1.000000000000000000e+00 0.000000000000000000e+00
2.604300000000000068e+02 5.100000000000000000e+01 4.300000000000000000e+01 0.000000000000000000e+00 0.000000000000000000e+00
2.604399999999999977e+02 5.700000000000000000e+01 4.300000000000000000e+01 0.000000000000000000e+00 0.000000000000000000e+00
2.629399999999999977e+02 5.300000000000000000e+01 3.200000000000000000e+01 1.000000000000000000e+00 0.000000000000000000e+00
2.630799999999999841e+02 5.500000000000000000e+01 3.900000000000000000e+01 1.000000000000000000e+00 0.000000000000000000e+00
2.636399999999999864e+02 5.200000000000000000e+01 4.400000000000000000e+01 0.000000000000000000e+00 0.000000000000000000e+00
2.647699999999999818e+02 5.900000000000000000e+01 3.500000000000000000e+01 1.000000000000000000e+00 0.000000000000000000e+00
2.647799999999999727e+02 4.900000000000000000e+01 3.400000000000000000e+01 1.000000000000000000e+00 0.000000000000000000e+00
2.658199999999999932e+02 5.500000000000000000e+01 4.300000000000000000e+01 0.000000000000000000e+00 0.000000000000000000e+00
2.662500000000000000e+02 5.100000000000000000e+01 3.300000000000000000e+01 1.000000000000000000e+00 0.000000000000000000e+00
2.683700000000000045e+02 5.400000000000000000e+01 4.400000000000000000e+01 0.000000000000000000e+00 0.000000000000000000e+00
2.688299999999999841e+02 5.400000000000000000e+01 2.500000000000000000e+01 0.000000000000000000e+00 0.000000000000000000e+00
2.714399999999999977e+02 5.400000000000000000e+01 4.100000000000000000e+01 0.000000000000000000e+00 0.000000000000000000e+00
2.737400000000000091e+02 4.800000000000000000e+01 4.100000000000000000e+01 0.000000000000000000e+00 0.000000000000000000e+00
2.805600000000000023e+02 4.800000000000000000e+01 4.100000000000000000e+01 0.000000000000000000e+00 0.000000000000000000e+00
2.828399999999999750e+02 5.600000000000000000e+01 3.100000000000000000e+01 1.000000000000000000e+00 0.000000000000000000e+00
2.837699999999999818e+02 5.300000000000000000e+01 4.400000000000000000e+01 0.000000000000000000e+00 0.000000000000000000e+00
2.864900000000000091e+02 5.800000000000000000e+01 3.400000000000000000e+01 1.000000000000000000e+00 0.000000000000000000e+00
2.887900000000000205e+02 5.600000000000000000e+01 4.200000000000000000e+01 0.000000000000000000e+00 0.000000000000000000e+00
2.890400000000000205e+02 5.700000000000000000e+01 3.300000000000000000e+01 1.000000000000000000e+00 0.000000000000000000e+00
2.890500000000000114e+02 5.700000000000000000e+01 3.300000000000000000e+01 1.000000000000000000e+00 0.000000000000000000e+00
2.948199999999999932e+02 4.800000000000000000e+01 3.900000000000000000e+01 0.000000000000000000e+00 0.000000000000000000e+00
2.998899999999999864e+02 5.100000000000000000e+01 4.400000000000000000e+01 0.000000000000000000e+00 0.000000000000000000e+00
3.017500000000000000e+02 5.100000000000000000e+01 3.300000000000000000e+01 1.000000000000000000e+00 0.000000000000000000e+00
3.017500000000000000e+02 5.400000000000000000e+01 1.800000000000000000e+01 0.000000000000000000e+00 0.000000000000000000e+00
3.033000000000000114e+02 5.500000000000000000e+01 3.600000000000000000e+01 0.000000000000000000e+00 0.000000000000000000e+00
3.049300000000000068e+02 5.100000000000000000e+01 4.300000000000000000e+01 0.000000000000000000e+00 0.000000000000000000e+00
3.050600000000000023e+02 5.300000000000000000e+01 3.800000000000000000e+01 1.000000000000000000e+00 0.000000000000000000e+00
3.078500000000000227e+02 5.500000000000000000e+01 4.400000000000000000e+01 0.000000000000000000e+00 0.000000000000000000e+00
3.105699999999999932e+02 5.600000000000000000e+01 3.300000000000000000e+01 1.000000000000000000e+00 0.000000000000000000e+00
3.109200000000000159e+02 5.400000000000000000e+01 1.500000000000000000e+01 0.000000000000000000e+00 0.000000000000000000e+00
3.111499999999999773e+02 4.900000000000000000e+01 4.300000000000000000e+01 0.000000000000000000e+00 0.000000000000000000e+00
3.116200000000000045e+02 5.600000000000000000e+01 4.200000000000000000e+01 0.000000000000000000e+00 0.000000000000000000e+00
3.129499999999999886e+02 5.200000000000000000e+01 4.400000000000000000e+01 0.000000000000000000e+00 0.000000000000000000e+00
3.131700000000000159e+02 5.600000000000000000e+01 4.400000000000000000e+01 0.000000000000000000e+00 0.000000000000000000e+00
3.160799999999999841e+02 5.100000000000000000e+01 4.200000000000000000e+01 0.000000000000000000e+00 0.000000000000000000e+00
3.161000000000000227e+02 5.700000000000000000e+01 3.900000000000000000e+01 0.000000000000000000e+00 0.000000000000000000e+00
3.178199999999999932e+02 5.000000000000000000e+01 4.300000000000000000e+01 0.000000000000000000e+00 0.000000000000000000e+00
3.195899999999999750e+02 5.900000000000000000e+01 4.100000000000000000e+01 0.000000000000000000e+00 0.000000000000000000e+00
3.221100000000000136e+02 5.600000000000000000e+01 4.100000000000000000e+01 0.000000000000000000e+00 0.000000000000000000e+00
3.275299999999999727e+02 5.400000000000000000e+01 4.000000000000000000e+01 0.000000000000000000e+00 0.000000000000000000e+00
3.277500000000000000e+02 5.500000000000000000e+01 4.100000000000000000e+01 0.000000000000000000e+00 0.000000000000000000e+00
3.286999999999999886e+02 5.400000000000000000e+01 3.800000000000000000e+01 0.000000000000000000e+00 0.000000000000000000e+00
3.321999999999999886e+02 4.800000000000000000e+01 4.100000000000000000e+01 0.000000000000000000e+00 0.000000000000000000e+00
3.332099999999999795e+02 5.800000000000000000e+01 3.800000000000000000e+01 0.000000000000000000e+00 0.000000000000000000e+00
3.361399999999999864e+02 5.500000000000000000e+01 4.200000000000000000e+01 0.000000000000000000e+00 0.000000000000000000e+00
3.385000000000000000e+02 5.400000000000000000e+01 3.700000000000000000e+01 0.000000000000000000e+00 0.000000000000000000e+00
3.390400000000000205e+02 4.900000000000000000e+01 4.200000000000000000e+01 0.000000000000000000e+00 0.000000000000000000e+00
3.422500000000000000e+02 5.300000000000000000e+01 3.200000000000000000e+01 1.000000000000000000e+00 0.000000000000000000e+00
3.456499999999999773e+02 4.900000000000000000e+01 4.300000000000000000e+01 0.000000000000000000e+00 0.000000000000000000e+00
3.460699999999999932e+02 5.000000000000000000e+01 3.400000000000000000e+01 1.000000000000000000e+00 0.000000000000000000e+00
3.491100000000000136e+02 5.400000000000000000e+01 3.300000000000000000e+01 1.000000000000000000e+00 0.000000000000000000e+00
3.503399999999999750e+02 5.100000000000000000e+01 4.400000000000000000e+01 0.000000000000000000e+00 0.000000000000000000e+00
3.521399999999999864e+02 5.500000000000000000e+01 3.800000000000000000e+01 0.000000000000000000e+00 0.000000000000000000e+00
3.537500000000000000e+02 5.600000000000000000e+01 3.300000000000000000e+01 1.000000000000000000e+00 0.000000000000000000e+00
3.546999999999999886e+02 4.800000000000000000e+01 3.600000000000000000e+01 1.000000000000000000e+00 0.000000000000000000e+00
3.549399999999999977e+02 5.200000000000000000e+01 3.700000000000000000e+01 0.000000000000000000e+00 0.000000000000000000e+00
3.551700000000000159e+02 5.600000000000000000e+01 3.700000000000000000e+01 0.000000000000000000e+00 0.000000000000000000e+00
3.593999999999999773e+02 5.200000000000000000e+01 4.300000000000000000e+01 0.000000000000000000e+00 0.000000000000000000e+00
3.600299999999999727e+02 5.500000000000000000e+01 3.200000000000000000e+01 1.000000000000000000e+00 0.000000000000000000e+00
3.601600000000000250e+02 5.300000000000000000e+01 4.500000000000000000e+01 0.000000000000000000e+00 0.000000000000000000e+00
3.609499999999999886e+02 5.200000000000000000e+01 3.500000000000000000e+01 1.000000000000000000e+00 0.000000000000000000e+00
3.616899999999999977e+02 5.500000000000000000e+01 3.300000000000000000e+01 1.000000000000000000e+00 0.000000000000000000e+00
3.626399999999999864e+02 4.800000000000000000e+01 4.200000000000000000e+01 0.000000000000000000e+00 0.000000000000000000e+00
3.636499999999999773e+02 4.900000000000000000e+01 3.500000000000000000e+01 1.000000000000000000e+00 0.000000000000000000e+00
3.651299999999999955e+02 4.900000000000000000e+01 4.300000000000000000e+01 0.000000000000000000e+00 0.000000000000000000e+00
3.657099999999999795e+02 5.200000000000000000e+01 3.300000000000000000e+01 1.000000000000000000e+00 0.000000000000000000e+00
3.657699999999999818e+02 5.200000000000000000e+01 4.500000000000000000e+01 0.000000000000000000e+00 0.000000000000000000e+00
3.657900000000000205e+02 5.400000000000000000e+01 4.500000000000000000e+01 0.000000000000000000e+00 0.000000000000000000e+00
3.659900000000000091e+02 5.500000000000000000e+01 4.400000000000000000e+01 0.000000000000000000e+00 0.000000000000000000e+00
3.708299999999999841e+02 5.500000000000000000e+01 1.000000000000000000e+01 1.000000000000000000e+00 0.000000000000000000e+00
3.709900000000000091e+02 5.700000000000000000e+01 3.700000000000000000e+01 0.000000000000000000e+00 0.000000000000000000e+00
3.711499999999999773e+02 5.400000000000000000e+01 3.200000000000000000e+01 0.000000000000000000e+00 0.000000000000000000e+00
3.720699999999999932e+02 5.100000000000000000e+01 3.300000000000000000e+01 1.000000000000000000e+00 0.000000000000000000e+00
3.739800000000000182e+02 5.200000000000000000e+01 6.500000000000000000e+01 0.000000000000000000e+00 0.000000000000000000e+00
3.750299999999999727e+02 5.900000000000000000e+01 3.900000000000000000e+01 0.000000000000000000e+00 0.000000000000000000e+00
3.759900000000000091e+02 5.200000000000000000e+01 3.700000000000000000e+01 0.000000000000000000e+00 0.000000000000000000e+00
3.767300000000000182e+02 5.000000000000000000e+01 4.400000000000000000e+01 0.000000000000000000e+00 0.000000000000000000e+00
3.783600000000000136e+02 5.100000000000000000e+01 4.000000000000000000e+01 0.000000000000000000e+00 0.000000000000000000e+00
3.788399999999999750e+02 5.500000000000000000e+01 4.500000000000000000e+01 0.000000000000000000e+00 0.000000000000000000e+00
3.793500000000000227e+02 5.300000000000000000e+01 3.700000000000000000e+01 0.000000000000000000e+00 0.000000000000000000e+00
3.815099999999999909e+02 5.100000000000000000e+01 4.400000000000000000e+01 0.000000000000000000e+00 0.000000000000000000e+00
3.817799999999999727e+02 5.700000000000000000e+01 4.400000000000000000e+01 0.000000000000000000e+00 0.000000000000000000e+00
3.841499999999999773e+02 5.700000000000000000e+01 4.200000000000000000e+01 0.000000000000000000e+00 0.000000000000000000e+00
3.886999999999999886e+02 5.600000000000000000e+01 4.400000000000000000e+01 0.000000000000000000e+00 0.000000000000000000e+00
3.893399999999999750e+02 5.300000000000000000e+01 4.000000000000000000e+01 0.000000000000000000e+00 0.000000000000000000e+00
3.906600000000000250e+02 5.800000000000000000e+01 4.300000000000000000e+01 0.000000000000000000e+00 0.000000000000000000e+00
3.922500000000000000e+02 4.900000000000000000e+01 4.100000000000000000e+01 1.000000000000000000e+00 0.000000000000000000e+00
3.922599999999999909e+02 4.900000000000000000e+01 4.100000000000000000e+01 1.000000000000000000e+00 0.000000000000000000e+00
3.940400000000000205e+02 5.400000000000000000e+01 3.000000000000000000e+01 1.000000000000000000e+00 0.000000000000000000e+00
3.952200000000000273e+02 5.900000000000000000e+01 4.200000000000000000e+01 0.000000000000000000e+00 0.000000000000000000e+00
3.964599999999999795e+02 5.200000000000000000e+01 4.200000000000000000e+01 0.000000000000000000e+00 0.000000000000000000e+00
3.970299999999999727e+02 4.800000000000000000e+01 4.200000000000000000e+01 0.000000000000000000e+00 0.000000000000000000e+00
3.980000000000000000e+02 5.400000000000000000e+01 3.900000000000000000e+01 1.000000000000000000e+00 0.000000000000000000e+00
4.038899999999999864e+02 5.300000000000000000e+01 4.500000000000000000e+01 0.000000000000000000e+00 0.000000000000000000e+00
4.042900000000000205e+02 5.200000000000000000e+01 4.000000000000000000e+01 0.000000000000000000e+00 0.000000000000000000e+00
4.053299999999999841e+02 5.200000000000000000e+01 4.500000000000000000e+01 0.000000000000000000e+00 0.000000000000000000e+00
4.059700000000000273e+02 4.900000000000000000e+01 3.400000000000000000e+01 1.000000000000000000e+00 0.000000000000000000e+00
4.081200000000000045e+02 5.300000000000000000e+01 3.200000000000000000e+01 1.000000000000000000e+00 0.000000000000000000e+00
4.083100000000000023e+02 5.900000000000000000e+01 3.600000000000000000e+01 1.000000000000000000e+00 0.000000000000000000e+00
4.092599999999999909e+02 5.300000000000000000e+01 3.600000000000000000e+01 0.000000000000000000e+00 0.000000000000000000e+00
4.101000000000000227e+02 4.900000000000000000e+01 4.300000000000000000e+01 0.000000000000000000e+00 0.000000000000000000e+00
4.102099999999999795e+02 5.600000000000000000e+01 4.300000000000000000e+01 0.000000000000000000e+00 0.000000000000000000e+00
4.107500000000000000e+02 5.100000000000000000e+01 4.200000000000000000e+01 0.000000000000000000e+00 0.000000000000000000e+00
4.108399999999999750e+02 5.200000000000000000e+01 3.900000000000000000e+01 0.000000000000000000e+00 0.000000000000000000e+00
4.110199999999999818e+02 5.400000000000000000e+01 4.500000000000000000e+01 0.000000000000000000e+00 0.000000000000000000e+00
4.126999999999999886e+02 5.100000000000000000e+01 3.600000000000000000e+01 0.000000000000000000e+00 0.000000000000000000e+00
4.132599999999999909e+02 5.500000000000000000e+01 4.500000000000000000e+01 0.000000000000000000e+00 0.000000000000000000e+00
4.169499999999999886e+02 5.000000000000000000e+01 4.400000000000000000e+01 0.000000000000000000e+00 0.000000000000000000e+00
4.218000000000000114e+02 5.500000000000000000e+01 3.300000000000000000e+01 1.000000000000000000e+00 0.000000000000000000e+00
4.223500000000000227e+02 5.000000000000000000e+01 4.100000000000000000e+01 1.000000000000000000e+00 0.000000000000000000e+00
4.241800000000000068e+02 4.800000000000000000e+01 4.200000000000000000e+01 0.000000000000000000e+00 0.000000000000000000e+00
4.263700000000000045e+02 5.200000000000000000e+01 3.300000000000000000e+01 1.000000000000000000e+00 0.000000000000000000e+00
4.275000000000000000e+02 5.800000000000000000e+01 3.400000000000000000e+01 1.000000000000000000e+00 0.000000000000000000e+00
4.275299999999999727e+02 5.700000000000000000e+01 4.400000000000000000e+01 0.000000000000000000e+00 0.000000000000000000e+00
4.282400000000000091e+02 5.400000000000000000e+01 4.400000000000000000e+01 0.000000000000000000e+00 0.000000000000000000e+00
4.288799999999999955e+02 5.400000000000000000e+01 4.300000000000000000e+01 0.000000000000000000e+00 0.000000000000000000e+00
4.312900000000000205e+02 4.800000000000000000e+01 3.600000000000000000e+01 1.000000000000000000e+00 0.000000000000000000e+00
4.326499999999999773e+02 5.200000000000000000e+01 4.100000000000000000e+01 0.000000000000000000e+00 0.000000000000000000e+00
4.329499999999999886e+02 5.300000000000000000e+01 4.100000000000000000e+01 0.000000000000000000e+00 0.000000000000000000e+00
4.331100000000000136e+02 5.400000000000000000e+01 3.300000000000000000e+01 1.000000000000000000e+00 0.000000000000000000e+00
4.333899999999999864e+02 5.700000000000000000e+01 4.300000000000000000e+01 0.000000000000000000e+00 0.000000000000000000e+00
4.348799999999999955e+02 5.500000000000000000e+01 3.800000000000000000e+01 0.000000000000000000e+00 0.000000000000000000e+00
4.351700000000000159e+02 5.600000000000000000e+01 3.300000000000000000e+01 1.000000000000000000e+00 0.000000000000000000e+00
4.356000000000000227e+02 5.500000000000000000e+01 4.200000000000000000e+01 0.000000000000000000e+00 0.000000000000000000e+00
4.362300000000000182e+02 5.100000000000000000e+01 4.500000000000000000e+01 0.000000000000000000e+00 0.000000000000000000e+00
4.369599999999999795e+02 5.800000000000000000e+01 4.300000000000000000e+01 0.000000000000000000e+00 0.000000000000000000e+00
4.374700000000000273e+02 5.500000000000000000e+01 4.500000000000000000e+01 0.000000000000000000e+00 0.000000000000000000e+00
4.396700000000000159e+02 5.200000000000000000e+01 4.400000000000000000e+01 0.000000000000000000e+00 0.000000000000000000e+00
4.414300000000000068e+02 5.200000000000000000e+01 3.800000000000000000e+01 1.000000000000000000e+00 0.000000000000000000e+00
4.447599999999999909e+02 5.600000000000000000e+01 4.200000000000000000e+01 0.000000000000000000e+00 0.000000000000000000e+00
4.464200000000000159e+02 5.700000000000000000e+01 3.400000000000000000e+01 1.000000000000000000e+00 0.000000000000000000e+00
4.502200000000000273e+02 5.400000000000000000e+01 4.200000000000000000e+01 0.000000000000000000e+00 0.000000000000000000e+00
4.503700000000000045e+02 5.400000000000000000e+01 2.900000000000000000e+01 1.000000000000000000e+00 0.000000000000000000e+00
4.522400000000000091e+02 5.300000000000000000e+01 4.400000000000000000e+01 0.000000000000000000e+00 0.000000000000000000e+00
4.534499999999999886e+02 5.300000000000000000e+01 4.500000000000000000e+01 0.000000000000000000e+00 0.000000000000000000e+00
4.541999999999999886e+02 5.300000000000000000e+01 4.300000000000000000e+01 0.000000000000000000e+00 0.000000000000000000e+00
4.564900000000000091e+02 5.300000000000000000e+01 3.400000000000000000e+01 1.000000000000000000e+00 0.000000000000000000e+00
4.578799999999999955e+02 5.000000000000000000e+01 3.400000000000000000e+01 1.000000000000000000e+00 0.000000000000000000e+00
4.578899999999999864e+02 5.000000000000000000e+01 3.400000000000000000e+01 1.000000000000000000e+00 0.000000000000000000e+00
4.578999999999999773e+02 5.000000000000000000e+01 3.400000000000000000e+01 1.000000000000000000e+00 0.000000000000000000e+00
4.620299999999999727e+02 5.200000000000000000e+01 4.500000000000000000e+01 0.000000000000000000e+00 0.000000000000000000e+00
4.632699999999999818e+02 5.200000000000000000e+01 4.300000000000000000e+01 0.000000000000000000e+00 0.000000000000000000e+00
4.676000000000000227e+02 5.600000000000000000e+01 4.000000000000000000e+01 0.000000000000000000e+00 0.000000000000000000e+00
4.677300000000000182e+02 5.100000000000000000e+01 4.400000000000000000e+01 0.000000000000000000e+00 0.000000000000000000e+00
4.679700000000000273e+02 5.300000000000000000e+01 2.100000000000000000e+01 1.000000000000000000e+00 0.000000000000000000e+00
4.690699999999999932e+02 5.000000000000000000e+01 3.300000000000000000e+01 1.000000000000000000e+00 0.000000000000000000e+00
4.690899999999999750e+02 5.000000000000000000e+01 3.300000000000000000e+01 1.000000000000000000e+00 0.000000000000000000e+00
4.692599999999999909e+02 5.200000000000000000e+01 1.900000000000000000e+01 1.000000000000000000e+00 0.000000000000000000e+00
4.693999999999999773e+02 5.900000000000000000e+01 4.200000000000000000e+01 0.000000000000000000e+00 0.000000000000000000e+00
4.706100000000000136e+02 5.100000000000000000e+01 4.300000000000000000e+01 0.000000000000000000e+00 0.000000000000000000e+00
4.711800000000000068e+02 5.200000000000000000e+01 3.700000000000000000e+01 0.000000000000000000e+00 0.000000000000000000e+00
4.754499999999999886e+02 5.100000000000000000e+01 3.400000000000000000e+01 1.000000000000000000e+00 0.000000000000000000e+00
4.775500000000000114e+02 5.200000000000000000e+01 3.300000000000000000e+01 1.000000000000000000e+00 0.000000000000000000e+00
4.789300000000000068e+02 5.500000000000000000e+01 4.100000000000000000e+01 0.000000000000000000e+00 0.000000000000000000e+00
4.791000000000000227e+02 5.200000000000000000e+01 4.100000000000000000e+01 0.000000000000000000e+00 0.000000000000000000e+00
4.836299999999999955e+02 5.800000000000000000e+01 4.000000000000000000e+01 0.000000000000000000e+00 0.000000000000000000e+00
4.842500000000000000e+02 5.300000000000000000e+01 3.700000000000000000e+01 0.000000000000000000e+00 0.000000000000000000e+00
4.851899999999999977e+02 5.500000000000000000e+01 3.300000000000000000e+01 1.000000000000000000e+00 0.000000000000000000e+00
4.871200000000000045e+02 5.400000000000000000e+01 4.500000000000000000e+01 0.000000000000000000e+00 0.000000000000000000e+00
4.887599999999999909e+02 5.400000000000000000e+01 4.100000000000000000e+01 0.000000000000000000e+00 0.000000000000000000e+00
4.888899999999999864e+02 5.500000000000000000e+01 3.700000000000000000e+01 0.000000000000000000e+00 0.000000000000000000e+00
4.905600000000000023e+02 5.100000000000000000e+01 4.500000000000000000e+01 0.000000000000000000e+00 0.000000000000000000e+00
4.918700000000000045e+02 4.800000000000000000e+01 4.300000000000000000e+01 0.000000000000000000e+00 0.000000000000000000e+00
4.922699999999999818e+02 5.100000000000000000e+01 4.100000000000000000e+01 0.000000000000000000e+00 0.000000000000000000e+00
4.932200000000000273e+02 4.800000000000000000e+01 4.200000000000000000e+01 0.000000000000000000e+00 0.000000000000000000e+00
4.941800000000000068e+02 4.900000000000000000e+01 3.500000000000000000e+01 1.000000000000000000e+00 0.000000000000000000e+00
4.978799999999999955e+02 5.200000000000000000e+01 4.500000000000000000e+01 0.000000000000000000e+00 0.000000000000000000e+00
4.990400000000000205e+02 5.800000000000000000e+01 3.500000000000000000e+01 1.000000000000000000e+00 0.000000000000000000e+00
5.021100000000000136e+02 5.700000000000000000e+01 3.800000000000000000e+01 0.000000000000000000e+00 0.000000000000000000e+00
5.027599999999999909e+02 4.900000000000000000e+01 4.400000000000000000e+01 0.000000000000000000e+00 0.000000000000000000e+00
5.063899999999999864e+02 5.500000000000000000e+01 4.400000000000000000e+01 0.000000000000000000e+00 0.000000000000000000e+00
5.080699999999999932e+02 4.700000000000000000e+01 3.900000000000000000e+01 0.000000000000000000e+00 0.000000000000000000e+00
5.082500000000000000e+02 5.800000000000000000e+01 3.300000000000000000e+01 1.000000000000000000e+00 0.000000000000000000e+00
5.084499999999999886e+02 5.300000000000000000e+01 3.800000000000000000e+01 0.000000000000000000e+00 0.000000000000000000e+00
5.102599999999999909e+02 5.700000000000000000e+01 4.400000000000000000e+01 0.000000000000000000e+00 0.000000000000000000e+00
5.105600000000000023e+02 5.300000000000000000e+01 4.000000000000000000e+01 0.000000000000000000e+00 0.000000000000000000e+00
5.108399999999999750e+02 5.900000000000000000e+01 3.800000000000000000e+01 0.000000000000000000e+00 0.000000000000000000e+00
5.128500000000000227e+02 5.600000000000000000e+01 4.200000000000000000e+01 0.000000000000000000e+00 0.000000000000000000e+00
5.133799999999999955e+02 5.400000000000000000e+01 3.800000000000000000e+01 0.000000000000000000e+00 0.000000000000000000e+00
5.140099999999999909e+02 5.600000000000000000e+01 4.500000000000000000e+01 0.000000000000000000e+00 0.000000000000000000e+00
5.162599999999999909e+02 4.800000000000000000e+01 3.500000000000000000e+01 1.000000000000000000e+00 0.000000000000000000e+00
5.170800000000000409e+02 4.800000000000000000e+01 4.300000000000000000e+01 0.000000000000000000e+00 0.000000000000000000e+00
5.220700000000000500e+02 5.600000000000000000e+01 4.300000000000000000e+01 0.000000000000000000e+00 0.000000000000000000e+00
5.226000000000000227e+02 5.700000000000000000e+01 3.400000000000000000e+01 1.000000000000000000e+00 0.000000000000000000e+00
5.226100000000000136e+02 5.700000000000000000e+01 3.400000000000000000e+01 1.000000000000000000e+00 0.000000000000000000e+00
5.277899999999999636e+02 4.900000000000000000e+01 4.100000000000000000e+01 0.000000000000000000e+00 0.000000000000000000e+00
5.281200000000000045e+02 6.000000000000000000e+01 4.000000000000000000e+01 0.000000000000000000e+00 0.000000000000000000e+00
5.283700000000000045e+02 5.400000000000000000e+01 3.300000000000000000e+01 1.000000000000000000e+00 0.000000000000000000e+00
5.321599999999999682e+02 2.700000000000000000e+01 4.000000000000000000e+00 0.000000000000000000e+00 0.000000000000000000e+00
5.355199999999999818e+02 5.400000000000000000e+01 1.600000000000000000e+01 0.000000000000000000e+00 0.000000000000000000e+00
5.367000000000000455e+02 5.500000000000000000e+01 3.300000000000000000e+01 1.000000000000000000e+00 0.000000000000000000e+00
5.367899999999999636e+02 4.800000000000000000e+01 4.000000000000000000e+01 0.000000000000000000e+00 0.000000000000000000e+00
5.369700000000000273e+02 5.100000000000000000e+01 4.500000000000000000e+01 0.000000000000000000e+00 0.000000000000000000e+00
5.373899999999999864e+02 5.900000000000000000e+01 4.000000000000000000e+01 0.000000000000000000e+00 0.000000000000000000e+00
5.377200000000000273e+02 4.900000000000000000e+01 4.400000000000000000e+01 0.000000000000000000e+00 0.000000000000000000e+00
5.394500000000000455e+02 4.800000000000000000e+01 4.300000000000000000e+01 0.000000000000000000e+00 0.000000000000000000e+00
5.398200000000000500e+02 5.000000000000000000e+01 3.400000000000000000e+01 1.000000000000000000e+00 0.000000000000000000e+00
5.407699999999999818e+02 4.900000000000000000e+01 3.500000000000000000e+01 1.000000000000000000e+00 0.000000000000000000e+00
5.437999999999999545e+02 5.700000000000000000e+01 4.100000000000000000e+01 1.000000000000000000e+00 0.000000000000000000e+00
5.447300000000000182e+02 5.400000000000000000e+01 4.600000000000000000e+01 0.000000000000000000e+00 0.000000000000000000e+00
5.450800000000000409e+02 5.500000000000000000e+01 4.500000000000000000e+01 0.000000000000000000e+00 0.000000000000000000e+00
5.459700000000000273e+02 5.700000000000000000e+01 4.400000000000000000e+01 0.000000000000000000e+00 0.000000000000000000e+00
5.492699999999999818e+02 5.100000000000000000e+01 3.300000000000000000e+01 1.000000000000000000e+00 0.000000000000000000e+00
5.492799999999999727e+02 5.100000000000000000e+01 3.300000000000000000e+01 1.000000000000000000e+00 0.000000000000000000e+00
5.537100000000000364e+02 5.300000000000000000e+01 4.600000000000000000e+01 0.000000000000000000e+00 0.000000000000000000e+00
5.540800000000000409e+02 5.800000000000000000e+01 4.400000000000000000e+01 0.000000000000000000e+00 0.000000000000000000e+00
5.569099999999999682e+02 5.800000000000000000e+01 3.500000000000000000e+01 1.000000000000000000e+00 0.000000000000000000e+00
5.575800000000000409e+02 5.500000000000000000e+01 4.600000000000000000e+01 0.000000000000000000e+00 0.000000000000000000e+00
5.585800000000000409e+02 5.000000000000000000e+01 4.500000000000000000e+01 0.000000000000000000e+00 0.000000000000000000e+00
5.593200000000000500e+02 5.700000000000000000e+01 4.500000000000000000e+01 0.000000000000000000e+00 0.000000000000000000e+00
5.612699999999999818e+02 5.300000000000000000e+01 3.900000000000000000e+01 1.000000000000000000e+00 0.000000000000000000e+00
5.616399999999999864e+02 5.800000000000000000e+01 3.900000000000000000e+01 0.000000000000000000e+00 0.000000000000000000e+00
5.623400000000000318e+02 5.300000000000000000e+01 3.800000000000000000e+01 0.000000000000000000e+00 0.000000000000000000e+00
5.625900000000000318e+02 5.200000000000000000e+01 4.500000000000000000e+01 0.000000000000000000e+00 0.000000000000000000e+00
5.634500000000000455e+02 5.400000000000000000e+01 4.000000000000000000e+01 0.000000000000000000e+00 0.000000000000000000e+00
5.656900000000000546e+02 5.400000000000000000e+01 1.000000000000000000e+01 0.000000000000000000e+00 0.000000000000000000e+00
5.657500000000000000e+02 5.400000000000000000e+01 3.700000000000000000e+01 0.000000000000000000e+00 0.000000000000000000e+00
5.665000000000000000e+02 5.400000000000000000e+01 1.400000000000000000e+01 0.000000000000000000e+00 0.000000000000000000e+00
5.670399999999999636e+02 4.800000000000000000e+01 3.600000000000000000e+01 1.000000000000000000e+00 0.000000000000000000e+00
5.677400000000000091e+02 4.800000000000000000e+01 4.300000000000000000e+01 0.000000000000000000e+00 0.000000000000000000e+00
5.696200000000000045e+02 4.900000000000000000e+01 4.400000000000000000e+01 0.000000000000000000e+00 0.000000000000000000e+00
5.747300000000000182e+02 5.100000000000000000e+01 3.400000000000000000e+01 1.000000000000000000e+00 0.000000000000000000e+00
5.757699999999999818e+02 5.100000000000000000e+01 4.100000000000000000e+01 0.000000000000000000e+00 0.000000000000000000e+00
5.764500000000000455e+02 5.400000000000000000e+01 4.600000000000000000e+01 0.000000000000000000e+00 0.000000000000000000e+00
5.767200000000000273e+02 5.000000000000000000e+01 3.000000000000000000e+01 1.000000000000000000e+00 0.000000000000000000e+00
5.767300000000000182e+02 5.000000000000000000e+01 3.000000000000000000e+01 1.000000000000000000e+00 0.000000000000000000e+00
5.782100000000000364e+02 5.600000000000000000e+01 3.900000000000000000e+01 0.000000000000000000e+00 0.000000000000000000e+00
5.787999999999999545e+02 5.300000000000000000e+01 3.800000000000000000e+01 0.000000000000000000e+00 0.000000000000000000e+00
5.796399999999999864e+02 5.200000000000000000e+01 4.100000000000000000e+01 0.000000000000000000e+00 0.000000000000000000e+00
5.803600000000000136e+02 5.900000000000000000e+01 3.600000000000000000e+01 1.000000000000000000e+00 0.000000000000000000e+00
5.804800000000000182e+02 5.300000000000000000e+01 4.200000000000000000e+01 0.000000000000000000e+00 0.000000000000000000e+00
5.834400000000000546e+02 5.000000000000000000e+01 3.500000000000000000e+01 1.000000000000000000e+00 0.000000000000000000e+00
5.835199999999999818e+02 5.600000000000000000e+01 4.500000000000000000e+01 0.000000000000000000e+00 0.000000000000000000e+00
5.903400000000000318e+02 5.600000000000000000e+01 4.500000000000000000e+01 0.000000000000000000e+00 0.000000000000000000e+00
5.904600000000000364e+02 5.200000000000000000e+01 4.600000000000000000e+01 0.000000000000000000e+00 0.000000000000000000e+00
5.911799999999999500e+02 5.600000000000000000e+01 3.400000000000000000e+01 1.000000000000000000e+00 0.000000000000000000e+00
5.915299999999999727e+02 5.200000000000000000e+01 4.500000000000000000e+01 0.000000000000000000e+00 0.000000000000000000e+00
5.921499999999999773e+02 5.200000000000000000e+01 3.700000000000000000e+01 0.000000000000000000e+00 0.000000000000000000e+00
5.931299999999999955e+02 4.700000000000000000e+01 4.000000000000000000e+01 0.000000000000000000e+00 0.000000000000000000e+00
5.943799999999999955e+02 5.300000000000000000e+01 4.500000000000000000e+01 0.000000000000000000e+00 0.000000000000000000e+00
5.953400000000000318e+02 5.000000000000000000e+01 4.500000000000000000e+01 0.000000000000000000e+00 0.000000000000000000e+00
5.956599999999999682e+02 5.300000000000000000e+01 4.600000000000000000e+01 0.000000000000000000e+00 0.000000000000000000e+00
5.958899999999999864e+02 5.700000000000000000e+01 4.000000000000000000e+01 0.000000000000000000e+00 0.000000000000000000e+00
5.966799999999999500e+02 5.600000000000000000e+01 3.900000000000000000e+01 0.000000000000000000e+00 0.000000000000000000e+00
5.978099999999999454e+02 5.400000000000000000e+01 1.300000000000000000e+01 0.000000000000000000e+00 0.000000000000000000e+00
5.986499999999999773e+02 5.400000000000000000e+01 3.600000000000000000e+01 0.000000000000000000e+00 0.000000000000000000e+00
5.987300000000000182e+02 5.400000000000000000e+01 3.900000000000000000e+01 0.000000000000000000e+00 0.000000000000000000e+00
5.988099999999999454e+02 4.800000000000000000e+01 4.200000000000000000e+01 0.000000000000000000e+00 0.000000000000000000e+00
5.990499999999999545e+02 5.500000000000000000e+01 4.600000000000000000e+01 0.000000000000000000e+00 0.000000000000000000e+00
5.992000000000000455e+02 5.100000000000000000e+01 4.500000000000000000e+01 0.000000000000000000e+00 0.000000000000000000e+00
5.993999999999999773e+02 5.900000000000000000e+01 4.300000000000000000e+01 0.000000000000000000e+00 0.000000000000000000e+00
6.014800000000000182e+02 5.500000000000000000e+01 3.800000000000000000e+01 1.000000000000000000e+00 0.000000000000000000e+00
6.022699999999999818e+02 5.100000000000000000e+01 3.400000000000000000e+01 1.000000000000000000e+00 0.000000000000000000e+00
6.085499999999999545e+02 4.700000000000000000e+01 4.100000000000000000e+01 0.000000000000000000e+00 0.000000000000000000e+00
6.095099999999999909e+02 5.700000000000000000e+01 4.500000000000000000e+01 0.000000000000000000e+00 0.000000000000000000e+00
6.136000000000000227e+02 4.900000000000000000e+01 4.300000000000000000e+01 0.000000000000000000e+00 0.000000000000000000e+00
6.161100000000000136e+02 5.100000000000000000e+01 4.300000000000000000e+01 0.000000000000000000e+00 0.000000000000000000e+00
6.170399999999999636e+02 5.400000000000000000e+01 1.100000000000000000e+01 0.000000000000000000e+00 0.000000000000000000e+00
6.174299999999999500e+02 5.100000000000000000e+01 4.000000000000000000e+01 0.000000000000000000e+00 0.000000000000000000e+00
6.177000000000000455e+02 5.100000000000000000e+01 4.600000000000000000e+01 0.000000000000000000e+00 0.000000000000000000e+00
6.188999999999999773e+02 5.400000000000000000e+01 4.500000000000000000e+01 0.000000000000000000e+00 0.000000000000000000e+00
6.195199999999999818e+02 5.200000000000000000e+01 3.300000000000000000e+01 1.000000000000000000e+00 0.000000000000000000e+00
6.198999999999999773e+02 5.600000000000000000e+01 4.400000000000000000e+01 0.000000000000000000e+00 0.000000000000000000e+00
6.211799999999999500e+02 5.400000000000000000e+01 2.100000000000000000e+01 0.000000000000000000e+00 0.000000000000000000e+00
6.277200000000000273e+02 5.400000000000000000e+01 3.800000000000000000e+01 0.000000000000000000e+00 0.000000000000000000e+00
6.283500000000000227e+02 5.400000000000000000e+01 4.600000000000000000e+01 0.000000000000000000e+00 0.000000000000000000e+00
6.317100000000000364e+02 5.300000000000000000e+01 3.300000000000000000e+01 1.000000000000000000e+00 0.000000000000000000e+00
6.330599999999999454e+02 5.300000000000000000e+01 4.600000000000000000e+01 0.000000000000000000e+00 0.000000000000000000e+00
6.332100000000000364e+02 4.900000000000000000e+01 4.400000000000000000e+01 0.000000000000000000e+00 0.000000000000000000e+00
6.341699999999999591e+02 5.800000000000000000e+01 4.400000000000000000e+01 0.000000000000000000e+00 0.000000000000000000e+00
6.341799999999999500e+02 5.300000000000000000e+01 4.200000000000000000e+01 0.000000000000000000e+00 0.000000000000000000e+00
6.343799999999999955e+02 5.600000000000000000e+01 3.200000000000000000e+01 1.000000000000000000e+00 0.000000000000000000e+00
6.362799999999999727e+02 4.900000000000000000e+01 3.500000000000000000e+01 1.000000000000000000e+00 0.000000000000000000e+00
6.373099999999999454e+02 5.500000000000000000e+01 4.600000000000000000e+01 0.000000000000000000e+00 0.000000000000000000e+00
6.384700000000000273e+02 5.500000000000000000e+01 3.900000000000000000e+01 0.000000000000000000e+00 0.000000000000000000e+00
6.385299999999999727e+02 5.500000000000000000e+01 4.200000000000000000e+01 0.000000000000000000e+00 0.000000000000000000e+00
6.400399999999999636e+02 5.900000000000000000e+01 4.000000000000000000e+01 0.000000000000000000e+00 0.000000000000000000e+00
6.419600000000000364e+02 5.200000000000000000e+01 4.600000000000000000e+01 0.000000000000000000e+00 0.000000000000000000e+00
6.442200000000000273e+02 4.700000000000000000e+01 3.900000000000000000e+01 0.000000000000000000e+00 0.000000000000000000e+00
6.448400000000000318e+02 5.200000000000000000e+01 4.500000000000000000e+01 0.000000000000000000e+00 0.000000000000000000e+00
6.451499999999999773e+02 5.000000000000000000e+01 4.300000000000000000e+01 0.000000000000000000e+00 0.000000000000000000e+00
6.476799999999999500e+02 5.200000000000000000e+01 4.300000000000000000e+01 0.000000000000000000e+00 0.000000000000000000e+00
6.481200000000000045e+02 4.700000000000000000e+01 4.000000000000000000e+01 0.000000000000000000e+00 0.000000000000000000e+00
6.483200000000000500e+02 6.000000000000000000e+01 4.000000000000000000e+01 0.000000000000000000e+00 0.000000000000000000e+00
6.538099999999999454e+02 5.500000000000000000e+01 3.300000000000000000e+01 1.000000000000000000e+00 0.000000000000000000e+00
6.541499999999999773e+02 5.700000000000000000e+01 4.000000000000000000e+01 0.000000000000000000e+00 0.000000000000000000e+00
6.575000000000000000e+02 5.100000000000000000e+01 3.400000000000000000e+01 1.000000000000000000e+00 0.000000000000000000e+00
6.575599999999999454e+02 4.800000000000000000e+01 4.300000000000000000e+01 0.000000000000000000e+00 0.000000000000000000e+00
6.610800000000000409e+02 5.100000000000000000e+01 4.600000000000000000e+01 0.000000000000000000e+00 0.000000000000000000e+00
6.615000000000000000e+02 5.600000000000000000e+01 3.800000000000000000e+01 0.000000000000000000e+00 0.000000000000000000e+00
6.633700000000000045e+02 5.100000000000000000e+01 4.400000000000000000e+01 0.000000000000000000e+00 0.000000000000000000e+00
6.636200000000000045e+02 5.400000000000000000e+01 3.200000000000000000e+01 0.000000000000000000e+00 0.000000000000000000e+00
6.689900000000000091e+02 5.900000000000000000e+01 4.300000000000000000e+01 0.000000000000000000e+00 0.000000000000000000e+00
6.715499999999999545e+02 5.000000000000000000e+01 4.300000000000000000e+01 0.000000000000000000e+00 0.000000000000000000e+00
6.742599999999999909e+02 5.200000000000000000e+01 4.600000000000000000e+01 0.000000000000000000e+00 0.000000000000000000e+00
6.765199999999999818e+02 5.100000000000000000e+01 4.500000000000000000e+01 0.000000000000000000e+00 0.000000000000000000e+00
6.790900000000000318e+02 4.700000000000000000e+01 4.100000000000000000e+01 0.000000000000000000e+00 0.000000000000000000e+00
6.794199999999999591e+02 4.800000000000000000e+01 4.100000000000000000e+01 0.000000000000000000e+00 0.000000000000000000e+00
6.796399999999999864e+02 4.900000000000000000e+01 4.100000000000000000e+01 0.000000000000000000e+00 0.000000000000000000e+00
6.800599999999999454e+02 6.000000000000000000e+01 4.100000000000000000e+01 0.000000000000000000e+00 0.000000000000000000e+00
6.804199999999999591e+02 5.200000000000000000e+01 3.400000000000000000e+01 1.000000000000000000e+00 0.000000000000000000e+00
6.806799999999999500e+02 5.600000000000000000e+01 3.400000000000000000e+01 1.000000000000000000e+00 0.000000000000000000e+00
6.818799999999999955e+02 5.400000000000000000e+01 1.900000000000000000e+01 0.000000000000000000e+00 0.000000000000000000e+00
6.819500000000000455e+02 5.700000000000000000e+01 3.300000000000000000e+01 1.000000000000000000e+00 0.000000000000000000e+00
6.829400000000000546e+02 5.500000000000000000e+01 4.300000000000000000e+01 0.000000000000000000e+00 0.000000000000000000e+00
6.854800000000000182e+02 4.800000000000000000e+01 4.400000000000000000e+01 0.000000000000000000e+00 0.000000000000000000e+00
6.862200000000000273e+02 5.400000000000000000e+01 1.700000000000000000e+01 0.000000000000000000e+00 0.000000000000000000e+00
6.900399999999999636e+02 5.700000000000000000e+01 3.400000000000000000e+01 1.000000000000000000e+00 0.000000000000000000e+00
6.912400000000000091e+02 2.800000000000000000e+01 4.000000000000000000e+00 0.000000000000000000e+00 0.000000000000000000e+00
6.944900000000000091e+02 5.800000000000000000e+01 4.100000000000000000e+01 0.000000000000000000e+00 0.000000000000000000e+00
7.013200000000000500e+02 5.400000000000000000e+01 4.600000000000000000e+01 0.000000000000000000e+00 0.000000000000000000e+00
7.013200000000000500e+02 5.800000000000000000e+01 4.100000000000000000e+01 0.000000000000000000e+00 0.000000000000000000e+00
7.040900000000000318e+02 4.900000000000000000e+01 4.500000000000000000e+01 0.000000000000000000e+00 0.000000000000000000e+00
7.063899999999999864e+02 5.800000000000000000e+01 3.500000000000000000e+01 1.000000000000000000e+00 0.000000000000000000e+00
7.079199999999999591e+02 4.700000000000000000e+01 4.200000000000000000e+01 0.000000000000000000e+00 0.000000000000000000e+00
7.101499999999999773e+02 5.400000000000000000e+01 3.400000000000000000e+01 1.000000000000000000e+00 0.000000000000000000e+00
7.102500000000000000e+02 5.400000000000000000e+01 1.200000000000000000e+01 0.000000000000000000e+00 0.000000000000000000e+00
7.104099999999999682e+02 2.400000000000000000e+01 5.200000000000000000e+01 0.000000000000000000e+00 0.000000000000000000e+00
7.120299999999999727e+02 5.400000000000000000e+01 4.200000000000000000e+01 0.000000000000000000e+00 0.000000000000000000e+00
7.127500000000000000e+02 2.400000000000000000e+01 6.900000000000000000e+01 0.000000000000000000e+00 0.000000000000000000e+00
7.129099999999999682e+02 5.400000000000000000e+01 1.800000000000000000e+01 0.000000000000000000e+00 0.000000000000000000e+00
7.129299999999999500e+02 5.500000000000000000e+01 3.900000000000000000e+01 0.000000000000000000e+00 0.000000000000000000e+00
7.129900000000000091e+02 5.500000000000000000e+01 4.500000000000000000e+01 0.000000000000000000e+00 0.000000000000000000e+00
7.135499999999999545e+02 5.500000000000000000e+01 4.600000000000000000e+01 0.000000000000000000e+00 0.000000000000000000e+00
7.139900000000000091e+02 5.200000000000000000e+01 4.100000000000000000e+01 0.000000000000000000e+00 0.000000000000000000e+00
7.152899999999999636e+02 3.300000000000000000e+01 6.000000000000000000e+01 0.000000000000000000e+00 0.000000000000000000e+00
7.153899999999999864e+02 4.700000000000000000e+01 4.100000000000000000e+01 0.000000000000000000e+00 0.000000000000000000e+00
7.159500000000000455e+02 5.200000000000000000e+01 3.800000000000000000e+01 0.000000000000000000e+00 0.000000000000000000e+00
7.179199999999999591e+02 5.200000000000000000e+01 4.000000000000000000e+01 0.000000000000000000e+00 0.000000000000000000e+00
7.184600000000000364e+02 5.600000000000000000e+01 4.600000000000000000e+01 0.000000000000000000e+00 0.000000000000000000e+00
7.194600000000000364e+02 5.700000000000000000e+01 4.500000000000000000e+01 0.000000000000000000e+00 0.000000000000000000e+00
7.195499999999999545e+02 5.100000000000000000e+01 4.600000000000000000e+01 0.000000000000000000e+00 0.000000000000000000e+00
7.214700000000000273e+02 4.800000000000000000e+01 4.400000000000000000e+01 0.000000000000000000e+00 0.000000000000000000e+00
7.222599999999999909e+02 5.500000000000000000e+01 3.400000000000000000e+01 1.000000000000000000e+00 0.000000000000000000e+00
7.222699999999999818e+02 5.500000000000000000e+01 3.400000000000000000e+01 1.000000000000000000e+00 0.000000000000000000e+00
7.226299999999999955e+02 5.000000000000000000e+01 4.100000000000000000e+01 0.000000000000000000e+00 0.000000000000000000e+00
7.261000000000000227e+02 5.000000000000000000e+01 3.500000000000000000e+01 1.000000000000000000e+00 0.000000000000000000e+00
7.269800000000000182e+02 5.800000000000000000e+01 2.100000000000000000e+01 1.000000000000000000e+00 0.000000000000000000e+00
7.275499999999999545e+02 4.800000000000000000e+01 3.700000000000000000e+01 1.000000000000000000e+00 0.000000000000000000e+00
7.292000000000000455e+02 5.400000000000000000e+01 4.400000000000000000e+01 0.000000000000000000e+00 0.000000000000000000e+00
7.359199999999999591e+02 4.900000000000000000e+01 4.500000000000000000e+01 0.000000000000000000e+00 0.000000000000000000e+00
7.414900000000000091e+02 5.400000000000000000e+01 4.000000000000000000e+01 1.000000000000000000e+00 0.000000000000000000e+00
7.422599999999999909e+02 5.300000000000000000e+01 3.300000000000000000e+01 1.000000000000000000e+00 0.000000000000000000e+00
7.424199999999999591e+02 5.000000000000000000e+01 4.600000000000000000e+01 0.000000000000000000e+00 0.000000000000000000e+00
7.427000000000000455e+02 5.400000000000000000e+01 4.300000000000000000e+01 0.000000000000000000e+00 0.000000000000000000e+00
7.434700000000000273e+02 5.000000000000000000e+01 4.100000000000000000e+01 0.000000000000000000e+00 0.000000000000000000e+00
7.445000000000000000e+02 4.700000000000000000e+01 4.200000000000000000e+01 0.000000000000000000e+00 0.000000000000000000e+00
7.445399999999999636e+02 5.100000000000000000e+01 3.400000000000000000e+01 1.000000000000000000e+00 0.000000000000000000e+00
7.446499999999999773e+02 5.000000000000000000e+01 3.900000000000000000e+01 0.000000000000000000e+00 0.000000000000000000e+00
7.446599999999999682e+02 5.400000000000000000e+01 7.000000000000000000e+00 0.000000000000000000e+00 0.000000000000000000e+00
7.446799999999999500e+02 4.900000000000000000e+01 4.100000000000000000e+01 0.000000000000000000e+00 0.000000000000000000e+00
7.446900000000000546e+02 5.600000000000000000e+01 2.100000000000000000e+01 1.000000000000000000e+00 0.000000000000000000e+00
7.447699999999999818e+02 5.900000000000000000e+01 4.400000000000000000e+01 0.000000000000000000e+00 0.000000000000000000e+00
7.452699999999999818e+02 5.400000000000000000e+01 2.000000000000000000e+01 0.000000000000000000e+00 0.000000000000000000e+00
7.458099999999999454e+02 5.000000000000000000e+01 4.300000000000000000e+01 0.000000000000000000e+00 0.000000000000000000e+00
7.468400000000000318e+02 5.800000000000000000e+01 4.500000000000000000e+01 0.000000000000000000e+00 0.000000000000000000e+00
7.522799999999999727e+02 5.200000000000000000e+01 4.400000000000000000e+01 0.000000000000000000e+00 0.000000000000000000e+00
7.537799999999999727e+02 5.900000000000000000e+01 4.200000000000000000e+01 0.000000000000000000e+00 0.000000000000000000e+00
7.576799999999999500e+02 4.700000000000000000e+01 4.000000000000000000e+01 0.000000000000000000e+00 0.000000000000000000e+00
7.581399999999999864e+02 6.000000000000000000e+01 4.100000000000000000e+01 0.000000000000000000e+00 0.000000000000000000e+00
7.582899999999999636e+02 4.800000000000000000e+01 4.400000000000000000e+01 0.000000000000000000e+00 0.000000000000000000e+00
7.586799999999999500e+02 5.400000000000000000e+01 8.000000000000000000e+00 0.000000000000000000e+00 0.000000000000000000e+00
7.600199999999999818e+02 5.100000000000000000e+01 4.600000000000000000e+01 0.000000000000000000e+00 0.000000000000000000e+00
7.602899999999999636e+02 5.300000000000000000e+01 4.700000000000000000e+01 0.000000000000000000e+00 0.000000000000000000e+00
7.606699999999999591e+02 5.100000000000000000e+01 4.500000000000000000e+01 0.000000000000000000e+00 0.000000000000000000e+00
7.620499999999999545e+02 4.900000000000000000e+01 3.600000000000000000e+01 1.000000000000000000e+00 0.000000000000000000e+00
7.621699999999999591e+02 4.900000000000000000e+01 3.800000000000000000e+01 0.000000000000000000e+00 0.000000000000000000e+00
7.639500000000000455e+02 4.700000000000000000e+01 4.100000000000000000e+01 0.000000000000000000e+00 0.000000000000000000e+00
7.639600000000000364e+02 5.000000000000000000e+01 4.400000000000000000e+01 0.000000000000000000e+00 0.000000000000000000e+00
7.657000000000000455e+02 4.900000000000000000e+01 4.500000000000000000e+01 0.000000000000000000e+00 0.000000000000000000e+00
7.673099999999999454e+02 5.400000000000000000e+01 4.700000000000000000e+01 0.000000000000000000e+00 0.000000000000000000e+00
7.681399999999999864e+02 5.600000000000000000e+01 2.900000000000000000e+01 1.000000000000000000e+00 0.000000000000000000e+00
7.690000000000000000e+02 5.600000000000000000e+01 4.300000000000000000e+01 0.000000000000000000e+00 0.000000000000000000e+00
7.701299999999999955e+02 5.600000000000000000e+01 4.600000000000000000e+01 0.000000000000000000e+00 0.000000000000000000e+00
7.703099999999999454e+02 5.700000000000000000e+01 3.500000000000000000e+01 1.000000000000000000e+00 0.000000000000000000e+00
7.703099999999999454e+02 5.600000000000000000e+01 3.700000000000000000e+01 0.000000000000000000e+00 0.000000000000000000e+00
7.707300000000000182e+02 4.900000000000000000e+01 4.400000000000000000e+01 0.000000000000000000e+00 0.000000000000000000e+00
7.711299999999999955e+02 5.600000000000000000e+01 3.800000000000000000e+01 0.000000000000000000e+00 0.000000000000000000e+00
7.730599999999999454e+02 5.000000000000000000e+01 4.600000000000000000e+01 0.000000000000000000e+00 0.000000000000000000e+00
7.749400000000000546e+02 5.600000000000000000e+01 4.200000000000000000e+01 0.000000000000000000e+00 0.000000000000000000e+00
7.760900000000000318e+02 5.400000000000000000e+01 1.600000000000000000e+01 0.000000000000000000e+00 0.000000000000000000e+00
7.766699999999999591e+02 5.200000000000000000e+01 3.400000000000000000e+01 1.000000000000000000e+00 0.000000000000000000e+00
7.780099999999999909e+02 4.700000000000000000e+01 4.200000000000000000e+01 0.000000000000000000e+00 0.000000000000000000e+00
7.807999999999999545e+02 5.300000000000000000e+01 4.600000000000000000e+01 0.000000000000000000e+00 0.000000000000000000e+00
7.859099999999999682e+02 5.600000000000000000e+01 3.400000000000000000e+01 1.000000000000000000e+00 0.000000000000000000e+00
7.927400000000000091e+02 5.600000000000000000e+01 3.400000000000000000e+01 1.000000000000000000e+00 0.000000000000000000e+00
7.929400000000000546e+02 4.900000000000000000e+01 4.000000000000000000e+01 0.000000000000000000e+00 0.000000000000000000e+00
7.930399999999999636e+02 5.500000000000000000e+01 4.700000000000000000e+01 0.000000000000000000e+00 0.000000000000000000e+00
7.960499999999999545e+02 5.700000000000000000e+01 4.600000000000000000e+01 0.000000000000000000e+00 0.000000000000000000e+00
7.982400000000000091e+02 6.000000000000000000e+01 4.200000000000000000e+01 0.000000000000000000e+00 0.000000000000000000e+00
7.992899999999999636e+02 5.200000000000000000e+01 4.700000000000000000e+01 0.000000000000000000e+00 0.000000000000000000e+00
8.010900000000000318e+02 4.800000000000000000e+01 3.700000000000000000e+01 1.000000000000000000e+00 0.000000000000000000e+00
8.013200000000000500e+02 5.400000000000000000e+01 4.700000000000000000e+01 0.000000000000000000e+00 0.000000000000000000e+00
8.018300000000000409e+02 5.400000000000000000e+01 3.300000000000000000e+01 0.000000000000000000e+00 0.000000000000000000e+00
8.019199999999999591e+02 5.000000000000000000e+01 4.600000000000000000e+01 0.000000000000000000e+00 0.000000000000000000e+00
8.027100000000000364e+02 5.500000000000000000e+01 3.800000000000000000e+01 0.000000000000000000e+00 0.000000000000000000e+00
8.037400000000000091e+02 5.100000000000000000e+01 4.400000000000000000e+01 0.000000000000000000e+00 0.000000000000000000e+00
8.051100000000000136e+02 4.700000000000000000e+01 4.000000000000000000e+01 0.000000000000000000e+00 0.000000000000000000e+00
8.053099999999999454e+02 6.000000000000000000e+01 4.000000000000000000e+01 0.000000000000000000e+00 0.000000000000000000e+00
8.059600000000000364e+02 5.700000000000000000e+01 4.300000000000000000e+01 0.000000000000000000e+00 0.000000000000000000e+00
8.062699999999999818e+02 5.800000000000000000e+01 3.900000000000000000e+01 0.000000000000000000e+00 0.000000000000000000e+00
8.071599999999999682e+02 4.700000000000000000e+01 4.200000000000000000e+01 0.000000000000000000e+00 0.000000000000000000e+00
8.093799999999999955e+02 5.300000000000000000e+01 4.700000000000000000e+01 0.000000000000000000e+00 0.000000000000000000e+00
8.094299999999999500e+02 4.800000000000000000e+01 4.300000000000000000e+01 0.000000000000000000e+00 0.000000000000000000e+00
8.103099999999999454e+02 5.400000000000000000e+01 3.900000000000000000e+01 0.000000000000000000e+00 0.000000000000000000e+00
8.110299999999999727e+02 5.800000000000000000e+01 4.500000000000000000e+01 0.000000000000000000e+00 0.000000000000000000e+00
8.116399999999999864e+02 4.800000000000000000e+01 4.400000000000000000e+01 0.000000000000000000e+00 0.000000000000000000e+00
8.153799999999999955e+02 5.300000000000000000e+01 4.500000000000000000e+01 0.000000000000000000e+00 0.000000000000000000e+00
8.178500000000000227e+02 5.800000000000000000e+01 3.800000000000000000e+01 0.000000000000000000e+00 0.000000000000000000e+00
8.183099999999999454e+02 5.500000000000000000e+01 3.400000000000000000e+01 1.000000000000000000e+00 0.000000000000000000e+00
8.193300000000000409e+02 5.300000000000000000e+01 4.400000000000000000e+01 0.000000000000000000e+00 0.000000000000000000e+00
8.222999999999999545e+02 5.300000000000000000e+01 4.100000000000000000e+01 0.000000000000000000e+00 0.000000000000000000e+00
8.224700000000000273e+02 5.300000000000000000e+01 3.600000000000000000e+01 0.000000000000000000e+00 0.000000000000000000e+00
8.236399999999999864e+02 5.200000000000000000e+01 3.900000000000000000e+01 1.000000000000000000e+00 0.000000000000000000e+00
8.260499999999999545e+02 5.200000000000000000e+01 3.800000000000000000e+01 0.000000000000000000e+00 0.000000000000000000e+00
8.279099999999999682e+02 5.400000000000000000e+01 3.400000000000000000e+01 1.000000000000000000e+00 0.000000000000000000e+00
8.281599999999999682e+02 4.700000000000000000e+01 3.900000000000000000e+01 0.000000000000000000e+00 0.000000000000000000e+00
8.284500000000000455e+02 5.200000000000000000e+01 3.400000000000000000e+01 1.000000000000000000e+00 0.000000000000000000e+00
8.301000000000000227e+02 5.100000000000000000e+01 4.700000000000000000e+01 0.000000000000000000e+00 0.000000000000000000e+00
8.309099999999999682e+02 5.200000000000000000e+01 4.200000000000000000e+01 0.000000000000000000e+00 0.000000000000000000e+00
8.312200000000000273e+02 4.700000000000000000e+01 4.300000000000000000e+01 0.000000000000000000e+00 0.000000000000000000e+00
8.328200000000000500e+02 5.500000000000000000e+01 4.700000000000000000e+01 0.000000000000000000e+00 0.000000000000000000e+00
8.341100000000000136e+02 5.100000000000000000e+01 3.600000000000000000e+01 0.000000000000000000e+00 0.000000000000000000e+00
8.341200000000000045e+02 1.400000000000000000e+01 2.700000000000000000e+01 0.000000000000000000e+00 0.000000000000000000e+00
8.366599999999999682e+02 5.900000000000000000e+01 4.400000000000000000e+01 0.000000000000000000e+00 0.000000000000000000e+00
8.370000000000000000e+02 3.000000000000000000e+01 3.800000000000000000e+01 0.000000000000000000e+00 0.000000000000000000e+00
8.383200000000000500e+02 5.100000000000000000e+01 4.100000000000000000e+01 0.000000000000000000e+00 0.000000000000000000e+00
8.384500000000000455e+02 5.200000000000000000e+01 4.700000000000000000e+01 0.000000000000000000e+00 0.000000000000000000e+00
8.387599999999999909e+02 5.200000000000000000e+01 4.500000000000000000e+01 0.000000000000000000e+00 0.000000000000000000e+00
8.408999999999999773e+02 5.900000000000000000e+01 4.000000000000000000e+01 0.000000000000000000e+00 0.000000000000000000e+00
8.440299999999999727e+02 5.100000000000000000e+01 3.800000000000000000e+01 0.000000000000000000e+00 0.000000000000000000e+00
8.445700000000000500e+02 5.000000000000000000e+01 3.500000000000000000e+01 1.000000000000000000e+00 0.000000000000000000e+00
8.483099999999999454e+02 5.000000000000000000e+01 4.500000000000000000e+01 0.000000000000000000e+00 0.000000000000000000e+00
8.515199999999999818e+02 5.100000000000000000e+01 4.400000000000000000e+01 0.000000000000000000e+00 0.000000000000000000e+00
8.525599999999999454e+02 6.000000000000000000e+01 3.900000000000000000e+01 0.000000000000000000e+00 0.000000000000000000e+00
8.545299999999999727e+02 6.000000000000000000e+01 4.100000000000000000e+01 0.000000000000000000e+00 0.000000000000000000e+00
8.547100000000000364e+02 4.900000000000000000e+01 4.200000000000000000e+01 0.000000000000000000e+00 0.000000000000000000e+00
8.570000000000000000e+02 4.700000000000000000e+01 4.200000000000000000e+01 0.000000000000000000e+00 0.000000000000000000e+00
8.580499999999999545e+02 4.900000000000000000e+01 4.600000000000000000e+01 0.000000000000000000e+00 0.000000000000000000e+00
8.581399999999999864e+02 4.700000000000000000e+01 4.300000000000000000e+01 0.000000000000000000e+00 0.000000000000000000e+00
8.606100000000000136e+02 4.900000000000000000e+01 3.900000000000000000e+01 0.000000000000000000e+00 0.000000000000000000e+00
8.613999999999999773e+02 5.100000000000000000e+01 4.600000000000000000e+01 0.000000000000000000e+00 0.000000000000000000e+00
8.622500000000000000e+02 5.400000000000000000e+01 3.100000000000000000e+01 1.000000000000000000e+00 0.000000000000000000e+00
8.633799999999999955e+02 4.900000000000000000e+01 4.500000000000000000e+01 0.000000000000000000e+00 0.000000000000000000e+00
8.634900000000000091e+02 5.300000000000000000e+01 4.000000000000000000e+01 1.000000000000000000e+00 0.000000000000000000e+00
8.645499999999999545e+02 4.800000000000000000e+01 4.100000000000000000e+01 0.000000000000000000e+00 0.000000000000000000e+00
8.653300000000000409e+02 5.700000000000000000e+01 4.600000000000000000e+01 0.000000000000000000e+00 0.000000000000000000e+00
8.661200000000000045e+02 4.800000000000000000e+01 4.500000000000000000e+01 0.000000000000000000e+00 0.000000000000000000e+00
8.666200000000000045e+02 5.500000000000000000e+01 3.800000000000000000e+01 0.000000000000000000e+00 0.000000000000000000e+00
8.668600000000000136e+02 5.500000000000000000e+01 4.400000000000000000e+01 0.000000000000000000e+00 0.000000000000000000e+00
8.673899999999999864e+02 5.000000000000000000e+01 4.200000000000000000e+01 0.000000000000000000e+00 0.000000000000000000e+00
8.684900000000000091e+02 5.600000000000000000e+01 4.400000000000000000e+01 0.000000000000000000e+00 0.000000000000000000e+00
8.687500000000000000e+02 5.700000000000000000e+01 3.500000000000000000e+01 1.000000000000000000e+00 0.000000000000000000e+00
8.714700000000000273e+02 5.700000000000000000e+01 4.400000000000000000e+01 0.000000000000000000e+00 0.000000000000000000e+00
8.720399999999999636e+02 5.300000000000000000e+01 4.700000000000000000e+01 0.000000000000000000e+00 0.000000000000000000e+00
8.721100000000000136e+02 5.100000000000000000e+01 4.700000000000000000e+01 0.000000000000000000e+00 0.000000000000000000e+00
8.728600000000000136e+02 5.400000000000000000e+01 4.500000000000000000e+01 0.000000000000000000e+00 0.000000000000000000e+00
8.730599999999999454e+02 5.400000000000000000e+01 1.000000000000000000e+01 0.000000000000000000e+00 0.000000000000000000e+00
8.731100000000000136e+02 5.300000000000000000e+01 3.800000000000000000e+01 0.000000000000000000e+00 0.000000000000000000e+00
8.733400000000000318e+02 5.500000000000000000e+01 4.700000000000000000e+01 0.000000000000000000e+00 0.000000000000000000e+00
8.733899999999999864e+02 5.600000000000000000e+01 4.200000000000000000e+01 0.000000000000000000e+00 0.000000000000000000e+00
8.740299999999999727e+02 5.200000000000000000e+01 4.600000000000000000e+01 0.000000000000000000e+00 0.000000000000000000e+00
8.744400000000000546e+02 5.400000000000000000e+01 4.300000000000000000e+01 0.000000000000000000e+00 0.000000000000000000e+00
8.755299999999999727e+02 5.100000000000000000e+01 4.500000000000000000e+01 0.000000000000000000e+00 0.000000000000000000e+00
8.756799999999999500e+02 5.400000000000000000e+01 4.600000000000000000e+01 0.000000000000000000e+00 0.000000000000000000e+00
8.764900000000000091e+02 5.100000000000000000e+01 4.200000000000000000e+01 0.000000000000000000e+00 0.000000000000000000e+00
8.776299999999999955e+02 5.200000000000000000e+01 3.400000000000000000e+01 1.000000000000000000e+00 0.000000000000000000e+00
8.806000000000000227e+02 4.700000000000000000e+01 4.200000000000000000e+01 0.000000000000000000e+00 0.000000000000000000e+00
8.829700000000000273e+02 5.400000000000000000e+01 4.700000000000000000e+01 0.000000000000000000e+00 0.000000000000000000e+00
8.829900000000000091e+02 5.300000000000000000e+01 3.900000000000000000e+01 0.000000000000000000e+00 0.000000000000000000e+00
8.839400000000000546e+02 4.700000000000000000e+01 4.300000000000000000e+01 0.000000000000000000e+00 0.000000000000000000e+00
8.907599999999999909e+02 4.700000000000000000e+01 4.300000000000000000e+01 0.000000000000000000e+00 0.000000000000000000e+00
8.925499999999999545e+02 4.800000000000000000e+01 4.500000000000000000e+01 0.000000000000000000e+00 0.000000000000000000e+00
8.926799999999999500e+02 5.600000000000000000e+01 4.700000000000000000e+01 0.000000000000000000e+00 0.000000000000000000e+00
8.931799999999999500e+02 4.900000000000000000e+01 4.600000000000000000e+01 0.000000000000000000e+00 0.000000000000000000e+00
8.932799999999999727e+02 5.000000000000000000e+01 4.100000000000000000e+01 0.000000000000000000e+00 0.000000000000000000e+00
8.942699999999999818e+02 5.100000000000000000e+01 4.400000000000000000e+01 0.000000000000000000e+00 0.000000000000000000e+00
8.945199999999999818e+02 5.000000000000000000e+01 3.800000000000000000e+01 0.000000000000000000e+00 0.000000000000000000e+00
8.971399999999999864e+02 5.200000000000000000e+01 4.700000000000000000e+01 0.000000000000000000e+00 0.000000000000000000e+00
8.973099999999999454e+02 4.800000000000000000e+01 4.200000000000000000e+01 0.000000000000000000e+00 0.000000000000000000e+00
8.975399999999999636e+02 4.900000000000000000e+01 3.600000000000000000e+01 1.000000000000000000e+00 0.000000000000000000e+00
8.976799999999999500e+02 4.800000000000000000e+01 4.000000000000000000e+01 0.000000000000000000e+00 0.000000000000000000e+00
8.977000000000000455e+02 5.500000000000000000e+01 4.600000000000000000e+01 0.000000000000000000e+00 0.000000000000000000e+00
8.979800000000000182e+02 5.000000000000000000e+01 4.400000000000000000e+01 0.000000000000000000e+00 0.000000000000000000e+00
8.991000000000000227e+02 5.400000000000000000e+01 3.300000000000000000e+01 0.000000000000000000e+00 0.000000000000000000e+00
8.993200000000000500e+02 4.900000000000000000e+01 4.400000000000000000e+01 0.000000000000000000e+00 0.000000000000000000e+00
8.996000000000000227e+02 4.700000000000000000e+01 4.100000000000000000e+01 0.000000000000000000e+00 0.000000000000000000e+00
9.027999999999999545e+02 5.600000000000000000e+01 4.200000000000000000e+01 0.000000000000000000e+00 0.000000000000000000e+00
9.029600000000000364e+02 5.300000000000000000e+01 2.600000000000000000e+01 1.000000000000000000e+00 0.000000000000000000e+00
9.039400000000000546e+02 5.700000000000000000e+01 4.100000000000000000e+01 0.000000000000000000e+00 0.000000000000000000e+00
9.048999999999999773e+02 5.700000000000000000e+01 3.900000000000000000e+01 0.000000000000000000e+00 0.000000000000000000e+00
9.060499999999999545e+02 5.500000000000000000e+01 4.200000000000000000e+01 0.000000000000000000e+00 0.000000000000000000e+00
9.072000000000000455e+02 5.600000000000000000e+01 4.000000000000000000e+01 0.000000000000000000e+00 0.000000000000000000e+00
9.077599999999999909e+02 5.800000000000000000e+01 3.600000000000000000e+01 1.000000000000000000e+00 0.000000000000000000e+00
9.078099999999999454e+02 5.100000000000000000e+01 3.900000000000000000e+01 0.000000000000000000e+00 0.000000000000000000e+00
9.104900000000000091e+02 4.700000000000000000e+01 4.200000000000000000e+01 0.000000000000000000e+00 0.000000000000000000e+00
9.105700000000000500e+02 5.900000000000000000e+01 4.500000000000000000e+01 0.000000000000000000e+00 0.000000000000000000e+00
9.119400000000000546e+02 5.400000000000000000e+01 3.400000000000000000e+01 1.000000000000000000e+00 0.000000000000000000e+00
9.127799999999999727e+02 5.800000000000000000e+01 4.600000000000000000e+01 0.000000000000000000e+00 0.000000000000000000e+00
9.138999999999999773e+02 5.400000000000000000e+01 3.900000000000000000e+01 0.000000000000000000e+00 0.000000000000000000e+00
9.177200000000000273e+02 5.800000000000000000e+01 4.500000000000000000e+01 0.000000000000000000e+00 0.000000000000000000e+00
9.199700000000000273e+02 5.100000000000000000e+01 4.700000000000000000e+01 0.000000000000000000e+00 0.000000000000000000e+00
9.207899999999999636e+02 4.800000000000000000e+01 4.500000000000000000e+01 0.000000000000000000e+00 0.000000000000000000e+00
9.213099999999999454e+02 4.700000000000000000e+01 4.400000000000000000e+01 0.000000000000000000e+00 0.000000000000000000e+00
9.223600000000000136e+02 4.800000000000000000e+01 2.500000000000000000e+01 1.000000000000000000e+00 0.000000000000000000e+00
9.246599999999999682e+02 6.000000000000000000e+01 4.200000000000000000e+01 0.000000000000000000e+00 0.000000000000000000e+00
9.246799999999999500e+02 5.000000000000000000e+01 3.500000000000000000e+01 1.000000000000000000e+00 0.000000000000000000e+00
9.251000000000000227e+02 4.800000000000000000e+01 4.300000000000000000e+01 0.000000000000000000e+00 0.000000000000000000e+00
9.275800000000000409e+02 5.600000000000000000e+01 4.500000000000000000e+01 0.000000000000000000e+00 0.000000000000000000e+00
9.276000000000000227e+02 5.500000000000000000e+01 3.400000000000000000e+01 1.000000000000000000e+00 0.000000000000000000e+00
9.301399999999999864e+02 5.100000000000000000e+01 3.400000000000000000e+01 1.000000000000000000e+00 0.000000000000000000e+00
9.310499999999999545e+02 5.000000000000000000e+01 4.500000000000000000e+01 0.000000000000000000e+00 0.000000000000000000e+00
9.322400000000000091e+02 5.900000000000000000e+01 4.100000000000000000e+01 0.000000000000000000e+00 0.000000000000000000e+00
9.328899999999999864e+02 5.300000000000000000e+01 3.300000000000000000e+01 1.000000000000000000e+00 0.000000000000000000e+00
9.332200000000000273e+02 5.600000000000000000e+01 3.300000000000000000e+01 1.000000000000000000e+00 0.000000000000000000e+00
9.354299999999999500e+02 5.300000000000000000e+01 4.200000000000000000e+01 0.000000000000000000e+00 0.000000000000000000e+00
9.358700000000000045e+02 4.700000000000000000e+01 4.300000000000000000e+01 0.000000000000000000e+00 0.000000000000000000e+00
9.363500000000000227e+02 4.900000000000000000e+01 4.600000000000000000e+01 0.000000000000000000e+00 0.000000000000000000e+00
9.365700000000000500e+02 4.700000000000000000e+01 4.200000000000000000e+01 0.000000000000000000e+00 0.000000000000000000e+00
9.382100000000000364e+02 4.900000000000000000e+01 4.000000000000000000e+01 0.000000000000000000e+00 0.000000000000000000e+00
9.403999999999999773e+02 5.300000000000000000e+01 3.200000000000000000e+01 1.000000000000000000e+00 0.000000000000000000e+00
9.409299999999999500e+02 5.300000000000000000e+01 3.900000000000000000e+01 0.000000000000000000e+00 0.000000000000000000e+00
9.430599999999999454e+02 5.900000000000000000e+01 4.400000000000000000e+01 0.000000000000000000e+00 0.000000000000000000e+00
9.446299999999999955e+02 5.900000000000000000e+01 4.500000000000000000e+01 0.000000000000000000e+00 0.000000000000000000e+00
9.452999999999999545e+02 4.800000000000000000e+01 4.500000000000000000e+01 0.000000000000000000e+00 0.000000000000000000e+00
9.502100000000000364e+02 5.100000000000000000e+01 4.700000000000000000e+01 0.000000000000000000e+00 0.000000000000000000e+00
9.513300000000000409e+02 4.800000000000000000e+01 4.400000000000000000e+01 0.000000000000000000e+00 0.000000000000000000e+00
9.532200000000000273e+02 4.700000000000000000e+01 3.800000000000000000e+01 0.000000000000000000e+00 0.000000000000000000e+00
9.570499999999999545e+02 4.700000000000000000e+01 4.000000000000000000e+01 0.000000000000000000e+00 0.000000000000000000e+00
9.605900000000000318e+02 4.700000000000000000e+01 4.400000000000000000e+01 0.000000000000000000e+00 0.000000000000000000e+00
9.606100000000000136e+02 5.000000000000000000e+01 4.700000000000000000e+01 0.000000000000000000e+00 0.000000000000000000e+00
9.609400000000000546e+02 5.400000000000000000e+01 3.200000000000000000e+01 1.000000000000000000e+00 0.000000000000000000e+00
9.651599999999999682e+02 5.300000000000000000e+01 4.800000000000000000e+01 0.000000000000000000e+00 0.000000000000000000e+00
9.664900000000000091e+02 4.700000000000000000e+01 3.900000000000000000e+01 0.000000000000000000e+00 0.000000000000000000e+00
9.681399999999999864e+02 5.300000000000000000e+01 4.600000000000000000e+01 0.000000000000000000e+00 0.000000000000000000e+00
9.687500000000000000e+02 5.300000000000000000e+01 3.700000000000000000e+01 0.000000000000000000e+00 0.000000000000000000e+00
9.695900000000000318e+02 5.300000000000000000e+01 3.500000000000000000e+01 1.000000000000000000e+00 0.000000000000000000e+00
9.727599999999999909e+02 5.700000000000000000e+01 4.700000000000000000e+01 0.000000000000000000e+00 0.000000000000000000e+00
9.790900000000000318e+02 5.600000000000000000e+01 4.700000000000000000e+01 0.000000000000000000e+00 0.000000000000000000e+00
9.821900000000000546e+02 4.800000000000000000e+01 4.500000000000000000e+01 0.000000000000000000e+00 0.000000000000000000e+00
9.832400000000000091e+02 5.900000000000000000e+01 4.500000000000000000e+01 0.000000000000000000e+00 0.000000000000000000e+00
9.841399999999999864e+02 5.400000000000000000e+01 4.800000000000000000e+01 0.000000000000000000e+00 0.000000000000000000e+00
9.851799999999999500e+02 5.400000000000000000e+01 1.200000000000000000e+01 0.000000000000000000e+00 0.000000000000000000e+00
9.853200000000000500e+02 5.200000000000000000e+01 4.600000000000000000e+01 0.000000000000000000e+00 0.000000000000000000e+00
9.860700000000000500e+02 5.200000000000000000e+01 4.700000000000000000e+01 0.000000000000000000e+00 0.000000000000000000e+00
9.862500000000000000e+02 4.700000000000000000e+01 4.400000000000000000e+01 0.000000000000000000e+00 0.000000000000000000e+00
9.868899999999999864e+02 5.200000000000000000e+01 4.500000000000000000e+01 0.000000000000000000e+00 0.000000000000000000e+00
9.870599999999999454e+02 5.200000000000000000e+01 3.800000000000000000e+01 0.000000000000000000e+00 0.000000000000000000e+00
9.874099999999999682e+02 2.800000000000000000e+01 4.000000000000000000e+00 0.000000000000000000e+00 0.000000000000000000e+00
9.890700000000000500e+02 4.700000000000000000e+01 4.300000000000000000e+01 0.000000000000000000e+00 0.000000000000000000e+00
9.901499999999999773e+02 4.900000000000000000e+01 4.500000000000000000e+01 0.000000000000000000e+00 0.000000000000000000e+00
9.930199999999999818e+02 5.000000000000000000e+01 4.200000000000000000e+01 0.000000000000000000e+00 0.000000000000000000e+00
9.950599999999999454e+02 5.400000000000000000e+01 1.900000000000000000e+01 0.000000000000000000e+00 0.000000000000000000e+00
9.951499999999999773e+02 4.900000000000000000e+01 4.600000000000000000e+01 0.000000000000000000e+00 0.000000000000000000e+00
9.962500000000000000e+02 5.000000000000000000e+01 4.700000000000000000e+01 0.000000000000000000e+00 0.000000000000000000e+00
9.983799999999999955e+02 6.000000000000000000e+01 4.300000000000000000e+01 0.000000000000000000e+00 0.000000000000000000e+00
