1.000000000000000000e+00 8.000000000000000000e+00 3.200000000000000000e+01 1.000000000000000000e+00 1.000000000000000000e+00
1.100000000000000000e+01 1.800000000000000000e+01 4.400000000000000000e+01 0.000000000000000000e+00 1.000000000000000000e+00
1.800000000000000000e+01 2.000000000000000000e+01 6.000000000000000000e+00 1.000000000000000000e+00 1.000000000000000000e+00
2.000000000000000000e+01 2.100000000000000000e+01 1.300000000000000000e+01 0.000000000000000000e+00 1.000000000000000000e+00
2.000000000000000000e+01 7.000000000000000000e+00 3.400000000000000000e+01 1.000000000000000000e+00 1.000000000000000000e+00
2.500000000000000000e+01 7.000000000000000000e+00 3.400000000000000000e+01 1.000000000000000000e+00 1.000000000000000000e+00
2.600000000000000000e+01 2.000000000000000000e+01 7.000000000000000000e+00 1.000000000000000000e+00 1.000000000000000000e+00
3.100000000000000000e+01 1.500000000000000000e+01 2.400000000000000000e+01 1.000000000000000000e+00 1.000000000000000000e+00
3.500000000000000000e+01 1.100000000000000000e+01 2.800000000000000000e+01 1.000000000000000000e+00 1.000000000000000000e+00
3.900000000000000000e+01 2.200000000000000000e+01 2.000000000000000000e+00 0.000000000000000000e+00 1.000000000000000000e+00
3.900000000000000000e+01 1.300000000000000000e+01 2.600000000000000000e+01 1.000000000000000000e+00 1.000000000000000000e+00
4.600000000000000000e+01 1.100000000000000000e+01 2.700000000000000000e+01 1.000000000000000000e+00 1.000000000000000000e+00
5.100000000000000000e+01 2.000000000000000000e+01 4.200000000000000000e+01 0.000000000000000000e+00 1.000000000000000000e+00
5.300000000000000000e+01 1.700000000000000000e+01 2.400000000000000000e+01 1.000000000000000000e+00 1.000000000000000000e+00
5.500000000000000000e+01 2.200000000000000000e+01 2.100000000000000000e+01 1.000000000000000000e+00 1.000000000000000000e+00
6.000000000000000000e+01 2.200000000000000000e+01 3.000000000000000000e+00 0.000000000000000000e+00 1.000000000000000000e+00
6.000000000000000000e+01 8.000000000000000000e+00 3.800000000000000000e+01 1.000000000000000000e+00 1.000000000000000000e+00
6.100000000000000000e+01 8.000000000000000000e+00 3.800000000000000000e+01 1.000000000000000000e+00 1.000000000000000000e+00
6.100000000000000000e+01 2.000000000000000000e+01 3.000000000000000000e+00 1.000000000000000000e+00 1.000000000000000000e+00
6.300000000000000000e+01 2.100000000000000000e+01 1.500000000000000000e+01 0.000000000000000000e+00 1.000000000000000000e+00
6.300000000000000000e+01 1.000000000000000000e+01 2.800000000000000000e+01 1.000000000000000000e+00 1.000000000000000000e+00
7.200000000000000000e+01 1.400000000000000000e+01 2.500000000000000000e+01 1.000000000000000000e+00 1.000000000000000000e+00
8.000000000000000000e+01 9.000000000000000000e+00 3.000000000000000000e+01 1.000000000000000000e+00 1.000000000000000000e+00
8.100000000000000000e+01 1.900000000000000000e+01 4.400000000000000000e+01 0.000000000000000000e+00 1.000000000000000000e+00
8.700000000000000000e+01 2.300000000000000000e+01 4.500000000000000000e+01 0.000000000000000000e+00 1.000000000000000000e+00
9.000000000000000000e+01 8.000000000000000000e+00 3.600000000000000000e+01 1.000000000000000000e+00 1.000000000000000000e+00
9.900000000000000000e+01 2.100000000000000000e+01 2.000000000000000000e+00 0.000000000000000000e+00 1.000000000000000000e+00
9.900000000000000000e+01 1.600000000000000000e+01 2.500000000000000000e+01 1.000000000000000000e+00 1.000000000000000000e+00
9.900000000000000000e+01 1.800000000000000000e+01 2.300000000000000000e+01 1.000000000000000000e+00 1.000000000000000000e+00
1.010000000000000000e+02 1.800000000000000000e+01 2.300000000000000000e+01 1.000000000000000000e+00 1.000000000000000000e+00
1.060000000000000000e+02 8.000000000000000000e+00 2.900000000000000000e+01 1.000000000000000000e+00 1.000000000000000000e+00
1.070000000000000000e+02 2.900000000000000000e+01 3.600000000000000000e+01 0.000000000000000000e+00 1.000000000000000000e+00
1.110000000000000000e+02 1.400000000000000000e+01 3.200000000000000000e+01 0.000000000000000000e+00 1.000000000000000000e+00
1.110000000000000000e+02 9.000000000000000000e+00 3.400000000000000000e+01 0.000000000000000000e+00 1.000000000000000000e+00
1.160000000000000000e+02 3.000000000000000000e+00 3.400000000000000000e+01 1.000000000000000000e+00 1.000000000000000000e+00
1.180000000000000000e+02 1.700000000000000000e+01 1.700000000000000000e+01 1.000000000000000000e+00 1.000000000000000000e+00
1.200000000000000000e+02 1.400000000000000000e+01 2.800000000000000000e+01 0.000000000000000000e+00 1.000000000000000000e+00
1.200000000000000000e+02 7.000000000000000000e+00 3.200000000000000000e+01 1.000000000000000000e+00 1.000000000000000000e+00
1.240000000000000000e+02 7.000000000000000000e+00 3.200000000000000000e+01 1.000000000000000000e+00 1.000000000000000000e+00
1.270000000000000000e+02 2.100000000000000000e+01 1.400000000000000000e+01 0.000000000000000000e+00 1.000000000000000000e+00
1.290000000000000000e+02 9.000000000000000000e+00 3.800000000000000000e+01 0.000000000000000000e+00 1.000000000000000000e+00
1.300000000000000000e+02 2.300000000000000000e+01 4.200000000000000000e+01 0.000000000000000000e+00 1.000000000000000000e+00
1.310000000000000000e+02 2.100000000000000000e+01 4.600000000000000000e+01 0.000000000000000000e+00 1.000000000000000000e+00
1.310000000000000000e+02 1.600000000000000000e+01 4.500000000000000000e+01 0.000000000000000000e+00 1.000000000000000000e+00
1.320000000000000000e+02 2.000000000000000000e+01 4.300000000000000000e+01 0.000000000000000000e+00 1.000000000000000000e+00
1.320000000000000000e+02 1.600000000000000000e+01 2.700000000000000000e+01 0.000000000000000000e+00 1.000000000000000000e+00
1.380000000000000000e+02 8.000000000000000000e+00 3.300000000000000000e+01 1.000000000000000000e+00 1.000000000000000000e+00
1.390000000000000000e+02 2.200000000000000000e+01 3.800000000000000000e+01 0.000000000000000000e+00 1.000000000000000000e+00
1.450000000000000000e+02 7.000000000000000000e+00 3.700000000000000000e+01 1.000000000000000000e+00 1.000000000000000000e+00
1.480000000000000000e+02 2.100000000000000000e+01 1.100000000000000000e+01 0.000000000000000000e+00 1.000000000000000000e+00
1.500000000000000000e+02 1.700000000000000000e+01 2.900000000000000000e+01 0.000000000000000000e+00 1.000000000000000000e+00
1.530000000000000000e+02 2.100000000000000000e+01 2.500000000000000000e+01 1.000000000000000000e+00 1.000000000000000000e+00
1.540000000000000000e+02 2.400000000000000000e+01 4.000000000000000000e+01 0.000000000000000000e+00 1.000000000000000000e+00
1.550000000000000000e+02 1.200000000000000000e+01 3.300000000000000000e+01 0.000000000000000000e+00 1.000000000000000000e+00
1.590000000000000000e+02 2.600000000000000000e+01 3.300000000000000000e+01 0.000000000000000000e+00 1.000000000000000000e+00
1.590000000000000000e+02 2.300000000000000000e+01 2.500000000000000000e+01 1.000000000000000000e+00 1.000000000000000000e+00
1.610000000000000000e+02 2.100000000000000000e+01 4.200000000000000000e+01 0.000000000000000000e+00 1.000000000000000000e+00
1.660000000000000000e+02 2.200000000000000000e+01 2.900000000000000000e+01 0.000000000000000000e+00 1.000000000000000000e+00
1.680000000000000000e+02 2.700000000000000000e+01 2.900000000000000000e+01 0.000000000000000000e+00 1.000000000000000000e+00
1.690000000000000000e+02 2.000000000000000000e+01 3.100000000000000000e+01 0.000000000000000000e+00 1.000000000000000000e+00
1.720000000000000000e+02 1.200000000000000000e+01 3.700000000000000000e+01 0.000000000000000000e+00 1.000000000000000000e+00
1.730000000000000000e+02 1.200000000000000000e+01 2.600000000000000000e+01 1.000000000000000000e+00 1.000000000000000000e+00
1.740000000000000000e+02 2.000000000000000000e+01 2.300000000000000000e+01 0.000000000000000000e+00 1.000000000000000000e+00
1.750000000000000000e+02 1.200000000000000000e+01 3.800000000000000000e+01 0.000000000000000000e+00 1.000000000000000000e+00
1.770000000000000000e+02 2.600000000000000000e+01 4.300000000000000000e+01 0.000000000000000000e+00 1.000000000000000000e+00
1.800000000000000000e+02 1.700000000000000000e+01 2.800000000000000000e+01 0.000000000000000000e+00 1.000000000000000000e+00
1.870000000000000000e+02 2.200000000000000000e+01 2.800000000000000000e+01 0.000000000000000000e+00 1.000000000000000000e+00
1.870000000000000000e+02 1.700000000000000000e+01 4.600000000000000000e+01 0.000000000000000000e+00 1.000000000000000000e+00
1.880000000000000000e+02 2.200000000000000000e+01 1.000000000000000000e+00 0.000000000000000000e+00 1.000000000000000000e+00
1.890000000000000000e+02 1.300000000000000000e+01 3.300000000000000000e+01 0.000000000000000000e+00 1.000000000000000000e+00
1.890000000000000000e+02 2.800000000000000000e+01 3.900000000000000000e+01 0.000000000000000000e+00 1.000000000000000000e+00
1.920000000000000000e+02 2.000000000000000000e+01 8.000000000000000000e+00 1.000000000000000000e+00 1.000000000000000000e+00
1.930000000000000000e+02 1.700000000000000000e+01 3.400000000000000000e+01 0.000000000000000000e+00 1.000000000000000000e+00
1.970000000000000000e+02 2.100000000000000000e+01 3.900000000000000000e+01 0.000000000000000000e+00 1.000000000000000000e+00
2.000000000000000000e+02 1.900000000000000000e+01 1.500000000000000000e+01 1.000000000000000000e+00 1.000000000000000000e+00
2.010000000000000000e+02 1.900000000000000000e+01 4.500000000000000000e+01 0.000000000000000000e+00 1.000000000000000000e+00
2.010000000000000000e+02 2.000000000000000000e+01 1.600000000000000000e+01 0.000000000000000000e+00 1.000000000000000000e+00
2.090000000000000000e+02 1.600000000000000000e+01 3.200000000000000000e+01 0.000000000000000000e+00 1.000000000000000000e+00
2.100000000000000000e+02 1.900000000000000000e+01 1.700000000000000000e+01 1.000000000000000000e+00 1.000000000000000000e+00
2.150000000000000000e+02 1.900000000000000000e+01 3.600000000000000000e+01 0.000000000000000000e+00 1.000000000000000000e+00
2.150000000000000000e+02 2.800000000000000000e+01 4.000000000000000000e+01 0.000000000000000000e+00 1.000000000000000000e+00
2.150000000000000000e+02 1.900000000000000000e+01 1.600000000000000000e+01 1.000000000000000000e+00 1.000000000000000000e+00
2.150000000000000000e+02 2.900000000000000000e+01 3.400000000000000000e+01 0.000000000000000000e+00 1.000000000000000000e+00
2.180000000000000000e+02 1.300000000000000000e+01 3.900000000000000000e+01 0.000000000000000000e+00 1.000000000000000000e+00
2.200000000000000000e+02 1.600000000000000000e+01 2.900000000000000000e+01 0.000000000000000000e+00 1.000000000000000000e+00
2.200000000000000000e+02 2.100000000000000000e+01 1.200000000000000000e+01 0.000000000000000000e+00 1.000000000000000000e+00
2.260000000000000000e+02 1.500000000000000000e+01 2.800000000000000000e+01 0.000000000000000000e+00 1.000000000000000000e+00
2.270000000000000000e+02 1.400000000000000000e+01 4.500000000000000000e+01 0.000000000000000000e+00 1.000000000000000000e+00
2.290000000000000000e+02 2.600000000000000000e+01 3.800000000000000000e+01 0.000000000000000000e+00 1.000000000000000000e+00
2.310000000000000000e+02 0.000000000000000000e+00 3.400000000000000000e+01 1.000000000000000000e+00 1.000000000000000000e+00
2.320000000000000000e+02 0.000000000000000000e+00 3.400000000000000000e+01 1.000000000000000000e+00 1.000000000000000000e+00
2.320000000000000000e+02 8.000000000000000000e+00 4.000000000000000000e+01 1.000000000000000000e+00 1.000000000000000000e+00
2.320000000000000000e+02 2.500000000000000000e+01 2.800000000000000000e+01 0.000000000000000000e+00 1.000000000000000000e+00
2.340000000000000000e+02 2.400000000000000000e+01 4.400000000000000000e+01 0.000000000000000000e+00 1.000000000000000000e+00
2.350000000000000000e+02 1.800000000000000000e+01 2.400000000000000000e+01 1.000000000000000000e+00 1.000000000000000000e+00
2.400000000000000000e+02 2.200000000000000000e+01 3.500000000000000000e+01 0.000000000000000000e+00 1.000000000000000000e+00
2.410000000000000000e+02 2.900000000000000000e+01 3.700000000000000000e+01 0.000000000000000000e+00 1.000000000000000000e+00
2.410000000000000000e+02 8.000000000000000000e+00 3.600000000000000000e+01 1.000000000000000000e+00 1.000000000000000000e+00
2.420000000000000000e+02 9.000000000000000000e+00 3.000000000000000000e+01 1.000000000000000000e+00 1.000000000000000000e+00
2.490000000000000000e+02 1.900000000000000000e+01 2.700000000000000000e+01 0.000000000000000000e+00 1.000000000000000000e+00
2.490000000000000000e+02 1.500000000000000000e+01 4.400000000000000000e+01 0.000000000000000000e+00 1.000000000000000000e+00
2.490000000000000000e+02 9.000000000000000000e+00 3.100000000000000000e+01 1.000000000000000000e+00 1.000000000000000000e+00
2.500000000000000000e+02 1.900000000000000000e+01 2.800000000000000000e+01 0.000000000000000000e+00 1.000000000000000000e+00
2.560000000000000000e+02 8.000000000000000000e+00 3.200000000000000000e+01 1.000000000000000000e+00 1.000000000000000000e+00
2.580000000000000000e+02 9.000000000000000000e+00 3.500000000000000000e+01 0.000000000000000000e+00 1.000000000000000000e+00
2.590000000000000000e+02 1.900000000000000000e+01 1.200000000000000000e+01 1.000000000000000000e+00 1.000000000000000000e+00
2.590000000000000000e+02 1.700000000000000000e+01 1.900000000000000000e+01 1.000000000000000000e+00 1.000000000000000000e+00
2.640000000000000000e+02 1.200000000000000000e+01 2.700000000000000000e+01 1.000000000000000000e+00 1.000000000000000000e+00
2.640000000000000000e+02 2.500000000000000000e+01 4.400000000000000000e+01 0.000000000000000000e+00 1.000000000000000000e+00
2.650000000000000000e+02 2.100000000000000000e+01 1.300000000000000000e+01 0.000000000000000000e+00 1.000000000000000000e+00
2.680000000000000000e+02 2.100000000000000000e+01 2.900000000000000000e+01 0.000000000000000000e+00 1.000000000000000000e+00
2.800000000000000000e+02 1.200000000000000000e+01 3.400000000000000000e+01 0.000000000000000000e+00 1.000000000000000000e+00
2.810000000000000000e+02 1.300000000000000000e+01 2.700000000000000000e+01 1.000000000000000000e+00 1.000000000000000000e+00
2.870000000000000000e+02 1.600000000000000000e+01 4.300000000000000000e+01 0.000000000000000000e+00 1.000000000000000000e+00
2.930000000000000000e+02 1.000000000000000000e+01 2.900000000000000000e+01 1.000000000000000000e+00 1.000000000000000000e+00
2.930000000000000000e+02 1.900000000000000000e+01 1.900000000000000000e+01 1.000000000000000000e+00 1.000000000000000000e+00
2.940000000000000000e+02 1.000000000000000000e+01 2.900000000000000000e+01 1.000000000000000000e+00 1.000000000000000000e+00
3.030000000000000000e+02 1.300000000000000000e+01 3.100000000000000000e+01 0.000000000000000000e+00 1.000000000000000000e+00
3.040000000000000000e+02 2.000000000000000000e+01 1.500000000000000000e+01 0.000000000000000000e+00 1.000000000000000000e+00
3.050000000000000000e+02 1.000000000000000000e+01 3.000000000000000000e+01 1.000000000000000000e+00 1.000000000000000000e+00
3.050000000000000000e+02 8.000000000000000000e+00 3.100000000000000000e+01 1.000000000000000000e+00 1.000000000000000000e+00
3.060000000000000000e+02 2.100000000000000000e+01 2.600000000000000000e+01 0.000000000000000000e+00 1.000000000000000000e+00
3.090000000000000000e+02 2.100000000000000000e+01 4.000000000000000000e+00 0.000000000000000000e+00 1.000000000000000000e+00
3.090000000000000000e+02 8.000000000000000000e+00 3.400000000000000000e+01 1.000000000000000000e+00 1.000000000000000000e+00
3.130000000000000000e+02 1.500000000000000000e+01 2.500000000000000000e+01 1.000000000000000000e+00 1.000000000000000000e+00
3.140000000000000000e+02 1.200000000000000000e+01 3.000000000000000000e+01 1.000000000000000000e+00 1.000000000000000000e+00
3.140000000000000000e+02 1.000000000000000000e+01 4.100000000000000000e+01 0.000000000000000000e+00 1.000000000000000000e+00
3.160000000000000000e+02 1.500000000000000000e+01 4.500000000000000000e+01 0.000000000000000000e+00 1.000000000000000000e+00
3.190000000000000000e+02 2.400000000000000000e+01 2.600000000000000000e+01 1.000000000000000000e+00 1.000000000000000000e+00
3.190000000000000000e+02 8.000000000000000000e+00 3.900000000000000000e+01 1.000000000000000000e+00 1.000000000000000000e+00
3.190000000000000000e+02 1.200000000000000000e+01 2.300000000000000000e+01 1.000000000000000000e+00 1.000000000000000000e+00
3.200000000000000000e+02 1.800000000000000000e+01 2.500000000000000000e+01 1.000000000000000000e+00 1.000000000000000000e+00
3.230000000000000000e+02 1.100000000000000000e+01 1.800000000000000000e+01 1.000000000000000000e+00 1.000000000000000000e+00
3.300000000000000000e+02 2.100000000000000000e+01 1.500000000000000000e+01 0.000000000000000000e+00 1.000000000000000000e+00
3.300000000000000000e+02 1.700000000000000000e+01 2.300000000000000000e+01 1.000000000000000000e+00 1.000000000000000000e+00
3.300000000000000000e+02 1.900000000000000000e+01 2.000000000000000000e+01 1.000000000000000000e+00 1.000000000000000000e+00
3.390000000000000000e+02 2.100000000000000000e+01 1.400000000000000000e+01 0.000000000000000000e+00 1.000000000000000000e+00
3.400000000000000000e+02 2.200000000000000000e+01 4.000000000000000000e+00 0.000000000000000000e+00 1.000000000000000000e+00
3.400000000000000000e+02 1.600000000000000000e+01 2.400000000000000000e+01 1.000000000000000000e+00 1.000000000000000000e+00
3.420000000000000000e+02 1.800000000000000000e+01 4.600000000000000000e+01 0.000000000000000000e+00 1.000000000000000000e+00
3.420000000000000000e+02 1.900000000000000000e+01 2.100000000000000000e+01 1.000000000000000000e+00 1.000000000000000000e+00
3.440000000000000000e+02 1.800000000000000000e+01 4.300000000000000000e+01 0.000000000000000000e+00 1.000000000000000000e+00
3.520000000000000000e+02 1.500000000000000000e+01 2.800000000000000000e+01 0.000000000000000000e+00 1.000000000000000000e+00
3.520000000000000000e+02 2.200000000000000000e+01 2.300000000000000000e+01 1.000000000000000000e+00 1.000000000000000000e+00
3.530000000000000000e+02 2.700000000000000000e+01 4.200000000000000000e+01 0.000000000000000000e+00 1.000000000000000000e+00
3.570000000000000000e+02 2.200000000000000000e+01 2.400000000000000000e+01 1.000000000000000000e+00 1.000000000000000000e+00
3.580000000000000000e+02 2.200000000000000000e+01 0.000000000000000000e+00 0.000000000000000000e+00 1.000000000000000000e+00
3.600000000000000000e+02 1.600000000000000000e+01 3.200000000000000000e+01 0.000000000000000000e+00 1.000000000000000000e+00
3.600000000000000000e+02 2.200000000000000000e+01 2.000000000000000000e+00 0.000000000000000000e+00 1.000000000000000000e+00
3.600000000000000000e+02 2.000000000000000000e+01 9.000000000000000000e+00 1.000000000000000000e+00 1.000000000000000000e+00
3.610000000000000000e+02 2.000000000000000000e+01 9.000000000000000000e+00 1.000000000000000000e+00 1.000000000000000000e+00
3.640000000000000000e+02 2.200000000000000000e+01 2.800000000000000000e+01 0.000000000000000000e+00 1.000000000000000000e+00
3.660000000000000000e+02 1.900000000000000000e+01 2.500000000000000000e+01 1.000000000000000000e+00 1.000000000000000000e+00
3.670000000000000000e+02 1.500000000000000000e+01 3.400000000000000000e+01 0.000000000000000000e+00 1.000000000000000000e+00
3.680000000000000000e+02 1.400000000000000000e+01 2.600000000000000000e+01 1.000000000000000000e+00 1.000000000000000000e+00
3.690000000000000000e+02 1.900000000000000000e+01 2.700000000000000000e+01 0.000000000000000000e+00 1.000000000000000000e+00
3.710000000000000000e+02 2.100000000000000000e+01 0.000000000000000000e+00 1.000000000000000000e+00 1.000000000000000000e+00
3.840000000000000000e+02 2.300000000000000000e+01 4.300000000000000000e+01 0.000000000000000000e+00 1.000000000000000000e+00
3.870000000000000000e+02 2.300000000000000000e+01 4.000000000000000000e+01 0.000000000000000000e+00 1.000000000000000000e+00
3.930000000000000000e+02 2.200000000000000000e+01 3.000000000000000000e+00 0.000000000000000000e+00 1.000000000000000000e+00
4.000000000000000000e+02 2.400000000000000000e+01 3.300000000000000000e+01 0.000000000000000000e+00 1.000000000000000000e+00
4.010000000000000000e+02 1.900000000000000000e+01 4.600000000000000000e+01 0.000000000000000000e+00 1.000000000000000000e+00
4.020000000000000000e+02 2.000000000000000000e+01 2.000000000000000000e+00 1.000000000000000000e+00 1.000000000000000000e+00
4.030000000000000000e+02 2.900000000000000000e+01 3.800000000000000000e+01 0.000000000000000000e+00 1.000000000000000000e+00
4.040000000000000000e+02 1.000000000000000000e+01 4.300000000000000000e+01 1.000000000000000000e+00 1.000000000000000000e+00
4.100000000000000000e+02 1.300000000000000000e+01 2.500000000000000000e+01 1.000000000000000000e+00 1.000000000000000000e+00
4.190000000000000000e+02 1.800000000000000000e+01 3.500000000000000000e+01 0.000000000000000000e+00 1.000000000000000000e+00
4.200000000000000000e+02 1.800000000000000000e+01 3.400000000000000000e+01 0.000000000000000000e+00 1.000000000000000000e+00
4.210000000000000000e+02 9.000000000000000000e+00 2.900000000000000000e+01 1.000000000000000000e+00 1.000000000000000000e+00
4.220000000000000000e+02 2.900000000000000000e+01 3.300000000000000000e+01 0.000000000000000000e+00 1.000000000000000000e+00
4.270000000000000000e+02 1.400000000000000000e+01 4.100000000000000000e+01 0.000000000000000000e+00 1.000000000000000000e+00
4.290000000000000000e+02 2.800000000000000000e+01 3.200000000000000000e+01 0.000000000000000000e+00 1.000000000000000000e+00
4.290000000000000000e+02 8.000000000000000000e+00 3.700000000000000000e+01 1.000000000000000000e+00 1.000000000000000000e+00
4.350000000000000000e+02 8.000000000000000000e+00 3.700000000000000000e+01 1.000000000000000000e+00 1.000000000000000000e+00
4.370000000000000000e+02 1.000000000000000000e+01 4.000000000000000000e+01 0.000000000000000000e+00 1.000000000000000000e+00
4.370000000000000000e+02 2.000000000000000000e+01 1.000000000000000000e+01 1.000000000000000000e+00 1.000000000000000000e+00
4.380000000000000000e+02 1.300000000000000000e+01 4.200000000000000000e+01 0.000000000000000000e+00 1.000000000000000000e+00
4.440000000000000000e+02 2.400000000000000000e+01 4.300000000000000000e+01 0.000000000000000000e+00 1.000000000000000000e+00
4.470000000000000000e+02 1.900000000000000000e+01 2.200000000000000000e+01 1.000000000000000000e+00 1.000000000000000000e+00
4.470000000000000000e+02 1.900000000000000000e+01 4.000000000000000000e+01 0.000000000000000000e+00 1.000000000000000000e+00
4.480000000000000000e+02 1.200000000000000000e+01 2.800000000000000000e+01 1.000000000000000000e+00 1.000000000000000000e+00
4.480000000000000000e+02 1.100000000000000000e+01 2.800000000000000000e+01 1.000000000000000000e+00 1.000000000000000000e+00
4.480000000000000000e+02 1.500000000000000000e+01 4.600000000000000000e+01 0.000000000000000000e+00 1.000000000000000000e+00
4.490000000000000000e+02 1.600000000000000000e+01 4.400000000000000000e+01 0.000000000000000000e+00 1.000000000000000000e+00
4.520000000000000000e+02 1.200000000000000000e+01 4.200000000000000000e+01 0.000000000000000000e+00 1.000000000000000000e+00
4.670000000000000000e+02 1.900000000000000000e+01 3.500000000000000000e+01 0.000000000000000000e+00 1.000000000000000000e+00
4.710000000000000000e+02 2.000000000000000000e+01 4.100000000000000000e+01 0.000000000000000000e+00 1.000000000000000000e+00
4.740000000000000000e+02 1.400000000000000000e+01 3.300000000000000000e+01 0.000000000000000000e+00 1.000000000000000000e+00
4.760000000000000000e+02 9.000000000000000000e+00 4.100000000000000000e+01 1.000000000000000000e+00 1.000000000000000000e+00
4.820000000000000000e+02 1.400000000000000000e+01 3.700000000000000000e+01 0.000000000000000000e+00 1.000000000000000000e+00
4.820000000000000000e+02 2.200000000000000000e+01 2.500000000000000000e+01 1.000000000000000000e+00 1.000000000000000000e+00
4.830000000000000000e+02 2.000000000000000000e+01 3.700000000000000000e+01 0.000000000000000000e+00 1.000000000000000000e+00
4.880000000000000000e+02 1.500000000000000000e+01 3.600000000000000000e+01 0.000000000000000000e+00 1.000000000000000000e+00
4.890000000000000000e+02 2.900000000000000000e+01 3.500000000000000000e+01 0.000000000000000000e+00 1.000000000000000000e+00
4.970000000000000000e+02 8.000000000000000000e+00 3.300000000000000000e+01 1.000000000000000000e+00 1.000000000000000000e+00
5.030000000000000000e+02 8.000000000000000000e+00 3.300000000000000000e+01 1.000000000000000000e+00 1.000000000000000000e+00
5.040000000000000000e+02 2.500000000000000000e+01 2.600000000000000000e+01 1.000000000000000000e+00 1.000000000000000000e+00
5.040000000000000000e+02 9.000000000000000000e+00 3.000000000000000000e+01 1.000000000000000000e+00 1.000000000000000000e+00
5.050000000000000000e+02 9.000000000000000000e+00 3.000000000000000000e+01 1.000000000000000000e+00 1.000000000000000000e+00
5.060000000000000000e+02 1.800000000000000000e+01 1.100000000000000000e+01 1.000000000000000000e+00 1.000000000000000000e+00
5.060000000000000000e+02 2.200000000000000000e+01 5.000000000000000000e+00 0.000000000000000000e+00 1.000000000000000000e+00
5.060000000000000000e+02 1.000000000000000000e+01 2.900000000000000000e+01 1.000000000000000000e+00 1.000000000000000000e+00
5.070000000000000000e+02 1.000000000000000000e+01 2.900000000000000000e+01 1.000000000000000000e+00 1.000000000000000000e+00
5.070000000000000000e+02 2.200000000000000000e+01 2.800000000000000000e+01 1.000000000000000000e+00 1.000000000000000000e+00
5.080000000000000000e+02 1.800000000000000000e+01 4.100000000000000000e+01 0.000000000000000000e+00 1.000000000000000000e+00
5.090000000000000000e+02 2.200000000000000000e+01 2.900000000000000000e+01 0.000000000000000000e+00 1.000000000000000000e+00
5.100000000000000000e+02 1.300000000000000000e+01 2.700000000000000000e+01 1.000000000000000000e+00 1.000000000000000000e+00
5.110000000000000000e+02 1.300000000000000000e+01 2.300000000000000000e+01 1.000000000000000000e+00 1.000000000000000000e+00
5.130000000000000000e+02 1.700000000000000000e+01 2.100000000000000000e+01 1.000000000000000000e+00 1.000000000000000000e+00
5.130000000000000000e+02 2.500000000000000000e+01 4.300000000000000000e+01 0.000000000000000000e+00 1.000000000000000000e+00
5.150000000000000000e+02 1.100000000000000000e+01 2.700000000000000000e+01 1.000000000000000000e+00 1.000000000000000000e+00
5.190000000000000000e+02 2.800000000000000000e+01 4.000000000000000000e+01 0.000000000000000000e+00 1.000000000000000000e+00
5.190000000000000000e+02 1.500000000000000000e+01 2.600000000000000000e+01 1.000000000000000000e+00 1.000000000000000000e+00
5.190000000000000000e+02 2.100000000000000000e+01 1.600000000000000000e+01 0.000000000000000000e+00 1.000000000000000000e+00
5.200000000000000000e+02 8.000000000000000000e+00 3.500000000000000000e+01 1.000000000000000000e+00 1.000000000000000000e+00
5.200000000000000000e+02 2.000000000000000000e+01 4.400000000000000000e+01 0.000000000000000000e+00 1.000000000000000000e+00
5.210000000000000000e+02 1.700000000000000000e+01 2.500000000000000000e+01 1.000000000000000000e+00 1.000000000000000000e+00
5.220000000000000000e+02 1.500000000000000000e+01 2.900000000000000000e+01 0.000000000000000000e+00 1.000000000000000000e+00
5.230000000000000000e+02 1.900000000000000000e+01 1.800000000000000000e+01 1.000000000000000000e+00 1.000000000000000000e+00
5.240000000000000000e+02 2.100000000000000000e+01 1.700000000000000000e+01 0.000000000000000000e+00 1.000000000000000000e+00
5.250000000000000000e+02 2.800000000000000000e+01 3.600000000000000000e+01 0.000000000000000000e+00 1.000000000000000000e+00
5.250000000000000000e+02 1.500000000000000000e+01 3.100000000000000000e+01 0.000000000000000000e+00 1.000000000000000000e+00
5.260000000000000000e+02 2.500000000000000000e+01 3.100000000000000000e+01 0.000000000000000000e+00 1.000000000000000000e+00
5.270000000000000000e+02 2.800000000000000000e+01 3.100000000000000000e+01 0.000000000000000000e+00 1.000000000000000000e+00
5.270000000000000000e+02 1.700000000000000000e+01 3.400000000000000000e+01 0.000000000000000000e+00 1.000000000000000000e+00
5.290000000000000000e+02 1.900000000000000000e+01 3.300000000000000000e+01 0.000000000000000000e+00 1.000000000000000000e+00
5.320000000000000000e+02 2.000000000000000000e+01 2.800000000000000000e+01 0.000000000000000000e+00 1.000000000000000000e+00
5.330000000000000000e+02 2.700000000000000000e+01 4.100000000000000000e+01 0.000000000000000000e+00 1.000000000000000000e+00
5.340000000000000000e+02 1.300000000000000000e+01 3.400000000000000000e+01 0.000000000000000000e+00 1.000000000000000000e+00
5.390000000000000000e+02 2.000000000000000000e+01 1.900000000000000000e+01 0.000000000000000000e+00 1.000000000000000000e+00
5.420000000000000000e+02 0.000000000000000000e+00 2.600000000000000000e+01 1.000000000000000000e+00 1.000000000000000000e+00
5.420000000000000000e+02 2.600000000000000000e+01 4.300000000000000000e+01 0.000000000000000000e+00 1.000000000000000000e+00
5.440000000000000000e+02 8.000000000000000000e+00 3.200000000000000000e+01 1.000000000000000000e+00 1.000000000000000000e+00
5.550000000000000000e+02 1.700000000000000000e+01 4.400000000000000000e+01 0.000000000000000000e+00 1.000000000000000000e+00
5.580000000000000000e+02 1.900000000000000000e+01 4.300000000000000000e+01 0.000000000000000000e+00 1.000000000000000000e+00
5.590000000000000000e+02 1.900000000000000000e+01 2.400000000000000000e+01 1.000000000000000000e+00 1.000000000000000000e+00
5.590000000000000000e+02 1.600000000000000000e+01 2.500000000000000000e+01 1.000000000000000000e+00 1.000000000000000000e+00
5.600000000000000000e+02 2.300000000000000000e+01 2.500000000000000000e+01 1.000000000000000000e+00 1.000000000000000000e+00
5.610000000000000000e+02 1.900000000000000000e+01 2.900000000000000000e+01 0.000000000000000000e+00 1.000000000000000000e+00
5.660000000000000000e+02 2.000000000000000000e+01 2.000000000000000000e+01 0.000000000000000000e+00 1.000000000000000000e+00
5.680000000000000000e+02 2.200000000000000000e+01 3.300000000000000000e+01 0.000000000000000000e+00 1.000000000000000000e+00
5.760000000000000000e+02 2.200000000000000000e+01 2.800000000000000000e+01 0.000000000000000000e+00 1.000000000000000000e+00
5.820000000000000000e+02 2.900000000000000000e+01 3.600000000000000000e+01 0.000000000000000000e+00 1.000000000000000000e+00
5.830000000000000000e+02 1.100000000000000000e+01 4.100000000000000000e+01 0.000000000000000000e+00 1.000000000000000000e+00
5.830000000000000000e+02 1.800000000000000000e+01 2.300000000000000000e+01 1.000000000000000000e+00 1.000000000000000000e+00
5.840000000000000000e+02 2.000000000000000000e+01 4.600000000000000000e+01 0.000000000000000000e+00 1.000000000000000000e+00
5.900000000000000000e+02 1.100000000000000000e+01 2.900000000000000000e+01 1.000000000000000000e+00 1.000000000000000000e+00
5.910000000000000000e+02 1.600000000000000000e+01 3.200000000000000000e+01 0.000000000000000000e+00 1.000000000000000000e+00
5.920000000000000000e+02 1.400000000000000000e+01 2.600000000000000000e+01 1.000000000000000000e+00 1.000000000000000000e+00
5.920000000000000000e+02 1.000000000000000000e+01 2.800000000000000000e+01 1.000000000000000000e+00 1.000000000000000000e+00
5.930000000000000000e+02 1.000000000000000000e+01 2.800000000000000000e+01 1.000000000000000000e+00 1.000000000000000000e+00
5.940000000000000000e+02 1.400000000000000000e+01 2.500000000000000000e+01 1.000000000000000000e+00 1.000000000000000000e+00
5.950000000000000000e+02 2.800000000000000000e+01 3.900000000000000000e+01 0.000000000000000000e+00 1.000000000000000000e+00
5.970000000000000000e+02 2.200000000000000000e+01 3.000000000000000000e+01 0.000000000000000000e+00 1.000000000000000000e+00
5.970000000000000000e+02 2.400000000000000000e+01 4.500000000000000000e+01 0.000000000000000000e+00 1.000000000000000000e+00
5.990000000000000000e+02 2.100000000000000000e+01 1.500000000000000000e+01 0.000000000000000000e+00 1.000000000000000000e+00
6.000000000000000000e+02 2.400000000000000000e+01 3.300000000000000000e+01 0.000000000000000000e+00 1.000000000000000000e+00
6.020000000000000000e+02 1.700000000000000000e+01 2.400000000000000000e+01 1.000000000000000000e+00 1.000000000000000000e+00
6.090000000000000000e+02 1.100000000000000000e+01 3.200000000000000000e+01 1.000000000000000000e+00 1.000000000000000000e+00
6.150000000000000000e+02 1.300000000000000000e+01 2.600000000000000000e+01 1.000000000000000000e+00 1.000000000000000000e+00
6.190000000000000000e+02 2.200000000000000000e+01 7.000000000000000000e+00 0.000000000000000000e+00 1.000000000000000000e+00
6.210000000000000000e+02 1.400000000000000000e+01 2.400000000000000000e+01 1.000000000000000000e+00 1.000000000000000000e+00
6.220000000000000000e+02 1.100000000000000000e+01 2.600000000000000000e+01 1.000000000000000000e+00 1.000000000000000000e+00
6.240000000000000000e+02 1.500000000000000000e+01 3.100000000000000000e+01 1.000000000000000000e+00 1.000000000000000000e+00
6.290000000000000000e+02 2.900000000000000000e+01 3.700000000000000000e+01 0.000000000000000000e+00 1.000000000000000000e+00
6.440000000000000000e+02 9.000000000000000000e+00 3.100000000000000000e+01 1.000000000000000000e+00 1.000000000000000000e+00
6.460000000000000000e+02 2.100000000000000000e+01 1.800000000000000000e+01 0.000000000000000000e+00 1.000000000000000000e+00
6.490000000000000000e+02 1.100000000000000000e+01 2.200000000000000000e+01 1.000000000000000000e+00 1.000000000000000000e+00
6.490000000000000000e+02 2.300000000000000000e+01 4.500000000000000000e+01 0.000000000000000000e+00 1.000000000000000000e+00
6.490000000000000000e+02 8.000000000000000000e+00 3.800000000000000000e+01 1.000000000000000000e+00 1.000000000000000000e+00
6.540000000000000000e+02 8.000000000000000000e+00 3.800000000000000000e+01 1.000000000000000000e+00 1.000000000000000000e+00
6.560000000000000000e+02 2.900000000000000000e+01 3.800000000000000000e+01 0.000000000000000000e+00 1.000000000000000000e+00
6.570000000000000000e+02 1.700000000000000000e+01 3.500000000000000000e+01 0.000000000000000000e+00 1.000000000000000000e+00
6.570000000000000000e+02 2.000000000000000000e+01 7.000000000000000000e+00 1.000000000000000000e+00 1.000000000000000000e+00
6.580000000000000000e+02 2.000000000000000000e+01 7.000000000000000000e+00 1.000000000000000000e+00 1.000000000000000000e+00
6.590000000000000000e+02 8.000000000000000000e+00 3.600000000000000000e+01 1.000000000000000000e+00 1.000000000000000000e+00
6.590000000000000000e+02 2.300000000000000000e+01 2.600000000000000000e+01 1.000000000000000000e+00 1.000000000000000000e+00
6.630000000000000000e+02 2.200000000000000000e+01 4.500000000000000000e+01 0.000000000000000000e+00 1.000000000000000000e+00
6.640000000000000000e+02 2.000000000000000000e+01 1.100000000000000000e+01 1.000000000000000000e+00 1.000000000000000000e+00
6.710000000000000000e+02 1.500000000000000000e+01 2.500000000000000000e+01 1.000000000000000000e+00 1.000000000000000000e+00
6.780000000000000000e+02 1.400000000000000000e+01 4.000000000000000000e+01 0.000000000000000000e+00 1.000000000000000000e+00
6.870000000000000000e+02 3.000000000000000000e+00 2.800000000000000000e+01 1.000000000000000000e+00 1.000000000000000000e+00
6.880000000000000000e+02 1.500000000000000000e+01 3.100000000000000000e+01 0.000000000000000000e+00 1.000000000000000000e+00
6.900000000000000000e+02 1.100000000000000000e+01 3.000000000000000000e+01 1.000000000000000000e+00 1.000000000000000000e+00
6.920000000000000000e+02 1.900000000000000000e+01 2.300000000000000000e+01 1.000000000000000000e+00 1.000000000000000000e+00
6.930000000000000000e+02 1.900000000000000000e+01 2.300000000000000000e+01 1.000000000000000000e+00 1.000000000000000000e+00
6.970000000000000000e+02 1.900000000000000000e+01 4.200000000000000000e+01 0.000000000000000000e+00 1.000000000000000000e+00
7.020000000000000000e+02 2.500000000000000000e+01 2.700000000000000000e+01 1.000000000000000000e+00 1.000000000000000000e+00
7.030000000000000000e+02 2.000000000000000000e+01 5.000000000000000000e+00 1.000000000000000000e+00 1.000000000000000000e+00
7.040000000000000000e+02 1.300000000000000000e+01 4.500000000000000000e+01 0.000000000000000000e+00 1.000000000000000000e+00
7.080000000000000000e+02 2.000000000000000000e+01 2.500000000000000000e+01 1.000000000000000000e+00 1.000000000000000000e+00
7.080000000000000000e+02 1.100000000000000000e+01 1.700000000000000000e+01 1.000000000000000000e+00 1.000000000000000000e+00
7.140000000000000000e+02 2.000000000000000000e+01 1.000000000000000000e+00 1.000000000000000000e+00 1.000000000000000000e+00
7.150000000000000000e+02 2.100000000000000000e+01 1.000000000000000000e+00 1.000000000000000000e+00 1.000000000000000000e+00
7.150000000000000000e+02 9.000000000000000000e+00 4.000000000000000000e+01 1.000000000000000000e+00 1.000000000000000000e+00
7.180000000000000000e+02 1.800000000000000000e+01 4.600000000000000000e+01 0.000000000000000000e+00 1.000000000000000000e+00
7.180000000000000000e+02 1.400000000000000000e+01 2.700000000000000000e+01 1.000000000000000000e+00 1.000000000000000000e+00
7.240000000000000000e+02 1.800000000000000000e+01 2.200000000000000000e+01 1.000000000000000000e+00 1.000000000000000000e+00
7.240000000000000000e+02 1.700000000000000000e+01 2.200000000000000000e+01 1.000000000000000000e+00 1.000000000000000000e+00
7.250000000000000000e+02 2.100000000000000000e+01 0.000000000000000000e+00 1.000000000000000000e+00 1.000000000000000000e+00
7.310000000000000000e+02 1.600000000000000000e+01 2.800000000000000000e+01 0.000000000000000000e+00 1.000000000000000000e+00
7.330000000000000000e+02 2.100000000000000000e+01 6.000000000000000000e+00 0.000000000000000000e+00 1.000000000000000000e+00
7.350000000000000000e+02 1.700000000000000000e+01 2.500000000000000000e+01 1.000000000000000000e+00 1.000000000000000000e+00
7.370000000000000000e+02 1.900000000000000000e+01 2.200000000000000000e+01 1.000000000000000000e+00 1.000000000000000000e+00
7.380000000000000000e+02 4.000000000000000000e+00 2.800000000000000000e+01 1.000000000000000000e+00 1.000000000000000000e+00
7.380000000000000000e+02 1.200000000000000000e+01 2.700000000000000000e+01 1.000000000000000000e+00 1.000000000000000000e+00
7.410000000000000000e+02 2.200000000000000000e+01 4.000000000000000000e+00 0.000000000000000000e+00 1.000000000000000000e+00
7.420000000000000000e+02 1.600000000000000000e+01 4.200000000000000000e+01 0.000000000000000000e+00 1.000000000000000000e+00
7.440000000000000000e+02 2.100000000000000000e+01 1.600000000000000000e+01 0.000000000000000000e+00 1.000000000000000000e+00
7.470000000000000000e+02 1.900000000000000000e+01 4.100000000000000000e+01 0.000000000000000000e+00 1.000000000000000000e+00
7.490000000000000000e+02 1.800000000000000000e+01 1.400000000000000000e+01 1.000000000000000000e+00 1.000000000000000000e+00
7.510000000000000000e+02 1.600000000000000000e+01 4.600000000000000000e+01 0.000000000000000000e+00 1.000000000000000000e+00
7.560000000000000000e+02 1.600000000000000000e+01 2.500000000000000000e+01 1.000000000000000000e+00 1.000000000000000000e+00
7.610000000000000000e+02 1.500000000000000000e+01 2.600000000000000000e+01 1.000000000000000000e+00 1.000000000000000000e+00
7.610000000000000000e+02 1.600000000000000000e+01 2.300000000000000000e+01 1.000000000000000000e+00 1.000000000000000000e+00
7.630000000000000000e+02 1.700000000000000000e+01 2.000000000000000000e+01 1.000000000000000000e+00 1.000000000000000000e+00
7.630000000000000000e+02 1.300000000000000000e+01 3.600000000000000000e+01 0.000000000000000000e+00 1.000000000000000000e+00
7.640000000000000000e+02 1.700000000000000000e+01 2.700000000000000000e+01 0.000000000000000000e+00 1.000000000000000000e+00
7.650000000000000000e+02 2.300000000000000000e+01 3.000000000000000000e+01 0.000000000000000000e+00 1.000000000000000000e+00
7.670000000000000000e+02 2.000000000000000000e+01 1.200000000000000000e+01 1.000000000000000000e+00 1.000000000000000000e+00
7.680000000000000000e+02 2.000000000000000000e+01 8.000000000000000000e+00 1.000000000000000000e+00 1.000000000000000000e+00
7.710000000000000000e+02 2.400000000000000000e+01 2.800000000000000000e+01 0.000000000000000000e+00 1.000000000000000000e+00
7.720000000000000000e+02 2.100000000000000000e+01 5.000000000000000000e+00 0.000000000000000000e+00 1.000000000000000000e+00
7.750000000000000000e+02 1.100000000000000000e+01 2.800000000000000000e+01 1.000000000000000000e+00 1.000000000000000000e+00
7.750000000000000000e+02 2.600000000000000000e+01 3.200000000000000000e+01 0.000000000000000000e+00 1.000000000000000000e+00
7.760000000000000000e+02 1.800000000000000000e+01 2.800000000000000000e+01 0.000000000000000000e+00 1.000000000000000000e+00
7.760000000000000000e+02 1.300000000000000000e+01 4.400000000000000000e+01 0.000000000000000000e+00 1.000000000000000000e+00
7.760000000000000000e+02 2.100000000000000000e+01 1.800000000000000000e+01 0.000000000000000000e+00 1.000000000000000000e+00
7.800000000000000000e+02 1.700000000000000000e+01 4.500000000000000000e+01 0.000000000000000000e+00 1.000000000000000000e+00
7.800000000000000000e+02 2.200000000000000000e+01 3.600000000000000000e+01 0.000000000000000000e+00 1.000000000000000000e+00
7.880000000000000000e+02 2.100000000000000000e+01 1.700000000000000000e+01 0.000000000000000000e+00 1.000000000000000000e+00
7.880000000000000000e+02 9.000000000000000000e+00 3.200000000000000000e+01 1.000000000000000000e+00 1.000000000000000000e+00
7.890000000000000000e+02 9.000000000000000000e+00 3.200000000000000000e+01 1.000000000000000000e+00 1.000000000000000000e+00
7.890000000000000000e+02 1.900000000000000000e+01 2.000000000000000000e+01 1.000000000000000000e+00 1.000000000000000000e+00
7.990000000000000000e+02 1.500000000000000000e+01 3.100000000000000000e+01 1.000000000000000000e+00 1.000000000000000000e+00
8.080000000000000000e+02 2.100000000000000000e+01 4.600000000000000000e+01 0.000000000000000000e+00 1.000000000000000000e+00
8.200000000000000000e+02 2.200000000000000000e+01 3.500000000000000000e+01 0.000000000000000000e+00 1.000000000000000000e+00
8.200000000000000000e+02 1.000000000000000000e+01 3.000000000000000000e+01 1.000000000000000000e+00 1.000000000000000000e+00
8.240000000000000000e+02 1.000000000000000000e+01 3.000000000000000000e+01 1.000000000000000000e+00 1.000000000000000000e+00
8.330000000000000000e+02 2.100000000000000000e+01 3.700000000000000000e+01 0.000000000000000000e+00 1.000000000000000000e+00
8.420000000000000000e+02 2.400000000000000000e+01 3.100000000000000000e+01 0.000000000000000000e+00 1.000000000000000000e+00
8.430000000000000000e+02 2.500000000000000000e+01 4.400000000000000000e+01 0.000000000000000000e+00 1.000000000000000000e+00
8.510000000000000000e+02 1.400000000000000000e+01 2.200000000000000000e+01 1.000000000000000000e+00 1.000000000000000000e+00
8.590000000000000000e+02 8.000000000000000000e+00 3.400000000000000000e+01 1.000000000000000000e+00 1.000000000000000000e+00
8.640000000000000000e+02 8.000000000000000000e+00 3.400000000000000000e+01 1.000000000000000000e+00 1.000000000000000000e+00
8.700000000000000000e+02 1.500000000000000000e+01 3.100000000000000000e+01 0.000000000000000000e+00 1.000000000000000000e+00
8.720000000000000000e+02 1.500000000000000000e+01 4.100000000000000000e+01 0.000000000000000000e+00 1.000000000000000000e+00
8.740000000000000000e+02 2.200000000000000000e+01 7.000000000000000000e+00 0.000000000000000000e+00 1.000000000000000000e+00
8.770000000000000000e+02 2.400000000000000000e+01 4.100000000000000000e+01 0.000000000000000000e+00 1.000000000000000000e+00
8.830000000000000000e+02 1.700000000000000000e+01 3.100000000000000000e+01 1.000000000000000000e+00 1.000000000000000000e+00
8.840000000000000000e+02 8.000000000000000000e+00 3.700000000000000000e+01 1.000000000000000000e+00 1.000000000000000000e+00
8.900000000000000000e+02 7.000000000000000000e+00 3.600000000000000000e+01 1.000000000000000000e+00 1.000000000000000000e+00
9.000000000000000000e+02 1.400000000000000000e+01 3.900000000000000000e+01 0.000000000000000000e+00 1.000000000000000000e+00
9.020000000000000000e+02 2.500000000000000000e+01 3.700000000000000000e+01 1.000000000000000000e+00 1.000000000000000000e+00
9.090000000000000000e+02 8.000000000000000000e+00 3.600000000000000000e+01 1.000000000000000000e+00 1.000000000000000000e+00
9.090000000000000000e+02 2.700000000000000000e+01 4.200000000000000000e+01 0.000000000000000000e+00 1.000000000000000000e+00
9.140000000000000000e+02 2.700000000000000000e+01 3.400000000000000000e+01 0.000000000000000000e+00 1.000000000000000000e+00
9.140000000000000000e+02 2.200000000000000000e+01 4.600000000000000000e+01 0.000000000000000000e+00 1.000000000000000000e+00
9.140000000000000000e+02 1.500000000000000000e+01 4.500000000000000000e+01 0.000000000000000000e+00 1.000000000000000000e+00
9.210000000000000000e+02 1.900000000000000000e+01 2.100000000000000000e+01 1.000000000000000000e+00 1.000000000000000000e+00
9.250000000000000000e+02 2.200000000000000000e+01 5.000000000000000000e+00 0.000000000000000000e+00 1.000000000000000000e+00
9.280000000000000000e+02 2.100000000000000000e+01 2.000000000000000000e+00 1.000000000000000000e+00 1.000000000000000000e+00
9.290000000000000000e+02 2.000000000000000000e+01 1.000000000000000000e+01 1.000000000000000000e+00 1.000000000000000000e+00
9.290000000000000000e+02 2.200000000000000000e+01 8.000000000000000000e+00 0.000000000000000000e+00 1.000000000000000000e+00
9.340000000000000000e+02 8.000000000000000000e+00 3.500000000000000000e+01 1.000000000000000000e+00 1.000000000000000000e+00
9.350000000000000000e+02 2.000000000000000000e+01 3.800000000000000000e+01 0.000000000000000000e+00 1.000000000000000000e+00
9.370000000000000000e+02 1.800000000000000000e+01 2.500000000000000000e+01 1.000000000000000000e+00 1.000000000000000000e+00
9.390000000000000000e+02 2.900000000000000000e+01 3.900000000000000000e+01 0.000000000000000000e+00 1.000000000000000000e+00
9.410000000000000000e+02 2.400000000000000000e+01 4.300000000000000000e+01 0.000000000000000000e+00 1.000000000000000000e+00
9.530000000000000000e+02 1.400000000000000000e+01 2.700000000000000000e+01 1.000000000000000000e+00 1.000000000000000000e+00
9.600000000000000000e+02 2.600000000000000000e+01 4.300000000000000000e+01 0.000000000000000000e+00 1.000000000000000000e+00
9.600000000000000000e+02 2.900000000000000000e+01 3.500000000000000000e+01 0.000000000000000000e+00 1.000000000000000000e+00
9.600000000000000000e+02 9.000000000000000000e+00 3.100000000000000000e+01 1.000000000000000000e+00 1.000000000000000000e+00
9.610000000000000000e+02 9.000000000000000000e+00 3.100000000000000000e+01 1.000000000000000000e+00 1.000000000000000000e+00
9.660000000000000000e+02 1.500000000000000000e+01 2.600000000000000000e+01 1.000000000000000000e+00 1.000000000000000000e+00
9.660000000000000000e+02 1.000000000000000000e+01 2.900000000000000000e+01 1.000000000000000000e+00 1.000000000000000000e+00
9.690000000000000000e+02 1.000000000000000000e+01 2.900000000000000000e+01 1.000000000000000000e+00 1.000000000000000000e+00
9.700000000000000000e+02 1.000000000000000000e+01 2.700000000000000000e+01 1.000000000000000000e+00 1.000000000000000000e+00
9.730000000000000000e+02 2.900000000000000000e+01 3.200000000000000000e+01 0.000000000000000000e+00 1.000000000000000000e+00
9.750000000000000000e+02 2.000000000000000000e+01 4.500000000000000000e+01 0.000000000000000000e+00 1.000000000000000000e+00
9.760000000000000000e+02 1.800000000000000000e+01 2.400000000000000000e+01 1.000000000000000000e+00 1.000000000000000000e+00
9.780000000000000000e+02 2.000000000000000000e+01 4.000000000000000000e+00 1.000000000000000000e+00 1.000000000000000000e+00
9.780000000000000000e+02 1.000000000000000000e+01 3.100000000000000000e+01 1.000000000000000000e+00 1.000000000000000000e+00
9.810000000000000000e+02 1.800000000000000000e+01 2.800000000000000000e+01 0.000000000000000000e+00 1.000000000000000000e+00
9.820000000000000000e+02 2.200000000000000000e+01 6.000000000000000000e+00 0.000000000000000000e+00 1.000000000000000000e+00
9.830000000000000000e+02 1.000000000000000000e+01 2.600000000000000000e+01 1.000000000000000000e+00 1.000000000000000000e+00
9.900000000000000000e+02 2.100000000000000000e+01 1.900000000000000000e+01 0.000000000000000000e+00 1.000000000000000000e+00
9.920000000000000000e+02 2.000000000000000000e+01 1.300000000000000000e+01 1.000000000000000000e+00 1.000000000000000000e+00
9.940000000000000000e+02 1.100000000000000000e+01 2.900000000000000000e+01 1.000000000000000000e+00 1.000000000000000000e+00
