2.500000000000000000e+01 5.300000000000000000e+01 3.100000000000000000e+01 0.000000000000000000e+00 0.000000000000000000e+00
4.500000000000000000e+01 5.300000000000000000e+01 3.200000000000000000e+01 0.000000000000000000e+00 0.000000000000000000e+00
6.000000000000000000e+01 5.500000000000000000e+01 3.600000000000000000e+01 0.000000000000000000e+00 0.000000000000000000e+00
6.400000000000000000e+01 5.700000000000000000e+01 3.600000000000000000e+01 1.000000000000000000e+00 0.000000000000000000e+00
7.800000000000000000e+01 5.200000000000000000e+01 4.100000000000000000e+01 1.000000000000000000e+00 0.000000000000000000e+00
8.000000000000000000e+01 5.900000000000000000e+01 4.100000000000000000e+01 1.000000000000000000e+00 0.000000000000000000e+00
1.020000000000000000e+02 5.000000000000000000e+01 3.700000000000000000e+01 1.000000000000000000e+00 0.000000000000000000e+00
1.220000000000000000e+02 5.800000000000000000e+01 3.500000000000000000e+01 1.000000000000000000e+00 0.000000000000000000e+00
1.320000000000000000e+02 5.800000000000000000e+01 3.100000000000000000e+01 0.000000000000000000e+00 0.000000000000000000e+00
1.460000000000000000e+02 5.700000000000000000e+01 3.000000000000000000e+01 0.000000000000000000e+00 0.000000000000000000e+00
1.860000000000000000e+02 5.100000000000000000e+01 4.000000000000000000e+01 1.000000000000000000e+00 0.000000000000000000e+00
2.350000000000000000e+02 5.600000000000000000e+01 4.100000000000000000e+01 1.000000000000000000e+00 0.000000000000000000e+00
2.360000000000000000e+02 5.200000000000000000e+01 3.200000000000000000e+01 0.000000000000000000e+00 0.000000000000000000e+00
2.420000000000000000e+02 5.600000000000000000e+01 4.000000000000000000e+01 1.000000000000000000e+00 0.000000000000000000e+00
2.430000000000000000e+02 5.400000000000000000e+01 3.100000000000000000e+01 0.000000000000000000e+00 0.000000000000000000e+00
2.450000000000000000e+02 6.000000000000000000e+01 3.200000000000000000e+01 0.000000000000000000e+00 0.000000000000000000e+00
2.560000000000000000e+02 5.300000000000000000e+01 4.300000000000000000e+01 1.000000000000000000e+00 0.000000000000000000e+00
3.240000000000000000e+02 5.300000000000000000e+01 3.100000000000000000e+01 0.000000000000000000e+00 0.000000000000000000e+00
3.250000000000000000e+02 5.700000000000000000e+01 4.200000000000000000e+01 1.000000000000000000e+00 0.000000000000000000e+00
3.380000000000000000e+02 5.100000000000000000e+01 3.300000000000000000e+01 0.000000000000000000e+00 0.000000000000000000e+00
3.410000000000000000e+02 5.600000000000000000e+01 3.900000000000000000e+01 1.000000000000000000e+00 0.000000000000000000e+00
3.430000000000000000e+02 5.600000000000000000e+01 8.000000000000000000e+00 0.000000000000000000e+00 0.000000000000000000e+00
3.510000000000000000e+02 5.500000000000000000e+01 4.200000000000000000e+01 1.000000000000000000e+00 0.000000000000000000e+00
3.520000000000000000e+02 6.000000000000000000e+01 3.600000000000000000e+01 1.000000000000000000e+00 0.000000000000000000e+00
3.660000000000000000e+02 6.100000000000000000e+01 4.000000000000000000e+01 1.000000000000000000e+00 0.000000000000000000e+00
3.770000000000000000e+02 5.300000000000000000e+01 4.100000000000000000e+01 1.000000000000000000e+00 0.000000000000000000e+00
3.840000000000000000e+02 5.600000000000000000e+01 4.200000000000000000e+01 1.000000000000000000e+00 0.000000000000000000e+00
3.900000000000000000e+02 5.600000000000000000e+01 1.100000000000000000e+01 0.000000000000000000e+00 0.000000000000000000e+00
4.290000000000000000e+02 6.000000000000000000e+01 4.000000000000000000e+01 1.000000000000000000e+00 0.000000000000000000e+00
4.360000000000000000e+02 5.200000000000000000e+01 4.000000000000000000e+01 1.000000000000000000e+00 0.000000000000000000e+00
4.500000000000000000e+02 5.200000000000000000e+01 3.200000000000000000e+01 0.000000000000000000e+00 0.000000000000000000e+00
4.630000000000000000e+02 5.800000000000000000e+01 4.000000000000000000e+01 1.000000000000000000e+00 0.000000000000000000e+00
4.700000000000000000e+02 5.600000000000000000e+01 3.100000000000000000e+01 0.000000000000000000e+00 0.000000000000000000e+00
4.780000000000000000e+02 5.600000000000000000e+01 1.000000000000000000e+00 0.000000000000000000e+00 0.000000000000000000e+00
4.900000000000000000e+02 4.900000000000000000e+01 4.000000000000000000e+01 1.000000000000000000e+00 0.000000000000000000e+00
5.060000000000000000e+02 5.400000000000000000e+01 4.100000000000000000e+01 1.000000000000000000e+00 0.000000000000000000e+00
5.370000000000000000e+02 5.500000000000000000e+01 4.100000000000000000e+01 1.000000000000000000e+00 0.000000000000000000e+00
5.590000000000000000e+02 5.300000000000000000e+01 3.100000000000000000e+01 0.000000000000000000e+00 0.000000000000000000e+00
5.680000000000000000e+02 5.600000000000000000e+01 4.000000000000000000e+00 0.000000000000000000e+00 0.000000000000000000e+00
6.030000000000000000e+02 6.100000000000000000e+01 3.900000000000000000e+01 1.000000000000000000e+00 0.000000000000000000e+00
6.220000000000000000e+02 5.800000000000000000e+01 4.300000000000000000e+01 1.000000000000000000e+00 0.000000000000000000e+00
6.240000000000000000e+02 5.900000000000000000e+01 3.100000000000000000e+01 0.000000000000000000e+00 0.000000000000000000e+00
6.370000000000000000e+02 5.700000000000000000e+01 3.000000000000000000e+01 0.000000000000000000e+00 0.000000000000000000e+00
6.530000000000000000e+02 5.900000000000000000e+01 4.100000000000000000e+01 1.000000000000000000e+00 0.000000000000000000e+00
6.730000000000000000e+02 5.300000000000000000e+01 4.000000000000000000e+01 1.000000000000000000e+00 0.000000000000000000e+00
7.320000000000000000e+02 6.000000000000000000e+01 3.200000000000000000e+01 0.000000000000000000e+00 0.000000000000000000e+00
7.340000000000000000e+02 5.800000000000000000e+01 4.100000000000000000e+01 1.000000000000000000e+00 0.000000000000000000e+00
7.510000000000000000e+02 5.900000000000000000e+01 4.200000000000000000e+01 1.000000000000000000e+00 0.000000000000000000e+00
7.550000000000000000e+02 5.400000000000000000e+01 3.500000000000000000e+01 1.000000000000000000e+00 0.000000000000000000e+00
7.640000000000000000e+02 5.800000000000000000e+01 3.500000000000000000e+01 1.000000000000000000e+00 0.000000000000000000e+00
7.780000000000000000e+02 5.700000000000000000e+01 4.900000000000000000e+01 1.000000000000000000e+00 0.000000000000000000e+00
7.820000000000000000e+02 5.500000000000000000e+01 3.000000000000000000e+01 0.000000000000000000e+00 0.000000000000000000e+00
7.880000000000000000e+02 5.600000000000000000e+01 1.400000000000000000e+01 0.000000000000000000e+00 0.000000000000000000e+00
8.110000000000000000e+02 5.900000000000000000e+01 3.700000000000000000e+01 1.000000000000000000e+00 0.000000000000000000e+00
8.140000000000000000e+02 5.300000000000000000e+01 3.100000000000000000e+01 0.000000000000000000e+00 0.000000000000000000e+00
8.220000000000000000e+02 5.300000000000000000e+01 3.800000000000000000e+01 1.000000000000000000e+00 0.000000000000000000e+00
8.390000000000000000e+02 5.200000000000000000e+01 4.200000000000000000e+01 1.000000000000000000e+00 0.000000000000000000e+00
8.410000000000000000e+02 5.500000000000000000e+01 3.500000000000000000e+01 1.000000000000000000e+00 0.000000000000000000e+00
8.460000000000000000e+02 5.000000000000000000e+01 3.800000000000000000e+01 1.000000000000000000e+00 0.000000000000000000e+00
8.480000000000000000e+02 5.500000000000000000e+01 3.200000000000000000e+01 0.000000000000000000e+00 0.000000000000000000e+00
8.530000000000000000e+02 5.100000000000000000e+01 3.300000000000000000e+01 0.000000000000000000e+00 0.000000000000000000e+00
8.580000000000000000e+02 5.200000000000000000e+01 4.000000000000000000e+01 1.000000000000000000e+00 0.000000000000000000e+00
8.690000000000000000e+02 6.100000000000000000e+01 3.300000000000000000e+01 0.000000000000000000e+00 0.000000000000000000e+00
8.760000000000000000e+02 6.100000000000000000e+01 3.400000000000000000e+01 0.000000000000000000e+00 0.000000000000000000e+00
8.840000000000000000e+02 5.600000000000000000e+01 5.000000000000000000e+01 1.000000000000000000e+00 0.000000000000000000e+00
9.040000000000000000e+02 5.300000000000000000e+01 4.200000000000000000e+01 1.000000000000000000e+00 0.000000000000000000e+00
9.060000000000000000e+02 5.400000000000000000e+01 4.200000000000000000e+01 1.000000000000000000e+00 0.000000000000000000e+00
9.070000000000000000e+02 5.700000000000000000e+01 3.700000000000000000e+01 0.000000000000000000e+00 0.000000000000000000e+00
9.090000000000000000e+02 5.400000000000000000e+01 4.100000000000000000e+01 1.000000000000000000e+00 0.000000000000000000e+00
9.530000000000000000e+02 6.200000000000000000e+01 3.800000000000000000e+01 1.000000000000000000e+00 0.000000000000000000e+00
9.940000000000000000e+02 6.000000000000000000e+01 3.500000000000000000e+01 0.000000000000000000e+00 0.000000000000000000e+00
