1.700000000000000000e+01 2.800000000000000000e+01 3.000000000000000000e+00 1.000000000000000000e+00 1.000000000000000000e+00
1.900000000000000000e+01 2.800000000000000000e+01 2.300000000000000000e+01 1.000000000000000000e+00 1.000000000000000000e+00
3.600000000000000000e+01 2.800000000000000000e+01 4.000000000000000000e+00 1.000000000000000000e+00 1.000000000000000000e+00
3.600000000000000000e+01 2.300000000000000000e+01 3.600000000000000000e+01 1.000000000000000000e+00 1.000000000000000000e+00
4.100000000000000000e+01 2.300000000000000000e+01 3.600000000000000000e+01 1.000000000000000000e+00 1.000000000000000000e+00
4.300000000000000000e+01 3.400000000000000000e+01 3.600000000000000000e+01 0.000000000000000000e+00 1.000000000000000000e+00
4.800000000000000000e+01 3.300000000000000000e+01 3.500000000000000000e+01 0.000000000000000000e+00 1.000000000000000000e+00
5.100000000000000000e+01 2.200000000000000000e+01 3.600000000000000000e+01 1.000000000000000000e+00 1.000000000000000000e+00
5.700000000000000000e+01 2.200000000000000000e+01 3.600000000000000000e+01 1.000000000000000000e+00 1.000000000000000000e+00
6.400000000000000000e+01 1.900000000000000000e+01 4.300000000000000000e+01 1.000000000000000000e+00 1.000000000000000000e+00
6.500000000000000000e+01 2.400000000000000000e+01 3.500000000000000000e+01 1.000000000000000000e+00 1.000000000000000000e+00
6.900000000000000000e+01 2.900000000000000000e+01 4.200000000000000000e+01 0.000000000000000000e+00 1.000000000000000000e+00
6.900000000000000000e+01 1.800000000000000000e+01 4.700000000000000000e+01 1.000000000000000000e+00 1.000000000000000000e+00
7.500000000000000000e+01 1.800000000000000000e+01 4.700000000000000000e+01 1.000000000000000000e+00 1.000000000000000000e+00
8.600000000000000000e+01 2.500000000000000000e+01 3.800000000000000000e+01 0.000000000000000000e+00 1.000000000000000000e+00
8.700000000000000000e+01 2.800000000000000000e+01 2.200000000000000000e+01 1.000000000000000000e+00 1.000000000000000000e+00
8.900000000000000000e+01 2.800000000000000000e+01 1.800000000000000000e+01 1.000000000000000000e+00 1.000000000000000000e+00
9.700000000000000000e+01 3.000000000000000000e+01 3.400000000000000000e+01 0.000000000000000000e+00 1.000000000000000000e+00
1.040000000000000000e+02 3.000000000000000000e+01 0.000000000000000000e+00 0.000000000000000000e+00 1.000000000000000000e+00
1.040000000000000000e+02 2.100000000000000000e+01 3.800000000000000000e+01 1.000000000000000000e+00 1.000000000000000000e+00
1.050000000000000000e+02 2.100000000000000000e+01 3.800000000000000000e+01 1.000000000000000000e+00 1.000000000000000000e+00
1.180000000000000000e+02 2.900000000000000000e+01 3.100000000000000000e+01 0.000000000000000000e+00 1.000000000000000000e+00
1.180000000000000000e+02 2.800000000000000000e+01 1.500000000000000000e+01 1.000000000000000000e+00 1.000000000000000000e+00
1.190000000000000000e+02 2.900000000000000000e+01 2.600000000000000000e+01 0.000000000000000000e+00 1.000000000000000000e+00
1.280000000000000000e+02 3.000000000000000000e+01 4.900000000000000000e+01 0.000000000000000000e+00 1.000000000000000000e+00
1.370000000000000000e+02 2.900000000000000000e+01 2.000000000000000000e+01 0.000000000000000000e+00 1.000000000000000000e+00
1.380000000000000000e+02 2.800000000000000000e+01 2.100000000000000000e+01 1.000000000000000000e+00 1.000000000000000000e+00
1.410000000000000000e+02 3.500000000000000000e+01 4.600000000000000000e+01 0.000000000000000000e+00 1.000000000000000000e+00
1.460000000000000000e+02 2.100000000000000000e+01 4.400000000000000000e+01 1.000000000000000000e+00 1.000000000000000000e+00
1.470000000000000000e+02 2.500000000000000000e+01 3.900000000000000000e+01 0.000000000000000000e+00 1.000000000000000000e+00
1.510000000000000000e+02 3.600000000000000000e+01 4.200000000000000000e+01 0.000000000000000000e+00 1.000000000000000000e+00
1.550000000000000000e+02 3.200000000000000000e+01 4.900000000000000000e+01 0.000000000000000000e+00 1.000000000000000000e+00
1.560000000000000000e+02 1.800000000000000000e+01 3.400000000000000000e+01 1.000000000000000000e+00 1.000000000000000000e+00
1.670000000000000000e+02 2.800000000000000000e+01 2.400000000000000000e+01 1.000000000000000000e+00 1.000000000000000000e+00
1.670000000000000000e+02 2.000000000000000000e+01 4.200000000000000000e+01 1.000000000000000000e+00 1.000000000000000000e+00
1.810000000000000000e+02 2.000000000000000000e+01 4.200000000000000000e+01 1.000000000000000000e+00 1.000000000000000000e+00
1.920000000000000000e+02 2.800000000000000000e+01 2.900000000000000000e+01 1.000000000000000000e+00 1.000000000000000000e+00
1.980000000000000000e+02 2.300000000000000000e+01 3.400000000000000000e+01 1.000000000000000000e+00 1.000000000000000000e+00
2.170000000000000000e+02 2.300000000000000000e+01 3.400000000000000000e+01 1.000000000000000000e+00 1.000000000000000000e+00
2.250000000000000000e+02 2.000000000000000000e+01 4.500000000000000000e+01 1.000000000000000000e+00 1.000000000000000000e+00
2.350000000000000000e+02 2.800000000000000000e+01 3.100000000000000000e+01 1.000000000000000000e+00 1.000000000000000000e+00
2.460000000000000000e+02 2.800000000000000000e+01 3.100000000000000000e+01 1.000000000000000000e+00 1.000000000000000000e+00
2.620000000000000000e+02 3.200000000000000000e+01 4.400000000000000000e+01 0.000000000000000000e+00 1.000000000000000000e+00
2.680000000000000000e+02 2.800000000000000000e+01 2.700000000000000000e+01 1.000000000000000000e+00 1.000000000000000000e+00
2.680000000000000000e+02 2.800000000000000000e+01 8.000000000000000000e+00 1.000000000000000000e+00 1.000000000000000000e+00
2.690000000000000000e+02 2.100000000000000000e+01 4.600000000000000000e+01 1.000000000000000000e+00 1.000000000000000000e+00
2.750000000000000000e+02 2.800000000000000000e+01 1.300000000000000000e+01 1.000000000000000000e+00 1.000000000000000000e+00
2.760000000000000000e+02 2.100000000000000000e+01 4.200000000000000000e+01 1.000000000000000000e+00 1.000000000000000000e+00
2.760000000000000000e+02 3.600000000000000000e+01 3.900000000000000000e+01 0.000000000000000000e+00 1.000000000000000000e+00
2.800000000000000000e+02 3.500000000000000000e+01 4.000000000000000000e+01 0.000000000000000000e+00 1.000000000000000000e+00
2.810000000000000000e+02 2.600000000000000000e+01 3.400000000000000000e+01 1.000000000000000000e+00 1.000000000000000000e+00
2.810000000000000000e+02 2.000000000000000000e+01 4.000000000000000000e+01 1.000000000000000000e+00 1.000000000000000000e+00
2.820000000000000000e+02 2.000000000000000000e+01 4.000000000000000000e+01 1.000000000000000000e+00 1.000000000000000000e+00
2.840000000000000000e+02 2.800000000000000000e+01 4.200000000000000000e+01 0.000000000000000000e+00 1.000000000000000000e+00
2.860000000000000000e+02 2.100000000000000000e+01 4.000000000000000000e+01 1.000000000000000000e+00 1.000000000000000000e+00
2.860000000000000000e+02 2.500000000000000000e+01 4.200000000000000000e+01 0.000000000000000000e+00 1.000000000000000000e+00
2.920000000000000000e+02 2.200000000000000000e+01 3.500000000000000000e+01 1.000000000000000000e+00 1.000000000000000000e+00
2.930000000000000000e+02 2.200000000000000000e+01 3.500000000000000000e+01 1.000000000000000000e+00 1.000000000000000000e+00
3.000000000000000000e+02 2.600000000000000000e+01 3.800000000000000000e+01 0.000000000000000000e+00 1.000000000000000000e+00
3.010000000000000000e+02 3.300000000000000000e+01 3.500000000000000000e+01 0.000000000000000000e+00 1.000000000000000000e+00
3.050000000000000000e+02 3.000000000000000000e+01 1.000000000000000000e+00 0.000000000000000000e+00 1.000000000000000000e+00
3.060000000000000000e+02 3.000000000000000000e+01 4.100000000000000000e+01 0.000000000000000000e+00 1.000000000000000000e+00
3.070000000000000000e+02 3.400000000000000000e+01 4.700000000000000000e+01 0.000000000000000000e+00 1.000000000000000000e+00
3.100000000000000000e+02 3.500000000000000000e+01 3.700000000000000000e+01 0.000000000000000000e+00 1.000000000000000000e+00
3.130000000000000000e+02 2.800000000000000000e+01 2.800000000000000000e+01 1.000000000000000000e+00 1.000000000000000000e+00
3.140000000000000000e+02 2.800000000000000000e+01 4.000000000000000000e+01 0.000000000000000000e+00 1.000000000000000000e+00
3.150000000000000000e+02 2.200000000000000000e+01 3.700000000000000000e+01 1.000000000000000000e+00 1.000000000000000000e+00
3.150000000000000000e+02 3.400000000000000000e+01 3.800000000000000000e+01 0.000000000000000000e+00 1.000000000000000000e+00
3.290000000000000000e+02 2.800000000000000000e+01 4.300000000000000000e+01 0.000000000000000000e+00 1.000000000000000000e+00
3.300000000000000000e+02 3.300000000000000000e+01 3.700000000000000000e+01 0.000000000000000000e+00 1.000000000000000000e+00
3.310000000000000000e+02 2.300000000000000000e+01 4.800000000000000000e+01 1.000000000000000000e+00 1.000000000000000000e+00
3.340000000000000000e+02 3.400000000000000000e+01 3.500000000000000000e+01 0.000000000000000000e+00 1.000000000000000000e+00
3.360000000000000000e+02 3.000000000000000000e+01 0.000000000000000000e+00 0.000000000000000000e+00 1.000000000000000000e+00
3.360000000000000000e+02 3.000000000000000000e+01 4.000000000000000000e+00 0.000000000000000000e+00 1.000000000000000000e+00
3.420000000000000000e+02 2.300000000000000000e+01 3.700000000000000000e+01 0.000000000000000000e+00 1.000000000000000000e+00
3.440000000000000000e+02 2.200000000000000000e+01 4.000000000000000000e+01 0.000000000000000000e+00 1.000000000000000000e+00
3.450000000000000000e+02 3.000000000000000000e+01 4.200000000000000000e+01 0.000000000000000000e+00 1.000000000000000000e+00
3.530000000000000000e+02 2.400000000000000000e+01 4.800000000000000000e+01 1.000000000000000000e+00 1.000000000000000000e+00
3.540000000000000000e+02 3.500000000000000000e+01 3.800000000000000000e+01 0.000000000000000000e+00 1.000000000000000000e+00
3.660000000000000000e+02 2.200000000000000000e+01 4.200000000000000000e+01 0.000000000000000000e+00 1.000000000000000000e+00
3.670000000000000000e+02 3.200000000000000000e+01 3.800000000000000000e+01 0.000000000000000000e+00 1.000000000000000000e+00
3.700000000000000000e+02 2.900000000000000000e+01 3.200000000000000000e+01 0.000000000000000000e+00 1.000000000000000000e+00
3.740000000000000000e+02 2.900000000000000000e+01 3.700000000000000000e+01 0.000000000000000000e+00 1.000000000000000000e+00
3.740000000000000000e+02 2.100000000000000000e+01 4.500000000000000000e+01 1.000000000000000000e+00 1.000000000000000000e+00
3.760000000000000000e+02 2.100000000000000000e+01 4.500000000000000000e+01 1.000000000000000000e+00 1.000000000000000000e+00
3.770000000000000000e+02 2.600000000000000000e+01 4.400000000000000000e+01 0.000000000000000000e+00 1.000000000000000000e+00
3.780000000000000000e+02 2.800000000000000000e+01 1.900000000000000000e+01 1.000000000000000000e+00 1.000000000000000000e+00
3.800000000000000000e+02 2.900000000000000000e+01 2.000000000000000000e+00 0.000000000000000000e+00 1.000000000000000000e+00
3.800000000000000000e+02 2.200000000000000000e+01 4.300000000000000000e+01 0.000000000000000000e+00 1.000000000000000000e+00
3.800000000000000000e+02 3.300000000000000000e+01 4.300000000000000000e+01 1.000000000000000000e+00 1.000000000000000000e+00
3.910000000000000000e+02 2.100000000000000000e+01 3.900000000000000000e+01 1.000000000000000000e+00 1.000000000000000000e+00
3.980000000000000000e+02 2.900000000000000000e+01 0.000000000000000000e+00 0.000000000000000000e+00 1.000000000000000000e+00
3.990000000000000000e+02 2.900000000000000000e+01 4.400000000000000000e+01 0.000000000000000000e+00 1.000000000000000000e+00
4.030000000000000000e+02 3.000000000000000000e+01 4.900000000000000000e+01 0.000000000000000000e+00 1.000000000000000000e+00
4.070000000000000000e+02 3.000000000000000000e+01 2.000000000000000000e+00 0.000000000000000000e+00 1.000000000000000000e+00
4.190000000000000000e+02 3.600000000000000000e+01 4.100000000000000000e+01 0.000000000000000000e+00 1.000000000000000000e+00
4.190000000000000000e+02 2.100000000000000000e+01 3.800000000000000000e+01 1.000000000000000000e+00 1.000000000000000000e+00
4.220000000000000000e+02 3.000000000000000000e+01 3.800000000000000000e+01 0.000000000000000000e+00 1.000000000000000000e+00
4.350000000000000000e+02 2.600000000000000000e+01 3.800000000000000000e+01 0.000000000000000000e+00 1.000000000000000000e+00
4.610000000000000000e+02 2.500000000000000000e+01 3.400000000000000000e+01 1.000000000000000000e+00 1.000000000000000000e+00
4.610000000000000000e+02 2.200000000000000000e+01 4.700000000000000000e+01 1.000000000000000000e+00 1.000000000000000000e+00
4.710000000000000000e+02 2.200000000000000000e+01 4.700000000000000000e+01 1.000000000000000000e+00 1.000000000000000000e+00
4.740000000000000000e+02 2.800000000000000000e+01 7.000000000000000000e+00 1.000000000000000000e+00 1.000000000000000000e+00
4.810000000000000000e+02 3.600000000000000000e+01 4.000000000000000000e+01 0.000000000000000000e+00 1.000000000000000000e+00
4.850000000000000000e+02 2.800000000000000000e+01 1.700000000000000000e+01 1.000000000000000000e+00 1.000000000000000000e+00
4.870000000000000000e+02 2.800000000000000000e+01 6.000000000000000000e+00 1.000000000000000000e+00 1.000000000000000000e+00
4.870000000000000000e+02 2.700000000000000000e+01 3.300000000000000000e+01 1.000000000000000000e+00 1.000000000000000000e+00
4.890000000000000000e+02 2.700000000000000000e+01 3.300000000000000000e+01 1.000000000000000000e+00 1.000000000000000000e+00
4.890000000000000000e+02 2.100000000000000000e+01 3.700000000000000000e+01 1.000000000000000000e+00 1.000000000000000000e+00
4.910000000000000000e+02 2.100000000000000000e+01 3.700000000000000000e+01 1.000000000000000000e+00 1.000000000000000000e+00
4.980000000000000000e+02 2.300000000000000000e+01 3.600000000000000000e+01 1.000000000000000000e+00 1.000000000000000000e+00
5.010000000000000000e+02 2.700000000000000000e+01 5.000000000000000000e+00 1.000000000000000000e+00 1.000000000000000000e+00
5.020000000000000000e+02 1.900000000000000000e+01 4.000000000000000000e+01 1.000000000000000000e+00 1.000000000000000000e+00
5.040000000000000000e+02 1.900000000000000000e+01 4.000000000000000000e+01 1.000000000000000000e+00 1.000000000000000000e+00
5.040000000000000000e+02 2.300000000000000000e+01 3.800000000000000000e+01 0.000000000000000000e+00 1.000000000000000000e+00
5.100000000000000000e+02 2.600000000000000000e+01 3.900000000000000000e+01 0.000000000000000000e+00 1.000000000000000000e+00
5.110000000000000000e+02 2.800000000000000000e+01 1.000000000000000000e+00 1.000000000000000000e+00 1.000000000000000000e+00
5.240000000000000000e+02 3.000000000000000000e+01 3.000000000000000000e+00 0.000000000000000000e+00 1.000000000000000000e+00
5.280000000000000000e+02 2.100000000000000000e+01 4.100000000000000000e+01 1.000000000000000000e+00 1.000000000000000000e+00
5.290000000000000000e+02 2.800000000000000000e+01 9.000000000000000000e+00 1.000000000000000000e+00 1.000000000000000000e+00
5.330000000000000000e+02 3.000000000000000000e+01 3.600000000000000000e+01 0.000000000000000000e+00 1.000000000000000000e+00
5.370000000000000000e+02 2.200000000000000000e+01 3.800000000000000000e+01 1.000000000000000000e+00 1.000000000000000000e+00
5.370000000000000000e+02 3.000000000000000000e+01 4.000000000000000000e+00 0.000000000000000000e+00 1.000000000000000000e+00
5.380000000000000000e+02 2.800000000000000000e+01 4.200000000000000000e+01 0.000000000000000000e+00 1.000000000000000000e+00
5.420000000000000000e+02 2.500000000000000000e+01 4.500000000000000000e+01 0.000000000000000000e+00 1.000000000000000000e+00
5.700000000000000000e+02 3.200000000000000000e+01 3.700000000000000000e+01 0.000000000000000000e+00 1.000000000000000000e+00
5.740000000000000000e+02 2.600000000000000000e+01 4.500000000000000000e+01 0.000000000000000000e+00 1.000000000000000000e+00
5.810000000000000000e+02 2.600000000000000000e+01 4.600000000000000000e+01 0.000000000000000000e+00 1.000000000000000000e+00
5.850000000000000000e+02 3.000000000000000000e+01 6.000000000000000000e+00 0.000000000000000000e+00 1.000000000000000000e+00
5.860000000000000000e+02 2.900000000000000000e+01 4.000000000000000000e+00 0.000000000000000000e+00 1.000000000000000000e+00
5.860000000000000000e+02 2.000000000000000000e+01 4.100000000000000000e+01 1.000000000000000000e+00 1.000000000000000000e+00
6.010000000000000000e+02 2.400000000000000000e+01 4.900000000000000000e+01 1.000000000000000000e+00 1.000000000000000000e+00
6.020000000000000000e+02 2.200000000000000000e+01 3.600000000000000000e+01 1.000000000000000000e+00 1.000000000000000000e+00
6.020000000000000000e+02 2.800000000000000000e+01 1.100000000000000000e+01 1.000000000000000000e+00 1.000000000000000000e+00
6.090000000000000000e+02 2.200000000000000000e+01 4.600000000000000000e+01 1.000000000000000000e+00 1.000000000000000000e+00
6.150000000000000000e+02 3.500000000000000000e+01 3.600000000000000000e+01 0.000000000000000000e+00 1.000000000000000000e+00
6.160000000000000000e+02 3.600000000000000000e+01 4.400000000000000000e+01 0.000000000000000000e+00 1.000000000000000000e+00
6.190000000000000000e+02 3.500000000000000000e+01 4.500000000000000000e+01 0.000000000000000000e+00 1.000000000000000000e+00
6.200000000000000000e+02 2.500000000000000000e+01 4.300000000000000000e+01 0.000000000000000000e+00 1.000000000000000000e+00
6.220000000000000000e+02 3.000000000000000000e+01 8.000000000000000000e+00 0.000000000000000000e+00 1.000000000000000000e+00
6.260000000000000000e+02 2.900000000000000000e+01 5.000000000000000000e+00 0.000000000000000000e+00 1.000000000000000000e+00
6.310000000000000000e+02 3.000000000000000000e+01 2.000000000000000000e+00 0.000000000000000000e+00 1.000000000000000000e+00
6.320000000000000000e+02 2.100000000000000000e+01 4.300000000000000000e+01 1.000000000000000000e+00 1.000000000000000000e+00
6.360000000000000000e+02 2.900000000000000000e+01 1.600000000000000000e+01 0.000000000000000000e+00 1.000000000000000000e+00
6.400000000000000000e+02 3.600000000000000000e+01 4.500000000000000000e+01 0.000000000000000000e+00 1.000000000000000000e+00
6.450000000000000000e+02 2.100000000000000000e+01 4.400000000000000000e+01 1.000000000000000000e+00 1.000000000000000000e+00
6.570000000000000000e+02 2.100000000000000000e+01 3.900000000000000000e+01 1.000000000000000000e+00 1.000000000000000000e+00
6.580000000000000000e+02 2.400000000000000000e+01 3.400000000000000000e+01 1.000000000000000000e+00 1.000000000000000000e+00
6.590000000000000000e+02 2.100000000000000000e+01 4.000000000000000000e+01 1.000000000000000000e+00 1.000000000000000000e+00
6.620000000000000000e+02 2.900000000000000000e+01 4.300000000000000000e+01 0.000000000000000000e+00 1.000000000000000000e+00
6.680000000000000000e+02 2.900000000000000000e+01 3.600000000000000000e+01 0.000000000000000000e+00 1.000000000000000000e+00
6.690000000000000000e+02 3.000000000000000000e+01 1.000000000000000000e+00 0.000000000000000000e+00 1.000000000000000000e+00
6.700000000000000000e+02 2.800000000000000000e+01 2.500000000000000000e+01 1.000000000000000000e+00 1.000000000000000000e+00
6.720000000000000000e+02 3.000000000000000000e+01 5.000000000000000000e+00 0.000000000000000000e+00 1.000000000000000000e+00
6.750000000000000000e+02 2.800000000000000000e+01 3.900000000000000000e+01 0.000000000000000000e+00 1.000000000000000000e+00
6.780000000000000000e+02 3.100000000000000000e+01 4.300000000000000000e+01 0.000000000000000000e+00 1.000000000000000000e+00
6.810000000000000000e+02 2.700000000000000000e+01 9.000000000000000000e+00 1.000000000000000000e+00 1.000000000000000000e+00
6.990000000000000000e+02 2.400000000000000000e+01 3.500000000000000000e+01 1.000000000000000000e+00 1.000000000000000000e+00
7.030000000000000000e+02 3.000000000000000000e+01 1.000000000000000000e+01 0.000000000000000000e+00 1.000000000000000000e+00
7.080000000000000000e+02 2.200000000000000000e+01 3.700000000000000000e+01 1.000000000000000000e+00 1.000000000000000000e+00
7.090000000000000000e+02 3.300000000000000000e+01 3.800000000000000000e+01 0.000000000000000000e+00 1.000000000000000000e+00
7.140000000000000000e+02 2.800000000000000000e+01 2.300000000000000000e+01 1.000000000000000000e+00 1.000000000000000000e+00
7.140000000000000000e+02 2.700000000000000000e+01 4.000000000000000000e+01 0.000000000000000000e+00 1.000000000000000000e+00
7.140000000000000000e+02 2.800000000000000000e+01 3.100000000000000000e+01 1.000000000000000000e+00 1.000000000000000000e+00
7.160000000000000000e+02 2.500000000000000000e+01 3.500000000000000000e+01 1.000000000000000000e+00 1.000000000000000000e+00
7.170000000000000000e+02 2.500000000000000000e+01 3.900000000000000000e+01 0.000000000000000000e+00 1.000000000000000000e+00
7.180000000000000000e+02 3.000000000000000000e+01 0.000000000000000000e+00 0.000000000000000000e+00 1.000000000000000000e+00
7.260000000000000000e+02 2.900000000000000000e+01 3.100000000000000000e+01 0.000000000000000000e+00 1.000000000000000000e+00
7.320000000000000000e+02 2.800000000000000000e+01 3.200000000000000000e+01 1.000000000000000000e+00 1.000000000000000000e+00
7.330000000000000000e+02 2.900000000000000000e+01 3.500000000000000000e+01 0.000000000000000000e+00 1.000000000000000000e+00
7.390000000000000000e+02 2.600000000000000000e+01 4.700000000000000000e+01 0.000000000000000000e+00 1.000000000000000000e+00
7.420000000000000000e+02 2.900000000000000000e+01 1.100000000000000000e+01 0.000000000000000000e+00 1.000000000000000000e+00
7.550000000000000000e+02 3.400000000000000000e+01 3.600000000000000000e+01 0.000000000000000000e+00 1.000000000000000000e+00
7.720000000000000000e+02 3.000000000000000000e+01 7.000000000000000000e+00 0.000000000000000000e+00 1.000000000000000000e+00
7.860000000000000000e+02 3.000000000000000000e+01 3.000000000000000000e+00 0.000000000000000000e+00 1.000000000000000000e+00
7.950000000000000000e+02 2.500000000000000000e+01 4.600000000000000000e+01 0.000000000000000000e+00 1.000000000000000000e+00
7.950000000000000000e+02 2.800000000000000000e+01 2.600000000000000000e+01 1.000000000000000000e+00 1.000000000000000000e+00
8.010000000000000000e+02 2.800000000000000000e+01 2.600000000000000000e+01 1.000000000000000000e+00 1.000000000000000000e+00
8.140000000000000000e+02 3.000000000000000000e+01 4.000000000000000000e+00 0.000000000000000000e+00 1.000000000000000000e+00
8.140000000000000000e+02 3.000000000000000000e+01 9.000000000000000000e+00 0.000000000000000000e+00 1.000000000000000000e+00
8.150000000000000000e+02 2.800000000000000000e+01 3.400000000000000000e+01 1.000000000000000000e+00 1.000000000000000000e+00
8.160000000000000000e+02 2.500000000000000000e+01 3.300000000000000000e+01 1.000000000000000000e+00 1.000000000000000000e+00
8.250000000000000000e+02 3.000000000000000000e+01 1.200000000000000000e+01 0.000000000000000000e+00 1.000000000000000000e+00
8.300000000000000000e+02 1.700000000000000000e+01 4.700000000000000000e+01 1.000000000000000000e+00 1.000000000000000000e+00
8.310000000000000000e+02 1.700000000000000000e+01 4.700000000000000000e+01 1.000000000000000000e+00 1.000000000000000000e+00
8.330000000000000000e+02 2.200000000000000000e+01 3.800000000000000000e+01 1.000000000000000000e+00 1.000000000000000000e+00
8.330000000000000000e+02 2.300000000000000000e+01 3.500000000000000000e+01 1.000000000000000000e+00 1.000000000000000000e+00
8.380000000000000000e+02 2.300000000000000000e+01 3.500000000000000000e+01 1.000000000000000000e+00 1.000000000000000000e+00
8.380000000000000000e+02 2.100000000000000000e+01 4.500000000000000000e+01 1.000000000000000000e+00 1.000000000000000000e+00
8.390000000000000000e+02 2.100000000000000000e+01 4.500000000000000000e+01 1.000000000000000000e+00 1.000000000000000000e+00
8.390000000000000000e+02 2.000000000000000000e+01 4.300000000000000000e+01 1.000000000000000000e+00 1.000000000000000000e+00
8.390000000000000000e+02 3.100000000000000000e+01 4.400000000000000000e+01 0.000000000000000000e+00 1.000000000000000000e+00
8.430000000000000000e+02 2.000000000000000000e+01 4.300000000000000000e+01 1.000000000000000000e+00 1.000000000000000000e+00
8.430000000000000000e+02 3.100000000000000000e+01 3.400000000000000000e+01 0.000000000000000000e+00 1.000000000000000000e+00
8.460000000000000000e+02 2.800000000000000000e+01 2.900000000000000000e+01 1.000000000000000000e+00 1.000000000000000000e+00
8.530000000000000000e+02 3.000000000000000000e+01 6.000000000000000000e+00 0.000000000000000000e+00 1.000000000000000000e+00
8.550000000000000000e+02 2.800000000000000000e+01 2.000000000000000000e+01 1.000000000000000000e+00 1.000000000000000000e+00
8.750000000000000000e+02 2.900000000000000000e+01 0.000000000000000000e+00 1.000000000000000000e+00 1.000000000000000000e+00
8.760000000000000000e+02 3.000000000000000000e+01 1.100000000000000000e+01 0.000000000000000000e+00 1.000000000000000000e+00
8.850000000000000000e+02 2.900000000000000000e+01 1.700000000000000000e+01 0.000000000000000000e+00 1.000000000000000000e+00
9.020000000000000000e+02 2.800000000000000000e+01 1.600000000000000000e+01 1.000000000000000000e+00 1.000000000000000000e+00
9.050000000000000000e+02 2.900000000000000000e+01 2.600000000000000000e+01 0.000000000000000000e+00 1.000000000000000000e+00
9.130000000000000000e+02 3.600000000000000000e+01 3.900000000000000000e+01 0.000000000000000000e+00 1.000000000000000000e+00
9.180000000000000000e+02 2.900000000000000000e+01 2.700000000000000000e+01 0.000000000000000000e+00 1.000000000000000000e+00
9.270000000000000000e+02 2.100000000000000000e+01 4.200000000000000000e+01 1.000000000000000000e+00 1.000000000000000000e+00
9.290000000000000000e+02 2.100000000000000000e+01 4.200000000000000000e+01 1.000000000000000000e+00 1.000000000000000000e+00
9.300000000000000000e+02 3.000000000000000000e+01 8.000000000000000000e+00 0.000000000000000000e+00 1.000000000000000000e+00
9.310000000000000000e+02 3.600000000000000000e+01 3.800000000000000000e+01 0.000000000000000000e+00 1.000000000000000000e+00
9.440000000000000000e+02 2.100000000000000000e+01 4.300000000000000000e+01 1.000000000000000000e+00 1.000000000000000000e+00
9.440000000000000000e+02 2.100000000000000000e+01 4.100000000000000000e+01 1.000000000000000000e+00 1.000000000000000000e+00
9.490000000000000000e+02 2.300000000000000000e+01 3.600000000000000000e+01 1.000000000000000000e+00 1.000000000000000000e+00
9.500000000000000000e+02 3.000000000000000000e+01 1.000000000000000000e+01 0.000000000000000000e+00 1.000000000000000000e+00
9.510000000000000000e+02 3.400000000000000000e+01 3.600000000000000000e+01 0.000000000000000000e+00 1.000000000000000000e+00
9.520000000000000000e+02 3.500000000000000000e+01 3.900000000000000000e+01 0.000000000000000000e+00 1.000000000000000000e+00
9.520000000000000000e+02 2.800000000000000000e+01 4.600000000000000000e+01 0.000000000000000000e+00 1.000000000000000000e+00
9.540000000000000000e+02 2.700000000000000000e+01 4.500000000000000000e+01 0.000000000000000000e+00 1.000000000000000000e+00
9.550000000000000000e+02 2.300000000000000000e+01 4.800000000000000000e+01 1.000000000000000000e+00 1.000000000000000000e+00
9.560000000000000000e+02 2.800000000000000000e+01 3.000000000000000000e+01 1.000000000000000000e+00 1.000000000000000000e+00
9.730000000000000000e+02 2.700000000000000000e+01 4.100000000000000000e+01 0.000000000000000000e+00 1.000000000000000000e+00
9.770000000000000000e+02 2.500000000000000000e+01 3.400000000000000000e+01 1.000000000000000000e+00 1.000000000000000000e+00
9.770000000000000000e+02 2.500000000000000000e+01 4.900000000000000000e+01 1.000000000000000000e+00 1.000000000000000000e+00
9.780000000000000000e+02 2.400000000000000000e+01 3.800000000000000000e+01 0.000000000000000000e+00 1.000000000000000000e+00
9.910000000000000000e+02 3.000000000000000000e+01 5.000000000000000000e+00 0.000000000000000000e+00 1.000000000000000000e+00
9.910000000000000000e+02 2.100000000000000000e+01 3.900000000000000000e+01 1.000000000000000000e+00 1.000000000000000000e+00
