6.000000000000000000e+00 1.900000000000000000e+01 2.800000000000000000e+01 0.000000000000000000e+00 1.000000000000000000e+00
9.000000000000000000e+00 1.000000000000000000e+01 3.000000000000000000e+01 1.000000000000000000e+00 1.000000000000000000e+00
1.100000000000000000e+01 2.300000000000000000e+01 3.100000000000000000e+01 0.000000000000000000e+00 1.000000000000000000e+00
1.200000000000000000e+01 2.100000000000000000e+01 8.000000000000000000e+00 0.000000000000000000e+00 1.000000000000000000e+00
1.700000000000000000e+01 1.600000000000000000e+01 3.900000000000000000e+01 0.000000000000000000e+00 1.000000000000000000e+00
1.900000000000000000e+01 1.900000000000000000e+01 4.300000000000000000e+01 0.000000000000000000e+00 1.000000000000000000e+00
2.000000000000000000e+01 1.900000000000000000e+01 7.000000000000000000e+00 1.000000000000000000e+00 1.000000000000000000e+00
2.000000000000000000e+01 2.300000000000000000e+01 4.600000000000000000e+01 0.000000000000000000e+00 1.000000000000000000e+00
2.200000000000000000e+01 1.700000000000000000e+01 2.400000000000000000e+01 1.000000000000000000e+00 1.000000000000000000e+00
2.400000000000000000e+01 1.900000000000000000e+01 3.500000000000000000e+01 0.000000000000000000e+00 1.000000000000000000e+00
2.700000000000000000e+01 1.900000000000000000e+01 2.300000000000000000e+01 1.000000000000000000e+00 1.000000000000000000e+00
2.800000000000000000e+01 2.900000000000000000e+01 3.400000000000000000e+01 0.000000000000000000e+00 1.000000000000000000e+00
3.000000000000000000e+01 1.800000000000000000e+01 2.900000000000000000e+01 0.000000000000000000e+00 1.000000000000000000e+00
3.100000000000000000e+01 2.900000000000000000e+01 3.800000000000000000e+01 0.000000000000000000e+00 1.000000000000000000e+00
3.300000000000000000e+01 2.700000000000000000e+01 3.100000000000000000e+01 0.000000000000000000e+00 1.000000000000000000e+00
3.400000000000000000e+01 1.800000000000000000e+01 4.600000000000000000e+01 0.000000000000000000e+00 1.000000000000000000e+00
3.400000000000000000e+01 2.700000000000000000e+01 4.300000000000000000e+01 0.000000000000000000e+00 1.000000000000000000e+00
3.400000000000000000e+01 1.700000000000000000e+01 4.500000000000000000e+01 0.000000000000000000e+00 1.000000000000000000e+00
3.700000000000000000e+01 2.300000000000000000e+01 3.900000000000000000e+01 0.000000000000000000e+00 1.000000000000000000e+00
3.900000000000000000e+01 1.000000000000000000e+01 3.300000000000000000e+01 0.000000000000000000e+00 1.000000000000000000e+00
4.200000000000000000e+01 2.100000000000000000e+01 2.000000000000000000e+01 0.000000000000000000e+00 1.000000000000000000e+00
5.000000000000000000e+01 2.900000000000000000e+01 3.600000000000000000e+01 0.000000000000000000e+00 1.000000000000000000e+00
5.100000000000000000e+01 2.900000000000000000e+01 3.300000000000000000e+01 0.000000000000000000e+00 1.000000000000000000e+00
5.800000000000000000e+01 1.800000000000000000e+01 2.700000000000000000e+01 0.000000000000000000e+00 1.000000000000000000e+00
6.400000000000000000e+01 1.700000000000000000e+01 4.600000000000000000e+01 0.000000000000000000e+00 1.000000000000000000e+00
6.900000000000000000e+01 2.000000000000000000e+01 9.000000000000000000e+00 1.000000000000000000e+00 1.000000000000000000e+00
7.400000000000000000e+01 2.400000000000000000e+01 4.500000000000000000e+01 0.000000000000000000e+00 1.000000000000000000e+00
7.500000000000000000e+01 2.600000000000000000e+01 4.200000000000000000e+01 0.000000000000000000e+00 1.000000000000000000e+00
7.500000000000000000e+01 1.500000000000000000e+01 3.900000000000000000e+01 0.000000000000000000e+00 1.000000000000000000e+00
7.800000000000000000e+01 1.000000000000000000e+01 3.900000000000000000e+01 0.000000000000000000e+00 1.000000000000000000e+00
7.800000000000000000e+01 2.100000000000000000e+01 4.300000000000000000e+01 0.000000000000000000e+00 1.000000000000000000e+00
8.600000000000000000e+01 1.800000000000000000e+01 4.000000000000000000e+01 0.000000000000000000e+00 1.000000000000000000e+00
8.600000000000000000e+01 2.000000000000000000e+01 2.100000000000000000e+01 0.000000000000000000e+00 1.000000000000000000e+00
8.800000000000000000e+01 1.300000000000000000e+01 2.700000000000000000e+01 1.000000000000000000e+00 1.000000000000000000e+00
8.800000000000000000e+01 1.200000000000000000e+01 2.800000000000000000e+01 1.000000000000000000e+00 1.000000000000000000e+00
8.800000000000000000e+01 9.000000000000000000e+00 3.200000000000000000e+01 1.000000000000000000e+00 1.000000000000000000e+00
8.800000000000000000e+01 2.200000000000000000e+01 4.100000000000000000e+01 0.000000000000000000e+00 1.000000000000000000e+00
9.100000000000000000e+01 9.000000000000000000e+00 3.200000000000000000e+01 1.000000000000000000e+00 1.000000000000000000e+00
9.200000000000000000e+01 1.600000000000000000e+01 3.000000000000000000e+01 0.000000000000000000e+00 1.000000000000000000e+00
9.300000000000000000e+01 2.100000000000000000e+01 1.400000000000000000e+01 0.000000000000000000e+00 1.000000000000000000e+00
9.800000000000000000e+01 1.900000000000000000e+01 2.500000000000000000e+01 1.000000000000000000e+00 1.000000000000000000e+00
9.800000000000000000e+01 1.700000000000000000e+01 4.000000000000000000e+01 0.000000000000000000e+00 1.000000000000000000e+00
1.050000000000000000e+02 1.300000000000000000e+01 3.300000000000000000e+01 0.000000000000000000e+00 1.000000000000000000e+00
1.080000000000000000e+02 2.200000000000000000e+01 7.000000000000000000e+00 0.000000000000000000e+00 1.000000000000000000e+00
1.080000000000000000e+02 1.400000000000000000e+01 3.900000000000000000e+01 0.000000000000000000e+00 1.000000000000000000e+00
1.090000000000000000e+02 2.800000000000000000e+01 4.100000000000000000e+01 0.000000000000000000e+00 1.000000000000000000e+00
1.090000000000000000e+02 9.000000000000000000e+00 3.300000000000000000e+01 1.000000000000000000e+00 1.000000000000000000e+00
1.110000000000000000e+02 2.000000000000000000e+01 4.600000000000000000e+01 0.000000000000000000e+00 1.000000000000000000e+00
1.140000000000000000e+02 9.000000000000000000e+00 3.000000000000000000e+01 1.000000000000000000e+00 1.000000000000000000e+00
1.150000000000000000e+02 1.100000000000000000e+01 4.100000000000000000e+01 0.000000000000000000e+00 1.000000000000000000e+00
1.160000000000000000e+02 1.700000000000000000e+01 2.500000000000000000e+01 1.000000000000000000e+00 1.000000000000000000e+00
1.220000000000000000e+02 1.200000000000000000e+01 3.700000000000000000e+01 0.000000000000000000e+00 1.000000000000000000e+00
1.260000000000000000e+02 9.000000000000000000e+00 4.100000000000000000e+01 1.000000000000000000e+00 1.000000000000000000e+00
1.260000000000000000e+02 2.200000000000000000e+01 3.100000000000000000e+01 0.000000000000000000e+00 1.000000000000000000e+00
1.270000000000000000e+02 2.200000000000000000e+01 9.000000000000000000e+00 0.000000000000000000e+00 1.000000000000000000e+00
1.280000000000000000e+02 2.100000000000000000e+01 2.300000000000000000e+01 0.000000000000000000e+00 1.000000000000000000e+00
1.310000000000000000e+02 1.700000000000000000e+01 4.300000000000000000e+01 0.000000000000000000e+00 1.000000000000000000e+00
1.330000000000000000e+02 1.400000000000000000e+01 2.700000000000000000e+01 1.000000000000000000e+00 1.000000000000000000e+00
1.360000000000000000e+02 1.600000000000000000e+01 2.400000000000000000e+01 1.000000000000000000e+00 1.000000000000000000e+00
1.470000000000000000e+02 1.600000000000000000e+01 3.600000000000000000e+01 0.000000000000000000e+00 1.000000000000000000e+00
1.470000000000000000e+02 1.600000000000000000e+01 2.500000000000000000e+01 1.000000000000000000e+00 1.000000000000000000e+00
1.500000000000000000e+02 2.800000000000000000e+01 3.300000000000000000e+01 0.000000000000000000e+00 1.000000000000000000e+00
1.560000000000000000e+02 2.100000000000000000e+01 2.100000000000000000e+01 0.000000000000000000e+00 1.000000000000000000e+00
1.620000000000000000e+02 1.500000000000000000e+01 3.200000000000000000e+01 0.000000000000000000e+00 1.000000000000000000e+00
1.630000000000000000e+02 2.100000000000000000e+01 3.000000000000000000e+00 1.000000000000000000e+00 1.000000000000000000e+00
1.630000000000000000e+02 2.100000000000000000e+01 1.300000000000000000e+01 0.000000000000000000e+00 1.000000000000000000e+00
1.640000000000000000e+02 1.400000000000000000e+01 2.600000000000000000e+01 1.000000000000000000e+00 1.000000000000000000e+00
1.710000000000000000e+02 1.600000000000000000e+01 3.300000000000000000e+01 0.000000000000000000e+00 1.000000000000000000e+00
1.730000000000000000e+02 1.700000000000000000e+01 3.600000000000000000e+01 0.000000000000000000e+00 1.000000000000000000e+00
1.760000000000000000e+02 1.100000000000000000e+01 2.800000000000000000e+01 1.000000000000000000e+00 1.000000000000000000e+00
1.760000000000000000e+02 9.000000000000000000e+00 3.800000000000000000e+01 1.000000000000000000e+00 1.000000000000000000e+00
1.780000000000000000e+02 9.000000000000000000e+00 3.800000000000000000e+01 1.000000000000000000e+00 1.000000000000000000e+00
1.910000000000000000e+02 9.000000000000000000e+00 3.700000000000000000e+01 1.000000000000000000e+00 1.000000000000000000e+00
1.930000000000000000e+02 2.000000000000000000e+01 1.200000000000000000e+01 1.000000000000000000e+00 1.000000000000000000e+00
2.040000000000000000e+02 1.400000000000000000e+01 3.800000000000000000e+01 0.000000000000000000e+00 1.000000000000000000e+00
2.050000000000000000e+02 1.500000000000000000e+01 2.500000000000000000e+01 1.000000000000000000e+00 1.000000000000000000e+00
2.060000000000000000e+02 1.400000000000000000e+01 3.400000000000000000e+01 0.000000000000000000e+00 1.000000000000000000e+00
2.080000000000000000e+02 1.300000000000000000e+01 2.800000000000000000e+01 1.000000000000000000e+00 1.000000000000000000e+00
2.080000000000000000e+02 1.500000000000000000e+01 3.500000000000000000e+01 0.000000000000000000e+00 1.000000000000000000e+00
2.080000000000000000e+02 8.000000000000000000e+00 3.300000000000000000e+01 1.000000000000000000e+00 1.000000000000000000e+00
2.100000000000000000e+02 8.000000000000000000e+00 3.300000000000000000e+01 1.000000000000000000e+00 1.000000000000000000e+00
2.130000000000000000e+02 2.000000000000000000e+01 1.400000000000000000e+01 1.000000000000000000e+00 1.000000000000000000e+00
2.130000000000000000e+02 1.900000000000000000e+01 4.600000000000000000e+01 0.000000000000000000e+00 1.000000000000000000e+00
2.140000000000000000e+02 8.000000000000000000e+00 3.600000000000000000e+01 1.000000000000000000e+00 1.000000000000000000e+00
2.200000000000000000e+02 9.000000000000000000e+00 3.900000000000000000e+01 1.000000000000000000e+00 1.000000000000000000e+00
2.290000000000000000e+02 2.100000000000000000e+01 2.500000000000000000e+01 1.000000000000000000e+00 1.000000000000000000e+00
2.290000000000000000e+02 2.800000000000000000e+01 3.800000000000000000e+01 0.000000000000000000e+00 1.000000000000000000e+00
2.300000000000000000e+02 2.900000000000000000e+01 3.500000000000000000e+01 0.000000000000000000e+00 1.000000000000000000e+00
2.330000000000000000e+02 1.300000000000000000e+01 3.300000000000000000e+01 0.000000000000000000e+00 1.000000000000000000e+00
2.330000000000000000e+02 9.000000000000000000e+00 3.200000000000000000e+01 1.000000000000000000e+00 1.000000000000000000e+00
2.370000000000000000e+02 2.100000000000000000e+01 1.000000000000000000e+00 1.000000000000000000e+00 1.000000000000000000e+00
2.400000000000000000e+02 1.700000000000000000e+01 4.200000000000000000e+01 0.000000000000000000e+00 1.000000000000000000e+00
2.420000000000000000e+02 2.100000000000000000e+01 4.400000000000000000e+01 0.000000000000000000e+00 1.000000000000000000e+00
2.440000000000000000e+02 1.300000000000000000e+01 4.100000000000000000e+01 0.000000000000000000e+00 1.000000000000000000e+00
2.440000000000000000e+02 1.400000000000000000e+01 4.100000000000000000e+01 0.000000000000000000e+00 1.000000000000000000e+00
2.480000000000000000e+02 1.100000000000000000e+01 2.900000000000000000e+01 1.000000000000000000e+00 1.000000000000000000e+00
2.480000000000000000e+02 1.900000000000000000e+01 3.700000000000000000e+01 0.000000000000000000e+00 1.000000000000000000e+00
2.510000000000000000e+02 2.200000000000000000e+01 8.000000000000000000e+00 0.000000000000000000e+00 1.000000000000000000e+00
2.520000000000000000e+02 2.200000000000000000e+01 2.500000000000000000e+01 1.000000000000000000e+00 1.000000000000000000e+00
2.540000000000000000e+02 1.400000000000000000e+01 4.000000000000000000e+01 0.000000000000000000e+00 1.000000000000000000e+00
2.540000000000000000e+02 1.200000000000000000e+01 2.900000000000000000e+01 1.000000000000000000e+00 1.000000000000000000e+00
2.550000000000000000e+02 9.000000000000000000e+00 3.400000000000000000e+01 1.000000000000000000e+00 1.000000000000000000e+00
2.550000000000000000e+02 1.200000000000000000e+01 2.800000000000000000e+01 1.000000000000000000e+00 1.000000000000000000e+00
2.560000000000000000e+02 2.000000000000000000e+01 1.500000000000000000e+01 1.000000000000000000e+00 1.000000000000000000e+00
2.580000000000000000e+02 2.100000000000000000e+01 1.900000000000000000e+01 0.000000000000000000e+00 1.000000000000000000e+00
2.640000000000000000e+02 1.300000000000000000e+01 4.300000000000000000e+01 0.000000000000000000e+00 1.000000000000000000e+00
2.640000000000000000e+02 1.500000000000000000e+01 2.700000000000000000e+01 1.000000000000000000e+00 1.000000000000000000e+00
2.670000000000000000e+02 1.800000000000000000e+01 3.800000000000000000e+01 0.000000000000000000e+00 1.000000000000000000e+00
2.670000000000000000e+02 9.000000000000000000e+00 4.000000000000000000e+01 1.000000000000000000e+00 1.000000000000000000e+00
2.710000000000000000e+02 2.800000000000000000e+01 4.000000000000000000e+01 0.000000000000000000e+00 1.000000000000000000e+00
2.740000000000000000e+02 9.000000000000000000e+00 1.900000000000000000e+01 1.000000000000000000e+00 1.000000000000000000e+00
2.750000000000000000e+02 2.100000000000000000e+01 1.800000000000000000e+01 0.000000000000000000e+00 1.000000000000000000e+00
2.800000000000000000e+02 2.100000000000000000e+01 4.000000000000000000e+00 1.000000000000000000e+00 1.000000000000000000e+00
2.800000000000000000e+02 1.700000000000000000e+01 2.800000000000000000e+01 0.000000000000000000e+00 1.000000000000000000e+00
2.860000000000000000e+02 2.100000000000000000e+01 2.000000000000000000e+00 1.000000000000000000e+00 1.000000000000000000e+00
2.870000000000000000e+02 1.800000000000000000e+01 4.000000000000000000e+01 0.000000000000000000e+00 1.000000000000000000e+00
2.940000000000000000e+02 1.000000000000000000e+01 3.000000000000000000e+01 1.000000000000000000e+00 1.000000000000000000e+00
2.950000000000000000e+02 2.100000000000000000e+01 4.300000000000000000e+01 0.000000000000000000e+00 1.000000000000000000e+00
2.970000000000000000e+02 2.100000000000000000e+01 4.600000000000000000e+01 0.000000000000000000e+00 1.000000000000000000e+00
3.010000000000000000e+02 2.200000000000000000e+01 1.000000000000000000e+01 0.000000000000000000e+00 1.000000000000000000e+00
3.010000000000000000e+02 1.300000000000000000e+01 3.400000000000000000e+01 0.000000000000000000e+00 1.000000000000000000e+00
3.050000000000000000e+02 2.100000000000000000e+01 4.500000000000000000e+01 0.000000000000000000e+00 1.000000000000000000e+00
3.060000000000000000e+02 2.500000000000000000e+01 4.200000000000000000e+01 0.000000000000000000e+00 1.000000000000000000e+00
3.080000000000000000e+02 1.400000000000000000e+01 4.400000000000000000e+01 0.000000000000000000e+00 1.000000000000000000e+00
3.090000000000000000e+02 1.500000000000000000e+01 3.800000000000000000e+01 0.000000000000000000e+00 1.000000000000000000e+00
3.110000000000000000e+02 2.700000000000000000e+01 3.300000000000000000e+01 0.000000000000000000e+00 1.000000000000000000e+00
3.140000000000000000e+02 2.300000000000000000e+01 4.100000000000000000e+01 0.000000000000000000e+00 1.000000000000000000e+00
3.140000000000000000e+02 2.100000000000000000e+01 2.200000000000000000e+01 0.000000000000000000e+00 1.000000000000000000e+00
3.200000000000000000e+02 1.700000000000000000e+01 2.900000000000000000e+01 0.000000000000000000e+00 1.000000000000000000e+00
3.210000000000000000e+02 2.300000000000000000e+01 4.400000000000000000e+01 0.000000000000000000e+00 1.000000000000000000e+00
3.210000000000000000e+02 1.700000000000000000e+01 4.100000000000000000e+01 0.000000000000000000e+00 1.000000000000000000e+00
3.270000000000000000e+02 2.300000000000000000e+01 3.000000000000000000e+01 0.000000000000000000e+00 1.000000000000000000e+00
3.290000000000000000e+02 1.500000000000000000e+01 2.400000000000000000e+01 1.000000000000000000e+00 1.000000000000000000e+00
3.290000000000000000e+02 9.000000000000000000e+00 4.200000000000000000e+01 1.000000000000000000e+00 1.000000000000000000e+00
3.400000000000000000e+02 2.900000000000000000e+01 4.000000000000000000e+01 0.000000000000000000e+00 1.000000000000000000e+00
3.400000000000000000e+02 2.000000000000000000e+01 1.600000000000000000e+01 1.000000000000000000e+00 1.000000000000000000e+00
3.410000000000000000e+02 2.000000000000000000e+01 1.600000000000000000e+01 1.000000000000000000e+00 1.000000000000000000e+00
3.410000000000000000e+02 2.000000000000000000e+01 4.200000000000000000e+01 0.000000000000000000e+00 1.000000000000000000e+00
3.420000000000000000e+02 2.000000000000000000e+01 3.100000000000000000e+01 0.000000000000000000e+00 1.000000000000000000e+00
3.450000000000000000e+02 2.200000000000000000e+01 3.300000000000000000e+01 0.000000000000000000e+00 1.000000000000000000e+00
3.650000000000000000e+02 2.700000000000000000e+01 4.200000000000000000e+01 0.000000000000000000e+00 1.000000000000000000e+00
3.710000000000000000e+02 1.800000000000000000e+01 2.600000000000000000e+01 1.000000000000000000e+00 1.000000000000000000e+00
3.720000000000000000e+02 1.000000000000000000e+01 3.100000000000000000e+01 1.000000000000000000e+00 1.000000000000000000e+00
3.730000000000000000e+02 1.000000000000000000e+01 3.200000000000000000e+01 1.000000000000000000e+00 1.000000000000000000e+00
3.830000000000000000e+02 2.100000000000000000e+01 2.000000000000000000e+01 0.000000000000000000e+00 1.000000000000000000e+00
3.850000000000000000e+02 1.800000000000000000e+01 3.000000000000000000e+01 0.000000000000000000e+00 1.000000000000000000e+00
3.860000000000000000e+02 2.200000000000000000e+01 4.000000000000000000e+01 0.000000000000000000e+00 1.000000000000000000e+00
3.870000000000000000e+02 1.600000000000000000e+01 2.000000000000000000e+01 1.000000000000000000e+00 1.000000000000000000e+00
3.950000000000000000e+02 1.000000000000000000e+01 4.200000000000000000e+01 1.000000000000000000e+00 1.000000000000000000e+00
3.960000000000000000e+02 2.200000000000000000e+01 1.200000000000000000e+01 0.000000000000000000e+00 1.000000000000000000e+00
4.030000000000000000e+02 2.100000000000000000e+01 2.100000000000000000e+01 0.000000000000000000e+00 1.000000000000000000e+00
4.040000000000000000e+02 2.900000000000000000e+01 3.100000000000000000e+01 0.000000000000000000e+00 1.000000000000000000e+00
4.040000000000000000e+02 2.600000000000000000e+01 2.700000000000000000e+01 1.000000000000000000e+00 1.000000000000000000e+00
4.190000000000000000e+02 1.800000000000000000e+01 2.500000000000000000e+01 1.000000000000000000e+00 1.000000000000000000e+00
4.200000000000000000e+02 2.200000000000000000e+01 9.000000000000000000e+00 0.000000000000000000e+00 1.000000000000000000e+00
4.220000000000000000e+02 2.000000000000000000e+01 1.100000000000000000e+01 1.000000000000000000e+00 1.000000000000000000e+00
4.230000000000000000e+02 1.900000000000000000e+01 2.300000000000000000e+01 1.000000000000000000e+00 1.000000000000000000e+00
4.240000000000000000e+02 1.900000000000000000e+01 2.300000000000000000e+01 1.000000000000000000e+00 1.000000000000000000e+00
4.250000000000000000e+02 2.400000000000000000e+01 2.600000000000000000e+01 1.000000000000000000e+00 1.000000000000000000e+00
4.290000000000000000e+02 2.000000000000000000e+01 1.700000000000000000e+01 1.000000000000000000e+00 1.000000000000000000e+00
4.330000000000000000e+02 1.000000000000000000e+01 3.400000000000000000e+01 0.000000000000000000e+00 1.000000000000000000e+00
4.340000000000000000e+02 1.100000000000000000e+01 3.600000000000000000e+01 1.000000000000000000e+00 1.000000000000000000e+00
4.370000000000000000e+02 2.300000000000000000e+01 4.500000000000000000e+01 0.000000000000000000e+00 1.000000000000000000e+00
4.420000000000000000e+02 2.100000000000000000e+01 1.200000000000000000e+01 0.000000000000000000e+00 1.000000000000000000e+00
4.440000000000000000e+02 1.100000000000000000e+01 4.100000000000000000e+01 0.000000000000000000e+00 1.000000000000000000e+00
4.450000000000000000e+02 2.300000000000000000e+01 4.600000000000000000e+01 0.000000000000000000e+00 1.000000000000000000e+00
4.470000000000000000e+02 2.500000000000000000e+01 2.900000000000000000e+01 0.000000000000000000e+00 1.000000000000000000e+00
4.490000000000000000e+02 2.300000000000000000e+01 0.000000000000000000e+00 0.000000000000000000e+00 1.000000000000000000e+00
4.490000000000000000e+02 2.200000000000000000e+01 3.900000000000000000e+01 0.000000000000000000e+00 1.000000000000000000e+00
4.500000000000000000e+02 2.800000000000000000e+01 4.200000000000000000e+01 0.000000000000000000e+00 1.000000000000000000e+00
4.580000000000000000e+02 1.500000000000000000e+01 2.600000000000000000e+01 1.000000000000000000e+00 1.000000000000000000e+00
4.590000000000000000e+02 1.600000000000000000e+01 2.900000000000000000e+01 0.000000000000000000e+00 1.000000000000000000e+00
4.600000000000000000e+02 2.900000000000000000e+01 3.700000000000000000e+01 0.000000000000000000e+00 1.000000000000000000e+00
4.640000000000000000e+02 1.200000000000000000e+01 2.700000000000000000e+01 1.000000000000000000e+00 1.000000000000000000e+00
4.680000000000000000e+02 2.200000000000000000e+01 2.600000000000000000e+01 1.000000000000000000e+00 1.000000000000000000e+00
4.690000000000000000e+02 1.000000000000000000e+01 3.200000000000000000e+01 0.000000000000000000e+00 1.000000000000000000e+00
4.710000000000000000e+02 1.900000000000000000e+01 2.400000000000000000e+01 1.000000000000000000e+00 1.000000000000000000e+00
4.710000000000000000e+02 9.000000000000000000e+00 3.300000000000000000e+01 1.000000000000000000e+00 1.000000000000000000e+00
4.730000000000000000e+02 2.100000000000000000e+01 5.000000000000000000e+00 1.000000000000000000e+00 1.000000000000000000e+00
4.750000000000000000e+02 2.400000000000000000e+01 4.400000000000000000e+01 0.000000000000000000e+00 1.000000000000000000e+00
4.770000000000000000e+02 9.000000000000000000e+00 3.800000000000000000e+01 1.000000000000000000e+00 1.000000000000000000e+00
4.770000000000000000e+02 2.500000000000000000e+01 3.000000000000000000e+01 0.000000000000000000e+00 1.000000000000000000e+00
4.830000000000000000e+02 1.600000000000000000e+01 2.600000000000000000e+01 1.000000000000000000e+00 1.000000000000000000e+00
4.940000000000000000e+02 2.300000000000000000e+01 2.600000000000000000e+01 1.000000000000000000e+00 1.000000000000000000e+00
4.950000000000000000e+02 1.300000000000000000e+01 2.700000000000000000e+01 1.000000000000000000e+00 1.000000000000000000e+00
4.970000000000000000e+02 2.100000000000000000e+01 6.000000000000000000e+00 1.000000000000000000e+00 1.000000000000000000e+00
4.970000000000000000e+02 1.100000000000000000e+01 3.000000000000000000e+01 1.000000000000000000e+00 1.000000000000000000e+00
4.980000000000000000e+02 2.100000000000000000e+01 2.300000000000000000e+01 0.000000000000000000e+00 1.000000000000000000e+00
5.080000000000000000e+02 1.700000000000000000e+01 3.000000000000000000e+01 0.000000000000000000e+00 1.000000000000000000e+00
5.160000000000000000e+02 2.200000000000000000e+01 1.100000000000000000e+01 0.000000000000000000e+00 1.000000000000000000e+00
5.190000000000000000e+02 2.000000000000000000e+01 1.300000000000000000e+01 1.000000000000000000e+00 1.000000000000000000e+00
5.210000000000000000e+02 1.700000000000000000e+01 2.600000000000000000e+01 1.000000000000000000e+00 1.000000000000000000e+00
5.300000000000000000e+02 2.200000000000000000e+01 6.000000000000000000e+00 0.000000000000000000e+00 1.000000000000000000e+00
5.310000000000000000e+02 2.000000000000000000e+01 2.800000000000000000e+01 0.000000000000000000e+00 1.000000000000000000e+00
5.310000000000000000e+02 1.500000000000000000e+01 4.400000000000000000e+01 0.000000000000000000e+00 1.000000000000000000e+00
5.390000000000000000e+02 1.800000000000000000e+01 2.400000000000000000e+01 1.000000000000000000e+00 1.000000000000000000e+00
5.430000000000000000e+02 2.500000000000000000e+01 4.500000000000000000e+01 0.000000000000000000e+00 1.000000000000000000e+00
5.460000000000000000e+02 1.100000000000000000e+01 4.200000000000000000e+01 0.000000000000000000e+00 1.000000000000000000e+00
5.470000000000000000e+02 9.000000000000000000e+00 3.400000000000000000e+01 1.000000000000000000e+00 1.000000000000000000e+00
5.490000000000000000e+02 9.000000000000000000e+00 3.400000000000000000e+01 1.000000000000000000e+00 1.000000000000000000e+00
5.600000000000000000e+02 1.700000000000000000e+01 4.100000000000000000e+01 0.000000000000000000e+00 1.000000000000000000e+00
5.620000000000000000e+02 2.000000000000000000e+01 2.600000000000000000e+01 1.000000000000000000e+00 1.000000000000000000e+00
5.630000000000000000e+02 2.000000000000000000e+01 1.900000000000000000e+01 1.000000000000000000e+00 1.000000000000000000e+00
5.660000000000000000e+02 2.100000000000000000e+01 2.200000000000000000e+01 0.000000000000000000e+00 1.000000000000000000e+00
5.710000000000000000e+02 2.500000000000000000e+01 3.200000000000000000e+01 0.000000000000000000e+00 1.000000000000000000e+00
5.720000000000000000e+02 9.000000000000000000e+00 3.600000000000000000e+01 1.000000000000000000e+00 1.000000000000000000e+00
5.750000000000000000e+02 1.100000000000000000e+01 2.400000000000000000e+01 1.000000000000000000e+00 1.000000000000000000e+00
5.760000000000000000e+02 2.400000000000000000e+01 3.200000000000000000e+01 0.000000000000000000e+00 1.000000000000000000e+00
5.770000000000000000e+02 2.900000000000000000e+01 3.900000000000000000e+01 0.000000000000000000e+00 1.000000000000000000e+00
5.780000000000000000e+02 2.000000000000000000e+01 2.900000000000000000e+01 0.000000000000000000e+00 1.000000000000000000e+00
5.820000000000000000e+02 9.000000000000000000e+00 3.900000000000000000e+01 1.000000000000000000e+00 1.000000000000000000e+00
5.820000000000000000e+02 2.200000000000000000e+01 1.000000000000000000e+01 0.000000000000000000e+00 1.000000000000000000e+00
5.880000000000000000e+02 2.000000000000000000e+01 2.500000000000000000e+01 1.000000000000000000e+00 1.000000000000000000e+00
5.940000000000000000e+02 2.200000000000000000e+01 1.200000000000000000e+01 0.000000000000000000e+00 1.000000000000000000e+00
5.950000000000000000e+02 1.100000000000000000e+01 2.900000000000000000e+01 1.000000000000000000e+00 1.000000000000000000e+00
5.950000000000000000e+02 2.400000000000000000e+01 2.500000000000000000e+01 1.000000000000000000e+00 1.000000000000000000e+00
5.990000000000000000e+02 1.600000000000000000e+01 4.400000000000000000e+01 0.000000000000000000e+00 1.000000000000000000e+00
6.000000000000000000e+02 2.000000000000000000e+01 1.800000000000000000e+01 1.000000000000000000e+00 1.000000000000000000e+00
6.080000000000000000e+02 1.800000000000000000e+01 3.700000000000000000e+01 0.000000000000000000e+00 1.000000000000000000e+00
6.100000000000000000e+02 1.800000000000000000e+01 2.900000000000000000e+01 0.000000000000000000e+00 1.000000000000000000e+00
6.120000000000000000e+02 1.400000000000000000e+01 2.800000000000000000e+01 1.000000000000000000e+00 1.000000000000000000e+00
6.140000000000000000e+02 9.000000000000000000e+00 3.700000000000000000e+01 1.000000000000000000e+00 1.000000000000000000e+00
6.150000000000000000e+02 9.000000000000000000e+00 1.600000000000000000e+01 1.000000000000000000e+00 1.000000000000000000e+00
6.150000000000000000e+02 2.200000000000000000e+01 4.600000000000000000e+01 0.000000000000000000e+00 1.000000000000000000e+00
6.170000000000000000e+02 2.300000000000000000e+01 3.300000000000000000e+01 0.000000000000000000e+00 1.000000000000000000e+00
6.180000000000000000e+02 2.200000000000000000e+01 8.000000000000000000e+00 0.000000000000000000e+00 1.000000000000000000e+00
6.310000000000000000e+02 1.800000000000000000e+01 4.000000000000000000e+01 0.000000000000000000e+00 1.000000000000000000e+00
6.320000000000000000e+02 9.000000000000000000e+00 3.200000000000000000e+01 1.000000000000000000e+00 1.000000000000000000e+00
6.330000000000000000e+02 1.900000000000000000e+01 2.500000000000000000e+01 1.000000000000000000e+00 1.000000000000000000e+00
6.330000000000000000e+02 1.200000000000000000e+01 2.800000000000000000e+01 1.000000000000000000e+00 1.000000000000000000e+00
6.340000000000000000e+02 1.200000000000000000e+01 2.800000000000000000e+01 1.000000000000000000e+00 1.000000000000000000e+00
6.340000000000000000e+02 1.500000000000000000e+01 3.100000000000000000e+01 1.000000000000000000e+00 1.000000000000000000e+00
6.370000000000000000e+02 1.800000000000000000e+01 3.500000000000000000e+01 0.000000000000000000e+00 1.000000000000000000e+00
6.380000000000000000e+02 2.500000000000000000e+01 4.400000000000000000e+01 0.000000000000000000e+00 1.000000000000000000e+00
6.420000000000000000e+02 1.700000000000000000e+01 2.500000000000000000e+01 1.000000000000000000e+00 1.000000000000000000e+00
6.430000000000000000e+02 2.100000000000000000e+01 4.000000000000000000e+00 1.000000000000000000e+00 1.000000000000000000e+00
6.460000000000000000e+02 1.900000000000000000e+01 3.800000000000000000e+01 0.000000000000000000e+00 1.000000000000000000e+00
6.470000000000000000e+02 2.200000000000000000e+01 3.600000000000000000e+01 0.000000000000000000e+00 1.000000000000000000e+00
6.480000000000000000e+02 2.100000000000000000e+01 3.700000000000000000e+01 0.000000000000000000e+00 1.000000000000000000e+00
6.530000000000000000e+02 2.100000000000000000e+01 3.000000000000000000e+01 0.000000000000000000e+00 1.000000000000000000e+00
6.530000000000000000e+02 1.400000000000000000e+01 2.700000000000000000e+01 1.000000000000000000e+00 1.000000000000000000e+00
6.590000000000000000e+02 1.800000000000000000e+01 4.400000000000000000e+01 0.000000000000000000e+00 1.000000000000000000e+00
6.680000000000000000e+02 9.000000000000000000e+00 4.000000000000000000e+01 1.000000000000000000e+00 1.000000000000000000e+00
6.680000000000000000e+02 2.100000000000000000e+01 1.600000000000000000e+01 0.000000000000000000e+00 1.000000000000000000e+00
6.690000000000000000e+02 2.700000000000000000e+01 4.300000000000000000e+01 0.000000000000000000e+00 1.000000000000000000e+00
6.690000000000000000e+02 1.000000000000000000e+01 3.100000000000000000e+01 1.000000000000000000e+00 1.000000000000000000e+00
6.700000000000000000e+02 2.600000000000000000e+01 4.400000000000000000e+01 0.000000000000000000e+00 1.000000000000000000e+00
6.760000000000000000e+02 2.900000000000000000e+01 4.100000000000000000e+01 0.000000000000000000e+00 1.000000000000000000e+00
6.770000000000000000e+02 2.300000000000000000e+01 1.000000000000000000e+00 0.000000000000000000e+00 1.000000000000000000e+00
6.770000000000000000e+02 1.700000000000000000e+01 3.300000000000000000e+01 0.000000000000000000e+00 1.000000000000000000e+00
6.780000000000000000e+02 1.500000000000000000e+01 2.700000000000000000e+01 1.000000000000000000e+00 1.000000000000000000e+00
6.780000000000000000e+02 2.300000000000000000e+01 2.500000000000000000e+01 1.000000000000000000e+00 1.000000000000000000e+00
6.780000000000000000e+02 3.000000000000000000e+01 3.600000000000000000e+01 0.000000000000000000e+00 1.000000000000000000e+00
6.790000000000000000e+02 2.900000000000000000e+01 4.000000000000000000e+01 0.000000000000000000e+00 1.000000000000000000e+00
6.790000000000000000e+02 9.000000000000000000e+00 3.300000000000000000e+01 1.000000000000000000e+00 1.000000000000000000e+00
6.830000000000000000e+02 8.000000000000000000e+00 3.400000000000000000e+01 1.000000000000000000e+00 1.000000000000000000e+00
6.850000000000000000e+02 2.200000000000000000e+01 1.400000000000000000e+01 0.000000000000000000e+00 1.000000000000000000e+00
6.850000000000000000e+02 2.100000000000000000e+01 1.300000000000000000e+01 0.000000000000000000e+00 1.000000000000000000e+00
6.850000000000000000e+02 2.000000000000000000e+01 4.300000000000000000e+01 0.000000000000000000e+00 1.000000000000000000e+00
6.870000000000000000e+02 1.700000000000000000e+01 4.400000000000000000e+01 0.000000000000000000e+00 1.000000000000000000e+00
6.880000000000000000e+02 1.600000000000000000e+01 3.400000000000000000e+01 0.000000000000000000e+00 1.000000000000000000e+00
6.880000000000000000e+02 1.500000000000000000e+01 2.900000000000000000e+01 0.000000000000000000e+00 1.000000000000000000e+00
6.960000000000000000e+02 1.500000000000000000e+01 4.600000000000000000e+01 0.000000000000000000e+00 1.000000000000000000e+00
7.000000000000000000e+02 1.600000000000000000e+01 2.600000000000000000e+01 1.000000000000000000e+00 1.000000000000000000e+00
7.010000000000000000e+02 1.500000000000000000e+01 3.100000000000000000e+01 0.000000000000000000e+00 1.000000000000000000e+00
7.010000000000000000e+02 2.900000000000000000e+01 3.200000000000000000e+01 0.000000000000000000e+00 1.000000000000000000e+00
7.020000000000000000e+02 1.500000000000000000e+01 3.300000000000000000e+01 0.000000000000000000e+00 1.000000000000000000e+00
7.030000000000000000e+02 2.800000000000000000e+01 4.100000000000000000e+01 0.000000000000000000e+00 1.000000000000000000e+00
7.030000000000000000e+02 1.500000000000000000e+01 3.800000000000000000e+01 0.000000000000000000e+00 1.000000000000000000e+00
7.030000000000000000e+02 1.100000000000000000e+01 3.100000000000000000e+01 1.000000000000000000e+00 1.000000000000000000e+00
7.030000000000000000e+02 2.200000000000000000e+01 9.000000000000000000e+00 0.000000000000000000e+00 1.000000000000000000e+00
7.040000000000000000e+02 2.800000000000000000e+01 4.300000000000000000e+01 0.000000000000000000e+00 1.000000000000000000e+00
7.070000000000000000e+02 1.500000000000000000e+01 4.000000000000000000e+01 0.000000000000000000e+00 1.000000000000000000e+00
7.090000000000000000e+02 2.000000000000000000e+01 3.600000000000000000e+01 0.000000000000000000e+00 1.000000000000000000e+00
7.110000000000000000e+02 2.100000000000000000e+01 3.000000000000000000e+00 1.000000000000000000e+00 1.000000000000000000e+00
7.110000000000000000e+02 2.100000000000000000e+01 2.900000000000000000e+01 0.000000000000000000e+00 1.000000000000000000e+00
7.130000000000000000e+02 1.800000000000000000e+01 2.800000000000000000e+01 0.000000000000000000e+00 1.000000000000000000e+00
7.140000000000000000e+02 1.900000000000000000e+01 2.200000000000000000e+01 1.000000000000000000e+00 1.000000000000000000e+00
7.160000000000000000e+02 2.800000000000000000e+01 3.500000000000000000e+01 0.000000000000000000e+00 1.000000000000000000e+00
7.170000000000000000e+02 1.000000000000000000e+01 4.100000000000000000e+01 1.000000000000000000e+00 1.000000000000000000e+00
7.200000000000000000e+02 1.100000000000000000e+01 3.000000000000000000e+01 1.000000000000000000e+00 1.000000000000000000e+00
7.230000000000000000e+02 1.900000000000000000e+01 2.400000000000000000e+01 1.000000000000000000e+00 1.000000000000000000e+00
7.360000000000000000e+02 2.500000000000000000e+01 4.100000000000000000e+01 0.000000000000000000e+00 1.000000000000000000e+00
7.360000000000000000e+02 2.000000000000000000e+00 3.500000000000000000e+01 0.000000000000000000e+00 1.000000000000000000e+00
7.370000000000000000e+02 1.300000000000000000e+01 2.800000000000000000e+01 1.000000000000000000e+00 1.000000000000000000e+00
7.370000000000000000e+02 1.300000000000000000e+01 3.500000000000000000e+01 0.000000000000000000e+00 1.000000000000000000e+00
7.370000000000000000e+02 9.000000000000000000e+00 3.100000000000000000e+01 1.000000000000000000e+00 1.000000000000000000e+00
7.380000000000000000e+02 9.000000000000000000e+00 3.100000000000000000e+01 1.000000000000000000e+00 1.000000000000000000e+00
7.390000000000000000e+02 9.000000000000000000e+00 3.400000000000000000e+01 1.000000000000000000e+00 1.000000000000000000e+00
7.410000000000000000e+02 2.200000000000000000e+01 1.300000000000000000e+01 0.000000000000000000e+00 1.000000000000000000e+00
7.410000000000000000e+02 2.100000000000000000e+01 2.400000000000000000e+01 0.000000000000000000e+00 1.000000000000000000e+00
7.460000000000000000e+02 2.800000000000000000e+01 4.200000000000000000e+01 0.000000000000000000e+00 1.000000000000000000e+00
7.470000000000000000e+02 1.600000000000000000e+01 4.100000000000000000e+01 0.000000000000000000e+00 1.000000000000000000e+00
7.480000000000000000e+02 2.100000000000000000e+01 2.200000000000000000e+01 0.000000000000000000e+00 1.000000000000000000e+00
7.500000000000000000e+02 1.900000000000000000e+01 1.900000000000000000e+01 1.000000000000000000e+00 1.000000000000000000e+00
7.510000000000000000e+02 1.600000000000000000e+01 2.500000000000000000e+01 1.000000000000000000e+00 1.000000000000000000e+00
7.570000000000000000e+02 1.500000000000000000e+01 2.600000000000000000e+01 1.000000000000000000e+00 1.000000000000000000e+00
7.590000000000000000e+02 1.900000000000000000e+01 2.500000000000000000e+01 0.000000000000000000e+00 1.000000000000000000e+00
7.600000000000000000e+02 3.000000000000000000e+01 3.500000000000000000e+01 0.000000000000000000e+00 1.000000000000000000e+00
7.610000000000000000e+02 2.100000000000000000e+01 4.500000000000000000e+01 0.000000000000000000e+00 1.000000000000000000e+00
7.620000000000000000e+02 2.100000000000000000e+01 3.200000000000000000e+01 0.000000000000000000e+00 1.000000000000000000e+00
7.630000000000000000e+02 1.500000000000000000e+01 3.400000000000000000e+01 0.000000000000000000e+00 1.000000000000000000e+00
7.630000000000000000e+02 1.700000000000000000e+01 4.600000000000000000e+01 0.000000000000000000e+00 1.000000000000000000e+00
7.640000000000000000e+02 2.300000000000000000e+01 0.000000000000000000e+00 0.000000000000000000e+00 1.000000000000000000e+00
7.690000000000000000e+02 1.800000000000000000e+01 2.100000000000000000e+01 1.000000000000000000e+00 1.000000000000000000e+00
7.700000000000000000e+02 2.000000000000000000e+01 4.100000000000000000e+01 0.000000000000000000e+00 1.000000000000000000e+00
7.700000000000000000e+02 1.200000000000000000e+01 3.000000000000000000e+01 1.000000000000000000e+00 1.000000000000000000e+00
7.790000000000000000e+02 2.300000000000000000e+01 2.900000000000000000e+01 0.000000000000000000e+00 1.000000000000000000e+00
7.820000000000000000e+02 2.200000000000000000e+01 1.200000000000000000e+01 0.000000000000000000e+00 1.000000000000000000e+00
7.860000000000000000e+02 2.200000000000000000e+01 3.100000000000000000e+01 0.000000000000000000e+00 1.000000000000000000e+00
7.870000000000000000e+02 2.100000000000000000e+01 4.600000000000000000e+01 0.000000000000000000e+00 1.000000000000000000e+00
7.910000000000000000e+02 1.800000000000000000e+01 4.000000000000000000e+01 0.000000000000000000e+00 1.000000000000000000e+00
7.930000000000000000e+02 1.800000000000000000e+01 3.400000000000000000e+01 0.000000000000000000e+00 1.000000000000000000e+00
7.930000000000000000e+02 2.800000000000000000e+01 3.000000000000000000e+01 0.000000000000000000e+00 1.000000000000000000e+00
7.940000000000000000e+02 2.000000000000000000e+01 3.900000000000000000e+01 0.000000000000000000e+00 1.000000000000000000e+00
7.950000000000000000e+02 2.100000000000000000e+01 2.700000000000000000e+01 0.000000000000000000e+00 1.000000000000000000e+00
7.970000000000000000e+02 2.200000000000000000e+01 1.000000000000000000e+00 0.000000000000000000e+00 1.000000000000000000e+00
7.990000000000000000e+02 2.900000000000000000e+01 3.400000000000000000e+01 0.000000000000000000e+00 1.000000000000000000e+00
8.020000000000000000e+02 2.500000000000000000e+01 3.200000000000000000e+01 0.000000000000000000e+00 1.000000000000000000e+00
8.090000000000000000e+02 2.200000000000000000e+01 1.100000000000000000e+01 0.000000000000000000e+00 1.000000000000000000e+00
8.100000000000000000e+02 2.200000000000000000e+01 3.000000000000000000e+01 0.000000000000000000e+00 1.000000000000000000e+00
8.100000000000000000e+02 2.300000000000000000e+01 3.600000000000000000e+01 0.000000000000000000e+00 1.000000000000000000e+00
8.130000000000000000e+02 2.300000000000000000e+01 3.100000000000000000e+01 0.000000000000000000e+00 1.000000000000000000e+00
8.140000000000000000e+02 2.100000000000000000e+01 3.600000000000000000e+01 0.000000000000000000e+00 1.000000000000000000e+00
8.200000000000000000e+02 2.300000000000000000e+01 3.800000000000000000e+01 0.000000000000000000e+00 1.000000000000000000e+00
8.310000000000000000e+02 2.400000000000000000e+01 4.200000000000000000e+01 0.000000000000000000e+00 1.000000000000000000e+00
8.360000000000000000e+02 1.300000000000000000e+01 4.400000000000000000e+01 0.000000000000000000e+00 1.000000000000000000e+00
8.370000000000000000e+02 2.100000000000000000e+01 2.600000000000000000e+01 1.000000000000000000e+00 1.000000000000000000e+00
8.380000000000000000e+02 1.800000000000000000e+01 4.700000000000000000e+01 0.000000000000000000e+00 1.000000000000000000e+00
8.380000000000000000e+02 9.000000000000000000e+00 3.500000000000000000e+01 1.000000000000000000e+00 1.000000000000000000e+00
8.480000000000000000e+02 9.000000000000000000e+00 3.500000000000000000e+01 1.000000000000000000e+00 1.000000000000000000e+00
8.530000000000000000e+02 1.400000000000000000e+01 2.800000000000000000e+01 1.000000000000000000e+00 1.000000000000000000e+00
8.600000000000000000e+02 1.000000000000000000e+01 3.200000000000000000e+01 1.000000000000000000e+00 1.000000000000000000e+00
8.650000000000000000e+02 1.800000000000000000e+01 4.200000000000000000e+01 0.000000000000000000e+00 1.000000000000000000e+00
8.690000000000000000e+02 2.200000000000000000e+01 3.000000000000000000e+00 0.000000000000000000e+00 1.000000000000000000e+00
8.700000000000000000e+02 2.700000000000000000e+01 4.100000000000000000e+01 0.000000000000000000e+00 1.000000000000000000e+00
8.720000000000000000e+02 1.900000000000000000e+01 2.600000000000000000e+01 1.000000000000000000e+00 1.000000000000000000e+00
8.740000000000000000e+02 2.500000000000000000e+01 3.500000000000000000e+01 0.000000000000000000e+00 1.000000000000000000e+00
8.750000000000000000e+02 2.000000000000000000e+01 2.000000000000000000e+01 1.000000000000000000e+00 1.000000000000000000e+00
8.780000000000000000e+02 2.000000000000000000e+01 4.700000000000000000e+01 0.000000000000000000e+00 1.000000000000000000e+00
8.810000000000000000e+02 2.300000000000000000e+01 2.000000000000000000e+00 0.000000000000000000e+00 1.000000000000000000e+00
8.820000000000000000e+02 2.100000000000000000e+01 6.000000000000000000e+00 1.000000000000000000e+00 1.000000000000000000e+00
8.820000000000000000e+02 1.800000000000000000e+01 2.500000000000000000e+01 1.000000000000000000e+00 1.000000000000000000e+00
8.830000000000000000e+02 8.000000000000000000e+00 3.700000000000000000e+01 1.000000000000000000e+00 1.000000000000000000e+00
8.830000000000000000e+02 1.600000000000000000e+01 4.500000000000000000e+01 0.000000000000000000e+00 1.000000000000000000e+00
8.830000000000000000e+02 2.000000000000000000e+01 1.500000000000000000e+01 1.000000000000000000e+00 1.000000000000000000e+00
8.950000000000000000e+02 2.500000000000000000e+01 4.400000000000000000e+01 0.000000000000000000e+00 1.000000000000000000e+00
8.990000000000000000e+02 1.300000000000000000e+01 2.800000000000000000e+01 1.000000000000000000e+00 1.000000000000000000e+00
9.010000000000000000e+02 2.300000000000000000e+01 1.000000000000000000e+00 0.000000000000000000e+00 1.000000000000000000e+00
9.040000000000000000e+02 2.000000000000000000e+01 3.400000000000000000e+01 0.000000000000000000e+00 1.000000000000000000e+00
9.060000000000000000e+02 1.800000000000000000e+01 3.200000000000000000e+01 1.000000000000000000e+00 1.000000000000000000e+00
9.090000000000000000e+02 1.700000000000000000e+01 2.600000000000000000e+01 1.000000000000000000e+00 1.000000000000000000e+00
9.110000000000000000e+02 9.000000000000000000e+00 3.800000000000000000e+01 1.000000000000000000e+00 1.000000000000000000e+00
9.120000000000000000e+02 9.000000000000000000e+00 3.800000000000000000e+01 1.000000000000000000e+00 1.000000000000000000e+00
9.140000000000000000e+02 1.600000000000000000e+01 2.900000000000000000e+01 0.000000000000000000e+00 1.000000000000000000e+00
9.170000000000000000e+02 1.600000000000000000e+01 2.700000000000000000e+01 1.000000000000000000e+00 1.000000000000000000e+00
9.200000000000000000e+02 2.100000000000000000e+01 8.000000000000000000e+00 1.000000000000000000e+00 1.000000000000000000e+00
9.240000000000000000e+02 2.000000000000000000e+01 1.900000000000000000e+01 1.000000000000000000e+00 1.000000000000000000e+00
9.300000000000000000e+02 2.000000000000000000e+01 3.200000000000000000e+01 0.000000000000000000e+00 1.000000000000000000e+00
9.320000000000000000e+02 1.700000000000000000e+01 3.500000000000000000e+01 0.000000000000000000e+00 1.000000000000000000e+00
9.340000000000000000e+02 1.500000000000000000e+01 2.300000000000000000e+01 1.000000000000000000e+00 1.000000000000000000e+00
9.390000000000000000e+02 1.600000000000000000e+01 3.000000000000000000e+01 0.000000000000000000e+00 1.000000000000000000e+00
9.420000000000000000e+02 1.900000000000000000e+01 2.800000000000000000e+01 0.000000000000000000e+00 1.000000000000000000e+00
9.420000000000000000e+02 1.200000000000000000e+01 2.900000000000000000e+01 1.000000000000000000e+00 1.000000000000000000e+00
9.420000000000000000e+02 2.200000000000000000e+01 1.400000000000000000e+01 0.000000000000000000e+00 1.000000000000000000e+00
9.460000000000000000e+02 1.600000000000000000e+01 4.600000000000000000e+01 0.000000000000000000e+00 1.000000000000000000e+00
9.480000000000000000e+02 1.300000000000000000e+01 2.900000000000000000e+01 1.000000000000000000e+00 1.000000000000000000e+00
9.500000000000000000e+02 9.000000000000000000e+00 2.800000000000000000e+01 1.000000000000000000e+00 1.000000000000000000e+00
9.510000000000000000e+02 9.000000000000000000e+00 2.800000000000000000e+01 1.000000000000000000e+00 1.000000000000000000e+00
9.580000000000000000e+02 9.000000000000000000e+00 3.900000000000000000e+01 1.000000000000000000e+00 1.000000000000000000e+00
9.640000000000000000e+02 2.000000000000000000e+01 2.100000000000000000e+01 1.000000000000000000e+00 1.000000000000000000e+00
9.790000000000000000e+02 1.900000000000000000e+01 2.500000000000000000e+01 1.000000000000000000e+00 1.000000000000000000e+00
9.790000000000000000e+02 1.400000000000000000e+01 2.700000000000000000e+01 1.000000000000000000e+00 1.000000000000000000e+00
9.820000000000000000e+02 2.200000000000000000e+01 1.500000000000000000e+01 0.000000000000000000e+00 1.000000000000000000e+00
9.870000000000000000e+02 1.900000000000000000e+01 2.900000000000000000e+01 0.000000000000000000e+00 1.000000000000000000e+00
9.890000000000000000e+02 1.400000000000000000e+01 3.600000000000000000e+01 0.000000000000000000e+00 1.000000000000000000e+00
9.890000000000000000e+02 2.900000000000000000e+01 4.000000000000000000e+01 0.000000000000000000e+00 1.000000000000000000e+00
9.920000000000000000e+02 1.400000000000000000e+01 4.200000000000000000e+01 0.000000000000000000e+00 1.000000000000000000e+00
9.930000000000000000e+02 2.500000000000000000e+01 2.700000000000000000e+01 1.000000000000000000e+00 1.000000000000000000e+00
9.930000000000000000e+02 2.100000000000000000e+01 7.000000000000000000e+00 1.000000000000000000e+00 1.000000000000000000e+00
9.940000000000000000e+02 1.600000000000000000e+01 2.600000000000000000e+01 1.000000000000000000e+00 1.000000000000000000e+00
9.940000000000000000e+02 1.000000000000000000e+01 3.300000000000000000e+01 1.000000000000000000e+00 1.000000000000000000e+00
9.970000000000000000e+02 1.000000000000000000e+01 3.300000000000000000e+01 1.000000000000000000e+00 1.000000000000000000e+00
9.970000000000000000e+02 1.000000000000000000e+01 4.000000000000000000e+01 1.000000000000000000e+00 1.000000000000000000e+00
9.970000000000000000e+02 9.000000000000000000e+00 3.600000000000000000e+01 1.000000000000000000e+00 1.000000000000000000e+00
9.970000000000000000e+02 9.000000000000000000e+00 3.600000000000000000e+01 1.000000000000000000e+00 1.000000000000000000e+00
9.980000000000000000e+02 9.000000000000000000e+00 3.600000000000000000e+01 1.000000000000000000e+00 1.000000000000000000e+00
9.980000000000000000e+02 2.000000000000000000e+01 4.400000000000000000e+01 0.000000000000000000e+00 1.000000000000000000e+00
9.990000000000000000e+02 2.100000000000000000e+01 4.700000000000000000e+01 0.000000000000000000e+00 1.000000000000000000e+00
9.990000000000000000e+02 9.000000000000000000e+00 3.500000000000000000e+01 1.000000000000000000e+00 1.000000000000000000e+00
9.990000000000000000e+02 1.600000000000000000e+01 3.500000000000000000e+01 0.000000000000000000e+00 1.000000000000000000e+00
