0.000000000000000000e+00 3.400000000000000000e+01 2.300000000000000000e+01 0.000000000000000000e+00 1.000000000000000000e+00
1.680999999999999872e+01 4.200000000000000000e+01 2.000000000000000000e+01 1.000000000000000000e+00 1.000000000000000000e+00
2.292000000000000171e+01 4.200000000000000000e+01 2.000000000000000000e+01 1.000000000000000000e+00 1.000000000000000000e+00
2.969000000000000128e+01 3.800000000000000000e+01 2.300000000000000000e+01 0.000000000000000000e+00 1.000000000000000000e+00
3.285000000000000142e+01 3.800000000000000000e+01 2.300000000000000000e+01 0.000000000000000000e+00 1.000000000000000000e+00
3.492999999999999972e+01 3.400000000000000000e+01 2.400000000000000000e+01 0.000000000000000000e+00 1.000000000000000000e+00
4.170000000000000284e+01 3.500000000000000000e+01 2.600000000000000000e+01 0.000000000000000000e+00 1.000000000000000000e+00
4.282000000000000028e+01 3.500000000000000000e+01 2.600000000000000000e+01 0.000000000000000000e+00 1.000000000000000000e+00
4.985000000000000142e+01 4.100000000000000000e+01 2.700000000000000000e+01 0.000000000000000000e+00 1.000000000000000000e+00
5.085999999999999943e+01 3.700000000000000000e+01 2.800000000000000000e+01 0.000000000000000000e+00 1.000000000000000000e+00
5.661999999999999744e+01 3.600000000000000000e+01 1.900000000000000000e+01 1.000000000000000000e+00 1.000000000000000000e+00
5.824000000000000199e+01 3.400000000000000000e+01 2.300000000000000000e+01 0.000000000000000000e+00 1.000000000000000000e+00
5.957999999999999829e+01 3.800000000000000000e+01 2.800000000000000000e+01 0.000000000000000000e+00 1.000000000000000000e+00
6.059000000000000341e+01 3.600000000000000000e+01 2.600000000000000000e+01 0.000000000000000000e+00 1.000000000000000000e+00
6.252000000000000313e+01 3.900000000000000000e+01 2.800000000000000000e+01 0.000000000000000000e+00 1.000000000000000000e+00
6.860999999999999943e+01 3.600000000000000000e+01 4.200000000000000000e+01 1.000000000000000000e+00 1.000000000000000000e+00
6.862000000000000455e+01 4.300000000000000000e+01 2.000000000000000000e+01 1.000000000000000000e+00 1.000000000000000000e+00
6.862999999999999545e+01 4.300000000000000000e+01 2.000000000000000000e+01 1.000000000000000000e+00 1.000000000000000000e+00
7.089000000000000057e+01 4.300000000000000000e+01 2.000000000000000000e+01 1.000000000000000000e+00 1.000000000000000000e+00
7.462000000000000455e+01 3.800000000000000000e+01 1.900000000000000000e+01 1.000000000000000000e+00 1.000000000000000000e+00
7.462999999999999545e+01 3.900000000000000000e+01 1.800000000000000000e+01 1.000000000000000000e+00 1.000000000000000000e+00
7.487000000000000455e+01 3.900000000000000000e+01 1.800000000000000000e+01 1.000000000000000000e+00 1.000000000000000000e+00
7.628000000000000114e+01 3.400000000000000000e+01 2.500000000000000000e+01 0.000000000000000000e+00 1.000000000000000000e+00
7.890999999999999659e+01 3.800000000000000000e+01 1.700000000000000000e+01 0.000000000000000000e+00 1.000000000000000000e+00
7.892000000000000171e+01 4.300000000000000000e+01 2.100000000000000000e+01 1.000000000000000000e+00 1.000000000000000000e+00
8.132999999999999829e+01 4.300000000000000000e+01 2.100000000000000000e+01 1.000000000000000000e+00 1.000000000000000000e+00
8.292000000000000171e+01 4.200000000000000000e+01 2.700000000000000000e+01 0.000000000000000000e+00 1.000000000000000000e+00
8.668999999999999773e+01 3.900000000000000000e+01 1.100000000000000000e+01 1.000000000000000000e+00 1.000000000000000000e+00
9.345999999999999375e+01 3.600000000000000000e+01 2.700000000000000000e+01 0.000000000000000000e+00 1.000000000000000000e+00
9.404999999999999716e+01 3.600000000000000000e+01 2.700000000000000000e+01 0.000000000000000000e+00 1.000000000000000000e+00
9.723000000000000398e+01 4.100000000000000000e+01 1.900000000000000000e+01 1.000000000000000000e+00 1.000000000000000000e+00
1.034699999999999989e+02 3.700000000000000000e+01 1.900000000000000000e+01 1.000000000000000000e+00 1.000000000000000000e+00
1.080499999999999972e+02 3.400000000000000000e+01 2.400000000000000000e+01 0.000000000000000000e+00 1.000000000000000000e+00
1.106400000000000006e+02 3.500000000000000000e+01 2.400000000000000000e+01 0.000000000000000000e+00 1.000000000000000000e+00
1.107399999999999949e+02 4.000000000000000000e+01 1.900000000000000000e+01 1.000000000000000000e+00 1.000000000000000000e+00
1.147099999999999937e+02 3.400000000000000000e+01 2.200000000000000000e+01 0.000000000000000000e+00 1.000000000000000000e+00
1.241400000000000006e+02 3.700000000000000000e+01 2.800000000000000000e+01 0.000000000000000000e+00 1.000000000000000000e+00
1.272300000000000040e+02 3.800000000000000000e+01 2.000000000000000000e+01 1.000000000000000000e+00 1.000000000000000000e+00
1.306299999999999955e+02 3.500000000000000000e+01 2.500000000000000000e+01 0.000000000000000000e+00 1.000000000000000000e+00
1.325800000000000125e+02 3.500000000000000000e+01 2.700000000000000000e+01 0.000000000000000000e+00 1.000000000000000000e+00
1.475300000000000011e+02 4.200000000000000000e+01 1.900000000000000000e+01 1.000000000000000000e+00 1.000000000000000000e+00
1.475900000000000034e+02 3.600000000000000000e+01 2.000000000000000000e+01 1.000000000000000000e+00 1.000000000000000000e+00
1.476200000000000045e+02 3.600000000000000000e+01 2.700000000000000000e+01 0.000000000000000000e+00 1.000000000000000000e+00
1.484799999999999898e+02 3.700000000000000000e+01 0.000000000000000000e+00 0.000000000000000000e+00 1.000000000000000000e+00
1.577599999999999909e+02 3.500000000000000000e+01 2.400000000000000000e+01 0.000000000000000000e+00 1.000000000000000000e+00
1.644499999999999886e+02 3.700000000000000000e+01 1.900000000000000000e+01 1.000000000000000000e+00 1.000000000000000000e+00
1.653600000000000136e+02 3.700000000000000000e+01 2.800000000000000000e+01 0.000000000000000000e+00 1.000000000000000000e+00
1.709499999999999886e+02 3.900000000000000000e+01 1.900000000000000000e+01 1.000000000000000000e+00 1.000000000000000000e+00
1.717700000000000102e+02 3.600000000000000000e+01 2.000000000000000000e+01 1.000000000000000000e+00 1.000000000000000000e+00
1.719699999999999989e+02 3.500000000000000000e+01 2.700000000000000000e+01 0.000000000000000000e+00 1.000000000000000000e+00
1.783199999999999932e+02 3.500000000000000000e+01 2.000000000000000000e+01 1.000000000000000000e+00 1.000000000000000000e+00
1.850900000000000034e+02 3.700000000000000000e+01 2.700000000000000000e+01 0.000000000000000000e+00 1.000000000000000000e+00
1.853799999999999955e+02 3.700000000000000000e+01 2.700000000000000000e+01 0.000000000000000000e+00 1.000000000000000000e+00
1.921500000000000057e+02 4.000000000000000000e+01 2.800000000000000000e+01 0.000000000000000000e+00 1.000000000000000000e+00
1.925000000000000000e+02 4.000000000000000000e+01 2.800000000000000000e+01 0.000000000000000000e+00 1.000000000000000000e+00
1.930300000000000011e+02 3.900000000000000000e+01 2.500000000000000000e+01 1.000000000000000000e+00 1.000000000000000000e+00
1.930399999999999920e+02 3.700000000000000000e+01 2.300000000000000000e+01 0.000000000000000000e+00 1.000000000000000000e+00
1.930500000000000114e+02 4.100000000000000000e+01 1.900000000000000000e+01 1.000000000000000000e+00 1.000000000000000000e+00
1.964900000000000091e+02 4.100000000000000000e+01 1.900000000000000000e+01 1.000000000000000000e+00 1.000000000000000000e+00
1.993400000000000034e+02 3.900000000000000000e+01 2.800000000000000000e+01 0.000000000000000000e+00 1.000000000000000000e+00
2.032100000000000080e+02 3.800000000000000000e+01 2.800000000000000000e+01 0.000000000000000000e+00 1.000000000000000000e+00
2.099799999999999898e+02 3.500000000000000000e+01 2.600000000000000000e+01 0.000000000000000000e+00 1.000000000000000000e+00
2.125300000000000011e+02 3.500000000000000000e+01 2.600000000000000000e+01 0.000000000000000000e+00 1.000000000000000000e+00
2.125999999999999943e+02 4.100000000000000000e+01 2.700000000000000000e+01 0.000000000000000000e+00 1.000000000000000000e+00
2.247100000000000080e+02 3.500000000000000000e+01 2.700000000000000000e+01 0.000000000000000000e+00 1.000000000000000000e+00
2.249799999999999898e+02 3.500000000000000000e+01 2.700000000000000000e+01 0.000000000000000000e+00 1.000000000000000000e+00
2.258100000000000023e+02 4.100000000000000000e+01 2.000000000000000000e+01 1.000000000000000000e+00 1.000000000000000000e+00
2.269199999999999875e+02 3.400000000000000000e+01 2.500000000000000000e+01 0.000000000000000000e+00 1.000000000000000000e+00
2.269300000000000068e+02 4.200000000000000000e+01 2.000000000000000000e+01 1.000000000000000000e+00 1.000000000000000000e+00
2.269300000000000068e+02 4.200000000000000000e+01 2.000000000000000000e+01 1.000000000000000000e+00 1.000000000000000000e+00
2.300399999999999920e+02 4.200000000000000000e+01 2.000000000000000000e+01 1.000000000000000000e+00 1.000000000000000000e+00
2.341599999999999966e+02 3.600000000000000000e+01 2.500000000000000000e+01 0.000000000000000000e+00 1.000000000000000000e+00
2.407599999999999909e+02 3.700000000000000000e+01 1.000000000000000000e+00 0.000000000000000000e+00 1.000000000000000000e+00
2.410000000000000000e+02 3.900000000000000000e+01 1.800000000000000000e+01 1.000000000000000000e+00 1.000000000000000000e+00
2.508499999999999943e+02 3.700000000000000000e+01 2.800000000000000000e+01 0.000000000000000000e+00 1.000000000000000000e+00
2.601200000000000045e+02 3.700000000000000000e+01 1.900000000000000000e+01 1.000000000000000000e+00 1.000000000000000000e+00
2.608199999999999932e+02 3.500000000000000000e+01 2.700000000000000000e+01 0.000000000000000000e+00 1.000000000000000000e+00
2.642799999999999727e+02 4.100000000000000000e+01 2.400000000000000000e+01 0.000000000000000000e+00 1.000000000000000000e+00
2.664399999999999977e+02 3.400000000000000000e+01 2.600000000000000000e+01 0.000000000000000000e+00 1.000000000000000000e+00
2.732099999999999795e+02 3.400000000000000000e+01 2.400000000000000000e+01 0.000000000000000000e+00 1.000000000000000000e+00
2.769300000000000068e+02 3.400000000000000000e+01 2.400000000000000000e+01 0.000000000000000000e+00 1.000000000000000000e+00
2.805000000000000000e+02 3.600000000000000000e+01 2.000000000000000000e+01 1.000000000000000000e+00 1.000000000000000000e+00
2.805099999999999909e+02 4.300000000000000000e+01 2.200000000000000000e+01 1.000000000000000000e+00 1.000000000000000000e+00
2.806000000000000227e+02 4.300000000000000000e+01 2.200000000000000000e+01 1.000000000000000000e+00 1.000000000000000000e+00
2.912699999999999818e+02 3.600000000000000000e+01 2.800000000000000000e+01 0.000000000000000000e+00 1.000000000000000000e+00
2.945899999999999750e+02 4.300000000000000000e+01 2.100000000000000000e+01 1.000000000000000000e+00 1.000000000000000000e+00
2.959399999999999977e+02 5.000000000000000000e+00 3.900000000000000000e+01 1.000000000000000000e+00 1.000000000000000000e+00
2.967799999999999727e+02 3.400000000000000000e+01 2.300000000000000000e+01 0.000000000000000000e+00 1.000000000000000000e+00
2.971100000000000136e+02 3.700000000000000000e+01 2.000000000000000000e+00 0.000000000000000000e+00 1.000000000000000000e+00
2.971200000000000045e+02 3.900000000000000000e+01 1.700000000000000000e+01 1.000000000000000000e+00 1.000000000000000000e+00
3.038899999999999864e+02 3.900000000000000000e+01 1.700000000000000000e+01 1.000000000000000000e+00 1.000000000000000000e+00
3.040099999999999909e+02 3.900000000000000000e+01 1.700000000000000000e+01 1.000000000000000000e+00 1.000000000000000000e+00
3.054499999999999886e+02 3.500000000000000000e+01 2.600000000000000000e+01 0.000000000000000000e+00 1.000000000000000000e+00
3.079800000000000182e+02 4.100000000000000000e+01 2.800000000000000000e+01 0.000000000000000000e+00 1.000000000000000000e+00
3.147500000000000000e+02 3.700000000000000000e+01 0.000000000000000000e+00 0.000000000000000000e+00 1.000000000000000000e+00
3.201200000000000045e+02 3.700000000000000000e+01 0.000000000000000000e+00 0.000000000000000000e+00 1.000000000000000000e+00
3.221000000000000227e+02 3.800000000000000000e+01 2.100000000000000000e+01 1.000000000000000000e+00 1.000000000000000000e+00
3.259800000000000182e+02 4.100000000000000000e+01 2.000000000000000000e+01 1.000000000000000000e+00 1.000000000000000000e+00
3.265699999999999932e+02 3.900000000000000000e+01 1.900000000000000000e+01 1.000000000000000000e+00 1.000000000000000000e+00
3.274800000000000182e+02 3.600000000000000000e+01 2.800000000000000000e+01 0.000000000000000000e+00 1.000000000000000000e+00
3.289599999999999795e+02 4.200000000000000000e+01 2.100000000000000000e+01 1.000000000000000000e+00 1.000000000000000000e+00
3.298500000000000227e+02 3.400000000000000000e+01 2.600000000000000000e+01 0.000000000000000000e+00 1.000000000000000000e+00
3.330600000000000023e+02 4.000000000000000000e+01 1.900000000000000000e+01 1.000000000000000000e+00 1.000000000000000000e+00
3.333600000000000136e+02 3.700000000000000000e+01 1.900000000000000000e+01 1.000000000000000000e+00 1.000000000000000000e+00
3.359800000000000182e+02 3.800000000000000000e+01 2.500000000000000000e+01 1.000000000000000000e+00 1.000000000000000000e+00
3.427500000000000000e+02 3.800000000000000000e+01 2.500000000000000000e+01 1.000000000000000000e+00 1.000000000000000000e+00
3.429100000000000250e+02 3.800000000000000000e+01 2.500000000000000000e+01 1.000000000000000000e+00 1.000000000000000000e+00
3.448899999999999864e+02 3.700000000000000000e+01 2.000000000000000000e+01 1.000000000000000000e+00 1.000000000000000000e+00
3.455899999999999750e+02 6.000000000000000000e+00 2.800000000000000000e+01 1.000000000000000000e+00 1.000000000000000000e+00
3.477799999999999727e+02 3.900000000000000000e+01 1.300000000000000000e+01 1.000000000000000000e+00 1.000000000000000000e+00
3.493199999999999932e+02 3.700000000000000000e+01 2.800000000000000000e+01 0.000000000000000000e+00 1.000000000000000000e+00
3.542200000000000273e+02 3.500000000000000000e+01 2.700000000000000000e+01 0.000000000000000000e+00 1.000000000000000000e+00
3.563600000000000136e+02 3.500000000000000000e+01 2.100000000000000000e+01 1.000000000000000000e+00 1.000000000000000000e+00
3.567799999999999727e+02 3.800000000000000000e+01 2.400000000000000000e+01 0.000000000000000000e+00 1.000000000000000000e+00
3.582599999999999909e+02 3.600000000000000000e+01 2.800000000000000000e+01 0.000000000000000000e+00 1.000000000000000000e+00
3.699599999999999795e+02 3.900000000000000000e+01 1.500000000000000000e+01 1.000000000000000000e+00 1.000000000000000000e+00
3.699599999999999795e+02 4.200000000000000000e+01 2.000000000000000000e+01 1.000000000000000000e+00 1.000000000000000000e+00
3.699700000000000273e+02 3.400000000000000000e+01 2.500000000000000000e+01 0.000000000000000000e+00 1.000000000000000000e+00
3.709900000000000091e+02 3.900000000000000000e+01 1.500000000000000000e+01 1.000000000000000000e+00 1.000000000000000000e+00
3.726399999999999864e+02 3.900000000000000000e+01 1.800000000000000000e+01 1.000000000000000000e+00 1.000000000000000000e+00
3.776299999999999955e+02 4.100000000000000000e+01 2.400000000000000000e+01 0.000000000000000000e+00 1.000000000000000000e+00
3.786800000000000068e+02 4.300000000000000000e+01 2.300000000000000000e+01 1.000000000000000000e+00 1.000000000000000000e+00
3.852699999999999818e+02 3.700000000000000000e+01 3.000000000000000000e+00 0.000000000000000000e+00 1.000000000000000000e+00
3.890099999999999909e+02 4.000000000000000000e+01 2.000000000000000000e+01 1.000000000000000000e+00 1.000000000000000000e+00
3.912099999999999795e+02 3.500000000000000000e+01 2.700000000000000000e+01 0.000000000000000000e+00 1.000000000000000000e+00
3.929499999999999886e+02 3.800000000000000000e+01 2.900000000000000000e+01 0.000000000000000000e+00 1.000000000000000000e+00
3.991700000000000159e+02 3.900000000000000000e+01 2.300000000000000000e+01 0.000000000000000000e+00 1.000000000000000000e+00
4.059399999999999977e+02 3.000000000000000000e+00 5.800000000000000000e+01 0.000000000000000000e+00 1.000000000000000000e+00
4.096700000000000159e+02 3.000000000000000000e+00 2.700000000000000000e+01 0.000000000000000000e+00 1.000000000000000000e+00
4.106399999999999864e+02 3.700000000000000000e+01 4.000000000000000000e+00 0.000000000000000000e+00 1.000000000000000000e+00
4.106700000000000159e+02 4.000000000000000000e+01 2.300000000000000000e+01 0.000000000000000000e+00 1.000000000000000000e+00
4.112300000000000182e+02 3.900000000000000000e+01 1.900000000000000000e+01 1.000000000000000000e+00 1.000000000000000000e+00
4.112400000000000091e+02 3.700000000000000000e+01 2.100000000000000000e+01 1.000000000000000000e+00 1.000000000000000000e+00
4.121999999999999886e+02 3.900000000000000000e+01 2.900000000000000000e+01 0.000000000000000000e+00 1.000000000000000000e+00
4.142599999999999909e+02 3.500000000000000000e+01 2.800000000000000000e+01 0.000000000000000000e+00 1.000000000000000000e+00
4.146899999999999977e+02 3.800000000000000000e+01 2.700000000000000000e+01 0.000000000000000000e+00 1.000000000000000000e+00
4.171399999999999864e+02 4.200000000000000000e+01 2.700000000000000000e+01 0.000000000000000000e+00 1.000000000000000000e+00
4.174300000000000068e+02 3.600000000000000000e+01 2.000000000000000000e+01 1.000000000000000000e+00 1.000000000000000000e+00
4.205600000000000023e+02 4.100000000000000000e+01 2.800000000000000000e+01 0.000000000000000000e+00 1.000000000000000000e+00
4.220899999999999750e+02 3.600000000000000000e+01 2.200000000000000000e+01 0.000000000000000000e+00 1.000000000000000000e+00
4.249499999999999886e+02 3.700000000000000000e+01 2.900000000000000000e+01 0.000000000000000000e+00 1.000000000000000000e+00
4.250199999999999818e+02 3.700000000000000000e+01 2.500000000000000000e+01 1.000000000000000000e+00 1.000000000000000000e+00
4.255799999999999841e+02 3.600000000000000000e+01 2.800000000000000000e+01 0.000000000000000000e+00 1.000000000000000000e+00
4.268199999999999932e+02 4.000000000000000000e+01 2.400000000000000000e+01 0.000000000000000000e+00 1.000000000000000000e+00
4.336000000000000227e+02 3.400000000000000000e+01 2.600000000000000000e+01 0.000000000000000000e+00 1.000000000000000000e+00
4.397099999999999795e+02 3.400000000000000000e+01 2.600000000000000000e+01 0.000000000000000000e+00 1.000000000000000000e+00
4.447099999999999795e+02 3.500000000000000000e+01 2.800000000000000000e+01 0.000000000000000000e+00 1.000000000000000000e+00
4.484700000000000273e+02 3.500000000000000000e+01 2.700000000000000000e+01 0.000000000000000000e+00 1.000000000000000000e+00
4.490899999999999750e+02 3.500000000000000000e+01 2.600000000000000000e+01 0.000000000000000000e+00 1.000000000000000000e+00
4.503199999999999932e+02 4.000000000000000000e+01 1.900000000000000000e+01 1.000000000000000000e+00 1.000000000000000000e+00
4.546899999999999977e+02 3.800000000000000000e+01 2.900000000000000000e+01 0.000000000000000000e+00 1.000000000000000000e+00
4.547099999999999795e+02 3.800000000000000000e+01 1.900000000000000000e+01 1.000000000000000000e+00 1.000000000000000000e+00
4.566499999999999773e+02 3.600000000000000000e+01 2.000000000000000000e+01 1.000000000000000000e+00 1.000000000000000000e+00
4.615699999999999932e+02 4.200000000000000000e+01 2.500000000000000000e+01 0.000000000000000000e+00 1.000000000000000000e+00
4.636399999999999864e+02 4.100000000000000000e+01 2.000000000000000000e+01 1.000000000000000000e+00 1.000000000000000000e+00
4.691700000000000159e+02 3.900000000000000000e+01 2.000000000000000000e+01 1.000000000000000000e+00 1.000000000000000000e+00
4.729900000000000091e+02 3.700000000000000000e+01 2.800000000000000000e+01 0.000000000000000000e+00 1.000000000000000000e+00
4.733199999999999932e+02 3.900000000000000000e+01 2.700000000000000000e+01 0.000000000000000000e+00 1.000000000000000000e+00
4.777099999999999795e+02 3.500000000000000000e+01 2.800000000000000000e+01 0.000000000000000000e+00 1.000000000000000000e+00
4.818999999999999773e+02 4.300000000000000000e+01 2.200000000000000000e+01 1.000000000000000000e+00 1.000000000000000000e+00
4.834700000000000273e+02 3.400000000000000000e+01 2.700000000000000000e+01 0.000000000000000000e+00 1.000000000000000000e+00
4.877500000000000000e+02 3.600000000000000000e+01 2.700000000000000000e+01 0.000000000000000000e+00 1.000000000000000000e+00
4.881499999999999773e+02 4.000000000000000000e+01 2.800000000000000000e+01 0.000000000000000000e+00 1.000000000000000000e+00
4.921100000000000136e+02 3.700000000000000000e+01 2.900000000000000000e+01 0.000000000000000000e+00 1.000000000000000000e+00
4.921299999999999955e+02 3.700000000000000000e+01 2.000000000000000000e+01 1.000000000000000000e+00 1.000000000000000000e+00
4.938899999999999864e+02 4.300000000000000000e+01 2.300000000000000000e+01 1.000000000000000000e+00 1.000000000000000000e+00
4.980099999999999909e+02 4.300000000000000000e+01 2.500000000000000000e+01 0.000000000000000000e+00 1.000000000000000000e+00
4.980899999999999750e+02 3.900000000000000000e+01 2.900000000000000000e+01 0.000000000000000000e+00 1.000000000000000000e+00
4.995199999999999818e+02 4.300000000000000000e+01 2.400000000000000000e+01 1.000000000000000000e+00 1.000000000000000000e+00
4.995899999999999750e+02 3.900000000000000000e+01 2.600000000000000000e+01 1.000000000000000000e+00 1.000000000000000000e+00
5.036000000000000227e+02 3.500000000000000000e+01 2.100000000000000000e+01 1.000000000000000000e+00 1.000000000000000000e+00
5.070500000000000114e+02 3.400000000000000000e+01 2.700000000000000000e+01 0.000000000000000000e+00 1.000000000000000000e+00
5.074900000000000091e+02 4.200000000000000000e+01 2.100000000000000000e+01 1.000000000000000000e+00 1.000000000000000000e+00
5.077799999999999727e+02 3.400000000000000000e+01 2.600000000000000000e+01 0.000000000000000000e+00 1.000000000000000000e+00
5.086200000000000045e+02 3.600000000000000000e+01 2.000000000000000000e+01 1.000000000000000000e+00 1.000000000000000000e+00
5.119499999999999886e+02 3.700000000000000000e+01 1.900000000000000000e+01 1.000000000000000000e+00 1.000000000000000000e+00
5.135299999999999727e+02 3.500000000000000000e+01 2.800000000000000000e+01 0.000000000000000000e+00 1.000000000000000000e+00
5.156799999999999500e+02 3.600000000000000000e+01 2.800000000000000000e+01 0.000000000000000000e+00 1.000000000000000000e+00
5.158799999999999955e+02 3.700000000000000000e+01 2.700000000000000000e+01 0.000000000000000000e+00 1.000000000000000000e+00
5.158899999999999864e+02 3.600000000000000000e+01 2.900000000000000000e+01 0.000000000000000000e+00 1.000000000000000000e+00
5.168300000000000409e+02 4.100000000000000000e+01 2.500000000000000000e+01 0.000000000000000000e+00 1.000000000000000000e+00
5.186900000000000546e+02 3.400000000000000000e+01 2.400000000000000000e+01 0.000000000000000000e+00 1.000000000000000000e+00
5.224500000000000455e+02 3.400000000000000000e+01 2.500000000000000000e+01 0.000000000000000000e+00 1.000000000000000000e+00
5.234500000000000455e+02 3.900000000000000000e+01 2.800000000000000000e+01 0.000000000000000000e+00 1.000000000000000000e+00
5.261100000000000136e+02 3.500000000000000000e+01 2.700000000000000000e+01 0.000000000000000000e+00 1.000000000000000000e+00
5.328899999999999864e+02 4.000000000000000000e+01 2.000000000000000000e+01 1.000000000000000000e+00 1.000000000000000000e+00
5.333500000000000227e+02 4.000000000000000000e+01 2.000000000000000000e+01 1.000000000000000000e+00 1.000000000000000000e+00
5.336799999999999500e+02 4.100000000000000000e+01 2.000000000000000000e+01 1.000000000000000000e+00 1.000000000000000000e+00
5.371399999999999864e+02 4.100000000000000000e+01 2.100000000000000000e+01 1.000000000000000000e+00 1.000000000000000000e+00
5.432100000000000364e+02 3.600000000000000000e+01 2.100000000000000000e+01 1.000000000000000000e+00 1.000000000000000000e+00
5.444400000000000546e+02 3.900000000000000000e+01 2.500000000000000000e+01 0.000000000000000000e+00 1.000000000000000000e+00
5.475499999999999545e+02 4.000000000000000000e+01 2.800000000000000000e+01 0.000000000000000000e+00 1.000000000000000000e+00
5.501399999999999864e+02 3.700000000000000000e+01 5.000000000000000000e+00 0.000000000000000000e+00 1.000000000000000000e+00
5.511799999999999500e+02 3.700000000000000000e+01 6.000000000000000000e+00 0.000000000000000000e+00 1.000000000000000000e+00
5.524099999999999682e+02 3.900000000000000000e+01 2.900000000000000000e+01 0.000000000000000000e+00 1.000000000000000000e+00
5.579199999999999591e+02 3.900000000000000000e+01 1.900000000000000000e+01 1.000000000000000000e+00 1.000000000000000000e+00
5.606399999999999864e+02 2.300000000000000000e+01 0.000000000000000000e+00 1.000000000000000000e+00 1.000000000000000000e+00
5.609400000000000546e+02 4.200000000000000000e+01 2.100000000000000000e+01 1.000000000000000000e+00 1.000000000000000000e+00
5.641900000000000546e+02 4.200000000000000000e+01 2.200000000000000000e+01 1.000000000000000000e+00 1.000000000000000000e+00
5.766399999999999864e+02 3.600000000000000000e+01 2.900000000000000000e+01 0.000000000000000000e+00 1.000000000000000000e+00
5.769199999999999591e+02 3.700000000000000000e+01 2.400000000000000000e+01 0.000000000000000000e+00 1.000000000000000000e+00
5.774099999999999682e+02 4.200000000000000000e+01 2.800000000000000000e+01 0.000000000000000000e+00 1.000000000000000000e+00
5.835800000000000409e+02 3.800000000000000000e+01 2.900000000000000000e+01 0.000000000000000000e+00 1.000000000000000000e+00
5.837999999999999545e+02 3.700000000000000000e+01 2.900000000000000000e+01 0.000000000000000000e+00 1.000000000000000000e+00
5.882699999999999818e+02 3.800000000000000000e+01 2.500000000000000000e+01 0.000000000000000000e+00 1.000000000000000000e+00
5.892300000000000182e+02 3.800000000000000000e+01 2.800000000000000000e+01 0.000000000000000000e+00 1.000000000000000000e+00
5.897799999999999727e+02 3.800000000000000000e+01 5.000000000000000000e+00 1.000000000000000000e+00 1.000000000000000000e+00
5.901499999999999773e+02 3.500000000000000000e+01 2.100000000000000000e+01 1.000000000000000000e+00 1.000000000000000000e+00
5.905099999999999909e+02 3.800000000000000000e+01 2.000000000000000000e+00 1.000000000000000000e+00 1.000000000000000000e+00
5.908099999999999454e+02 4.000000000000000000e+01 2.400000000000000000e+01 0.000000000000000000e+00 1.000000000000000000e+00
5.910099999999999909e+02 3.600000000000000000e+01 2.000000000000000000e+01 1.000000000000000000e+00 1.000000000000000000e+00
5.922500000000000000e+02 3.900000000000000000e+01 2.000000000000000000e+01 1.000000000000000000e+00 1.000000000000000000e+00
5.937899999999999636e+02 3.700000000000000000e+01 8.000000000000000000e+00 0.000000000000000000e+00 1.000000000000000000e+00
5.950599999999999454e+02 3.500000000000000000e+01 2.800000000000000000e+01 0.000000000000000000e+00 1.000000000000000000e+00
5.951699999999999591e+02 3.400000000000000000e+01 2.700000000000000000e+01 0.000000000000000000e+00 1.000000000000000000e+00
6.003700000000000045e+02 4.100000000000000000e+01 1.900000000000000000e+01 1.000000000000000000e+00 1.000000000000000000e+00
6.013300000000000409e+02 4.000000000000000000e+01 2.000000000000000000e+01 1.000000000000000000e+00 1.000000000000000000e+00
6.016100000000000136e+02 4.100000000000000000e+01 2.500000000000000000e+01 0.000000000000000000e+00 1.000000000000000000e+00
6.027100000000000364e+02 3.700000000000000000e+01 9.000000000000000000e+00 0.000000000000000000e+00 1.000000000000000000e+00
6.094800000000000182e+02 3.700000000000000000e+01 2.000000000000000000e+01 1.000000000000000000e+00 1.000000000000000000e+00
6.162500000000000000e+02 3.700000000000000000e+01 2.000000000000000000e+01 1.000000000000000000e+00 1.000000000000000000e+00
6.189500000000000455e+02 3.700000000000000000e+01 2.000000000000000000e+01 1.000000000000000000e+00 1.000000000000000000e+00
6.203899999999999864e+02 1.000000000000000000e+00 2.800000000000000000e+01 1.000000000000000000e+00 1.000000000000000000e+00
6.245599999999999454e+02 3.500000000000000000e+01 2.500000000000000000e+01 0.000000000000000000e+00 1.000000000000000000e+00
6.251299999999999955e+02 3.400000000000000000e+01 2.500000000000000000e+01 0.000000000000000000e+00 1.000000000000000000e+00
6.253700000000000045e+02 4.200000000000000000e+01 2.700000000000000000e+01 0.000000000000000000e+00 1.000000000000000000e+00
6.253700000000000045e+02 3.800000000000000000e+01 1.400000000000000000e+01 0.000000000000000000e+00 1.000000000000000000e+00
6.255000000000000000e+02 4.000000000000000000e+01 2.900000000000000000e+01 0.000000000000000000e+00 1.000000000000000000e+00
6.260199999999999818e+02 3.500000000000000000e+01 2.400000000000000000e+01 0.000000000000000000e+00 1.000000000000000000e+00
6.262699999999999818e+02 3.400000000000000000e+01 2.700000000000000000e+01 0.000000000000000000e+00 1.000000000000000000e+00
6.289900000000000091e+02 3.700000000000000000e+01 7.000000000000000000e+00 0.000000000000000000e+00 1.000000000000000000e+00
6.342999999999999545e+02 4.300000000000000000e+01 2.600000000000000000e+01 0.000000000000000000e+00 1.000000000000000000e+00
6.410800000000000409e+02 3.800000000000000000e+01 2.000000000000000000e+01 1.000000000000000000e+00 1.000000000000000000e+00
6.434400000000000546e+02 3.800000000000000000e+01 2.000000000000000000e+01 1.000000000000000000e+00 1.000000000000000000e+00
6.465900000000000318e+02 4.200000000000000000e+01 2.600000000000000000e+01 0.000000000000000000e+00 1.000000000000000000e+00
6.478899999999999864e+02 3.600000000000000000e+01 2.900000000000000000e+01 0.000000000000000000e+00 1.000000000000000000e+00
6.536699999999999591e+02 3.500000000000000000e+01 2.800000000000000000e+01 0.000000000000000000e+00 1.000000000000000000e+00
6.542899999999999636e+02 3.900000000000000000e+01 2.400000000000000000e+01 0.000000000000000000e+00 1.000000000000000000e+00
6.545399999999999636e+02 4.200000000000000000e+01 2.300000000000000000e+01 1.000000000000000000e+00 1.000000000000000000e+00
6.551200000000000045e+02 4.200000000000000000e+01 2.200000000000000000e+01 1.000000000000000000e+00 1.000000000000000000e+00
6.618899999999999864e+02 3.900000000000000000e+01 1.200000000000000000e+01 1.000000000000000000e+00 1.000000000000000000e+00
6.626499999999999773e+02 3.900000000000000000e+01 1.200000000000000000e+01 1.000000000000000000e+00 1.000000000000000000e+00
6.640000000000000000e+02 3.600000000000000000e+01 2.600000000000000000e+01 0.000000000000000000e+00 1.000000000000000000e+00
6.643200000000000500e+02 3.600000000000000000e+01 2.100000000000000000e+01 1.000000000000000000e+00 1.000000000000000000e+00
6.643300000000000409e+02 3.800000000000000000e+01 4.000000000000000000e+00 1.000000000000000000e+00 1.000000000000000000e+00
6.648600000000000136e+02 3.800000000000000000e+01 4.000000000000000000e+00 1.000000000000000000e+00 1.000000000000000000e+00
6.650399999999999636e+02 3.800000000000000000e+01 2.600000000000000000e+01 1.000000000000000000e+00 1.000000000000000000e+00
6.652000000000000455e+02 3.400000000000000000e+01 2.800000000000000000e+01 0.000000000000000000e+00 1.000000000000000000e+00
6.686799999999999500e+02 3.500000000000000000e+01 2.100000000000000000e+01 1.000000000000000000e+00 1.000000000000000000e+00
6.696599999999999682e+02 4.100000000000000000e+01 2.900000000000000000e+01 0.000000000000000000e+00 1.000000000000000000e+00
6.713200000000000500e+02 3.700000000000000000e+01 1.000000000000000000e+01 0.000000000000000000e+00 1.000000000000000000e+00
6.731699999999999591e+02 3.700000000000000000e+01 8.000000000000000000e+00 0.000000000000000000e+00 1.000000000000000000e+00
6.748500000000000227e+02 4.100000000000000000e+01 2.100000000000000000e+01 1.000000000000000000e+00 1.000000000000000000e+00
6.802799999999999727e+02 3.600000000000000000e+01 2.900000000000000000e+01 0.000000000000000000e+00 1.000000000000000000e+00
6.807999999999999545e+02 3.700000000000000000e+01 2.000000000000000000e+01 1.000000000000000000e+00 1.000000000000000000e+00
6.835900000000000318e+02 3.900000000000000000e+01 2.000000000000000000e+01 1.000000000000000000e+00 1.000000000000000000e+00
6.861399999999999864e+02 4.000000000000000000e+01 2.000000000000000000e+01 1.000000000000000000e+00 1.000000000000000000e+00
6.875499999999999545e+02 4.000000000000000000e+01 2.000000000000000000e+01 1.000000000000000000e+00 1.000000000000000000e+00
6.916799999999999500e+02 3.800000000000000000e+01 2.000000000000000000e+01 1.000000000000000000e+00 1.000000000000000000e+00
6.937999999999999545e+02 3.400000000000000000e+01 2.700000000000000000e+01 0.000000000000000000e+00 1.000000000000000000e+00
6.945499999999999545e+02 3.400000000000000000e+01 2.800000000000000000e+01 0.000000000000000000e+00 1.000000000000000000e+00
6.967200000000000273e+02 3.500000000000000000e+01 2.900000000000000000e+01 0.000000000000000000e+00 1.000000000000000000e+00
6.967300000000000182e+02 4.300000000000000000e+01 2.300000000000000000e+01 1.000000000000000000e+00 1.000000000000000000e+00
6.967400000000000091e+02 4.300000000000000000e+01 2.300000000000000000e+01 1.000000000000000000e+00 1.000000000000000000e+00
7.003700000000000045e+02 4.300000000000000000e+01 2.300000000000000000e+01 1.000000000000000000e+00 1.000000000000000000e+00
7.029500000000000455e+02 3.700000000000000000e+01 3.000000000000000000e+01 0.000000000000000000e+00 1.000000000000000000e+00
7.078300000000000409e+02 4.000000000000000000e+01 2.500000000000000000e+01 0.000000000000000000e+00 1.000000000000000000e+00
7.131900000000000546e+02 3.300000000000000000e+01 2.500000000000000000e+01 0.000000000000000000e+00 1.000000000000000000e+00
7.177300000000000182e+02 3.400000000000000000e+01 2.600000000000000000e+01 0.000000000000000000e+00 1.000000000000000000e+00
7.177500000000000000e+02 4.000000000000000000e+01 2.100000000000000000e+01 1.000000000000000000e+00 1.000000000000000000e+00
7.206399999999999864e+02 4.200000000000000000e+01 2.800000000000000000e+01 0.000000000000000000e+00 1.000000000000000000e+00
7.226499999999999773e+02 3.700000000000000000e+01 2.700000000000000000e+01 0.000000000000000000e+00 1.000000000000000000e+00
7.254299999999999500e+02 3.800000000000000000e+01 3.000000000000000000e+01 0.000000000000000000e+00 1.000000000000000000e+00
7.263999999999999773e+02 3.700000000000000000e+01 9.000000000000000000e+00 0.000000000000000000e+00 1.000000000000000000e+00
7.265599999999999454e+02 3.700000000000000000e+01 1.100000000000000000e+01 0.000000000000000000e+00 1.000000000000000000e+00
7.285499999999999545e+02 3.700000000000000000e+01 2.900000000000000000e+01 0.000000000000000000e+00 1.000000000000000000e+00
7.300700000000000500e+02 3.400000000000000000e+01 2.800000000000000000e+01 0.000000000000000000e+00 1.000000000000000000e+00
7.304900000000000091e+02 3.800000000000000000e+01 1.800000000000000000e+01 1.000000000000000000e+00 1.000000000000000000e+00
7.323799999999999955e+02 3.800000000000000000e+01 7.000000000000000000e+00 1.000000000000000000e+00 1.000000000000000000e+00
7.326399999999999864e+02 3.900000000000000000e+01 3.000000000000000000e+01 0.000000000000000000e+00 1.000000000000000000e+00
7.327799999999999727e+02 3.800000000000000000e+01 2.100000000000000000e+01 1.000000000000000000e+00 1.000000000000000000e+00
7.345499999999999545e+02 3.900000000000000000e+01 2.000000000000000000e+01 1.000000000000000000e+00 1.000000000000000000e+00
7.362200000000000273e+02 3.700000000000000000e+01 3.000000000000000000e+01 0.000000000000000000e+00 1.000000000000000000e+00
7.364199999999999591e+02 3.500000000000000000e+01 2.700000000000000000e+01 0.000000000000000000e+00 1.000000000000000000e+00
7.375299999999999727e+02 3.600000000000000000e+01 2.000000000000000000e+01 1.000000000000000000e+00 1.000000000000000000e+00
7.395499999999999545e+02 3.700000000000000000e+01 2.500000000000000000e+01 0.000000000000000000e+00 1.000000000000000000e+00
7.412000000000000455e+02 3.500000000000000000e+01 2.900000000000000000e+01 0.000000000000000000e+00 1.000000000000000000e+00
7.412400000000000091e+02 1.800000000000000000e+01 2.000000000000000000e+00 1.000000000000000000e+00 1.000000000000000000e+00
7.419500000000000455e+02 3.500000000000000000e+01 2.200000000000000000e+01 1.000000000000000000e+00 1.000000000000000000e+00
7.428799999999999955e+02 3.400000000000000000e+01 2.200000000000000000e+01 1.000000000000000000e+00 1.000000000000000000e+00
7.469700000000000273e+02 3.600000000000000000e+01 2.900000000000000000e+01 0.000000000000000000e+00 1.000000000000000000e+00
7.533500000000000227e+02 3.800000000000000000e+01 3.000000000000000000e+00 1.000000000000000000e+00 1.000000000000000000e+00
7.587999999999999545e+02 3.800000000000000000e+01 2.200000000000000000e+01 1.000000000000000000e+00 1.000000000000000000e+00
7.605700000000000500e+02 3.900000000000000000e+01 2.900000000000000000e+01 0.000000000000000000e+00 1.000000000000000000e+00
7.611900000000000546e+02 3.300000000000000000e+01 2.600000000000000000e+01 0.000000000000000000e+00 1.000000000000000000e+00
7.625299999999999727e+02 3.800000000000000000e+01 0.000000000000000000e+00 1.000000000000000000e+00 1.000000000000000000e+00
7.640599999999999454e+02 3.700000000000000000e+01 2.000000000000000000e+01 1.000000000000000000e+00 1.000000000000000000e+00
7.651799999999999500e+02 3.400000000000000000e+01 2.700000000000000000e+01 0.000000000000000000e+00 1.000000000000000000e+00
7.651900000000000546e+02 4.200000000000000000e+01 2.200000000000000000e+01 1.000000000000000000e+00 1.000000000000000000e+00
7.655199999999999818e+02 4.200000000000000000e+01 2.200000000000000000e+01 1.000000000000000000e+00 1.000000000000000000e+00
7.684099999999999682e+02 4.100000000000000000e+01 2.900000000000000000e+01 0.000000000000000000e+00 1.000000000000000000e+00
7.695700000000000500e+02 3.700000000000000000e+01 3.000000000000000000e+01 0.000000000000000000e+00 1.000000000000000000e+00
7.706399999999999864e+02 4.000000000000000000e+01 1.800000000000000000e+01 1.000000000000000000e+00 1.000000000000000000e+00
7.757799999999999727e+02 3.300000000000000000e+01 2.400000000000000000e+01 0.000000000000000000e+00 1.000000000000000000e+00
7.757899999999999636e+02 3.500000000000000000e+01 2.800000000000000000e+01 0.000000000000000000e+00 1.000000000000000000e+00
7.783999999999999773e+02 3.800000000000000000e+01 2.800000000000000000e+01 0.000000000000000000e+00 1.000000000000000000e+00
7.804099999999999682e+02 4.100000000000000000e+01 2.100000000000000000e+01 1.000000000000000000e+00 1.000000000000000000e+00
7.842300000000000182e+02 3.800000000000000000e+01 1.900000000000000000e+01 1.000000000000000000e+00 1.000000000000000000e+00
7.852000000000000455e+02 3.800000000000000000e+01 8.000000000000000000e+00 1.000000000000000000e+00 1.000000000000000000e+00
7.919700000000000273e+02 3.600000000000000000e+01 2.100000000000000000e+01 1.000000000000000000e+00 1.000000000000000000e+00
7.919800000000000182e+02 3.600000000000000000e+01 2.100000000000000000e+01 1.000000000000000000e+00 1.000000000000000000e+00
7.925299999999999727e+02 3.700000000000000000e+01 3.000000000000000000e+01 0.000000000000000000e+00 1.000000000000000000e+00
7.936200000000000045e+02 3.700000000000000000e+01 1.400000000000000000e+01 0.000000000000000000e+00 1.000000000000000000e+00
7.944500000000000455e+02 3.400000000000000000e+01 2.800000000000000000e+01 0.000000000000000000e+00 1.000000000000000000e+00
7.946000000000000227e+02 3.800000000000000000e+01 3.000000000000000000e+01 0.000000000000000000e+00 1.000000000000000000e+00
7.953899999999999864e+02 3.300000000000000000e+01 2.500000000000000000e+01 0.000000000000000000e+00 1.000000000000000000e+00
7.955099999999999909e+02 3.900000000000000000e+01 1.600000000000000000e+01 1.000000000000000000e+00 1.000000000000000000e+00
7.955900000000000318e+02 3.500000000000000000e+01 2.800000000000000000e+01 0.000000000000000000e+00 1.000000000000000000e+00
7.956299999999999955e+02 3.500000000000000000e+01 2.900000000000000000e+01 0.000000000000000000e+00 1.000000000000000000e+00
7.957100000000000364e+02 4.000000000000000000e+01 2.900000000000000000e+01 0.000000000000000000e+00 1.000000000000000000e+00
7.960000000000000000e+02 3.900000000000000000e+01 2.500000000000000000e+01 0.000000000000000000e+00 1.000000000000000000e+00
7.982200000000000273e+02 3.700000000000000000e+01 2.100000000000000000e+01 1.000000000000000000e+00 1.000000000000000000e+00
7.983200000000000500e+02 4.000000000000000000e+01 3.000000000000000000e+01 0.000000000000000000e+00 1.000000000000000000e+00
8.003700000000000045e+02 3.900000000000000000e+01 2.100000000000000000e+01 1.000000000000000000e+00 1.000000000000000000e+00
8.012300000000000182e+02 3.500000000000000000e+01 2.100000000000000000e+01 1.000000000000000000e+00 1.000000000000000000e+00
8.015700000000000500e+02 3.700000000000000000e+01 1.000000000000000000e+01 0.000000000000000000e+00 1.000000000000000000e+00
8.083400000000000318e+02 3.700000000000000000e+01 1.200000000000000000e+01 0.000000000000000000e+00 1.000000000000000000e+00
8.091599999999999682e+02 3.700000000000000000e+01 1.200000000000000000e+01 0.000000000000000000e+00 1.000000000000000000e+00
8.111799999999999500e+02 3.900000000000000000e+01 3.000000000000000000e+01 0.000000000000000000e+00 1.000000000000000000e+00
8.153500000000000227e+02 3.700000000000000000e+01 1.100000000000000000e+01 0.000000000000000000e+00 1.000000000000000000e+00
8.197699999999999818e+02 3.600000000000000000e+01 3.000000000000000000e+01 0.000000000000000000e+00 1.000000000000000000e+00
8.201000000000000227e+02 3.800000000000000000e+01 2.400000000000000000e+01 0.000000000000000000e+00 1.000000000000000000e+00
8.216200000000000045e+02 3.600000000000000000e+01 2.700000000000000000e+01 0.000000000000000000e+00 1.000000000000000000e+00
8.218700000000000045e+02 4.200000000000000000e+01 2.100000000000000000e+01 1.000000000000000000e+00 1.000000000000000000e+00
8.227400000000000091e+02 3.600000000000000000e+01 2.800000000000000000e+01 0.000000000000000000e+00 1.000000000000000000e+00
8.244099999999999682e+02 4.000000000000000000e+01 2.100000000000000000e+01 1.000000000000000000e+00 1.000000000000000000e+00
8.255800000000000409e+02 3.700000000000000000e+01 2.500000000000000000e+01 0.000000000000000000e+00 1.000000000000000000e+00
8.256299999999999955e+02 3.800000000000000000e+01 6.000000000000000000e+00 1.000000000000000000e+00 1.000000000000000000e+00
8.256399999999999864e+02 4.300000000000000000e+01 2.400000000000000000e+01 1.000000000000000000e+00 1.000000000000000000e+00
8.324099999999999682e+02 4.300000000000000000e+01 2.400000000000000000e+01 1.000000000000000000e+00 1.000000000000000000e+00
8.329099999999999682e+02 4.300000000000000000e+01 2.400000000000000000e+01 1.000000000000000000e+00 1.000000000000000000e+00
8.329199999999999591e+02 1.100000000000000000e+01 3.600000000000000000e+01 1.000000000000000000e+00 1.000000000000000000e+00
8.396900000000000546e+02 1.100000000000000000e+01 3.600000000000000000e+01 1.000000000000000000e+00 1.000000000000000000e+00
8.408200000000000500e+02 1.100000000000000000e+01 3.600000000000000000e+01 1.000000000000000000e+00 1.000000000000000000e+00
8.415800000000000409e+02 3.700000000000000000e+01 3.000000000000000000e+01 0.000000000000000000e+00 1.000000000000000000e+00
8.448099999999999454e+02 3.400000000000000000e+01 2.800000000000000000e+01 0.000000000000000000e+00 1.000000000000000000e+00
8.479099999999999682e+02 1.000000000000000000e+00 4.100000000000000000e+01 0.000000000000000000e+00 1.000000000000000000e+00
8.490000000000000000e+02 3.800000000000000000e+01 9.000000000000000000e+00 1.000000000000000000e+00 1.000000000000000000e+00
8.501299999999999955e+02 4.100000000000000000e+01 2.200000000000000000e+01 1.000000000000000000e+00 1.000000000000000000e+00
8.502100000000000364e+02 3.300000000000000000e+01 2.600000000000000000e+01 0.000000000000000000e+00 1.000000000000000000e+00
8.504099999999999682e+02 3.500000000000000000e+01 2.200000000000000000e+01 1.000000000000000000e+00 1.000000000000000000e+00
8.510399999999999636e+02 3.600000000000000000e+01 3.000000000000000000e+01 0.000000000000000000e+00 1.000000000000000000e+00
8.510700000000000500e+02 3.300000000000000000e+01 2.500000000000000000e+01 0.000000000000000000e+00 1.000000000000000000e+00
8.522000000000000455e+02 3.500000000000000000e+01 2.700000000000000000e+01 0.000000000000000000e+00 1.000000000000000000e+00
8.522000000000000455e+02 3.500000000000000000e+01 2.600000000000000000e+01 0.000000000000000000e+00 1.000000000000000000e+00
8.523799999999999955e+02 3.800000000000000000e+01 1.100000000000000000e+01 1.000000000000000000e+00 1.000000000000000000e+00
8.538600000000000136e+02 4.100000000000000000e+01 2.600000000000000000e+01 0.000000000000000000e+00 1.000000000000000000e+00
8.541799999999999500e+02 3.500000000000000000e+01 2.900000000000000000e+01 0.000000000000000000e+00 1.000000000000000000e+00
8.559800000000000182e+02 3.800000000000000000e+01 2.000000000000000000e+01 1.000000000000000000e+00 1.000000000000000000e+00
8.559900000000000091e+02 3.900000000000000000e+01 2.000000000000000000e+01 1.000000000000000000e+00 1.000000000000000000e+00
8.575299999999999727e+02 3.900000000000000000e+01 2.000000000000000000e+01 1.000000000000000000e+00 1.000000000000000000e+00
8.631299999999999955e+02 3.900000000000000000e+01 1.900000000000000000e+01 1.000000000000000000e+00 1.000000000000000000e+00
8.657400000000000091e+02 3.700000000000000000e+01 1.300000000000000000e+01 0.000000000000000000e+00 1.000000000000000000e+00
8.682400000000000091e+02 2.000000000000000000e+00 1.200000000000000000e+01 0.000000000000000000e+00 1.000000000000000000e+00
8.747699999999999818e+02 4.200000000000000000e+01 2.200000000000000000e+01 1.000000000000000000e+00 1.000000000000000000e+00
8.762400000000000091e+02 3.400000000000000000e+01 2.800000000000000000e+01 0.000000000000000000e+00 1.000000000000000000e+00
8.783200000000000500e+02 3.400000000000000000e+01 2.700000000000000000e+01 0.000000000000000000e+00 1.000000000000000000e+00
8.797799999999999727e+02 4.000000000000000000e+01 2.500000000000000000e+01 0.000000000000000000e+00 1.000000000000000000e+00
8.865599999999999454e+02 3.700000000000000000e+01 2.200000000000000000e+01 1.000000000000000000e+00 1.000000000000000000e+00
8.885599999999999454e+02 3.700000000000000000e+01 2.200000000000000000e+01 1.000000000000000000e+00 1.000000000000000000e+00
8.898600000000000136e+02 3.400000000000000000e+01 2.900000000000000000e+01 0.000000000000000000e+00 1.000000000000000000e+00
8.915000000000000000e+02 3.500000000000000000e+01 2.600000000000000000e+01 0.000000000000000000e+00 1.000000000000000000e+00
8.931799999999999500e+02 3.600000000000000000e+01 2.100000000000000000e+01 1.000000000000000000e+00 1.000000000000000000e+00
8.940499999999999545e+02 4.200000000000000000e+01 2.600000000000000000e+01 0.000000000000000000e+00 1.000000000000000000e+00
8.965900000000000318e+02 3.700000000000000000e+01 1.500000000000000000e+01 0.000000000000000000e+00 1.000000000000000000e+00
8.966599999999999682e+02 3.300000000000000000e+01 2.700000000000000000e+01 0.000000000000000000e+00 1.000000000000000000e+00
8.984199999999999591e+02 3.700000000000000000e+01 3.000000000000000000e+01 0.000000000000000000e+00 1.000000000000000000e+00
8.991399999999999864e+02 4.000000000000000000e+01 3.000000000000000000e+01 0.000000000000000000e+00 1.000000000000000000e+00
9.050599999999999454e+02 3.700000000000000000e+01 2.100000000000000000e+01 1.000000000000000000e+00 1.000000000000000000e+00
9.075299999999999727e+02 3.900000000000000000e+01 2.900000000000000000e+01 0.000000000000000000e+00 1.000000000000000000e+00
9.098300000000000409e+02 4.200000000000000000e+01 2.300000000000000000e+01 1.000000000000000000e+00 1.000000000000000000e+00
9.098400000000000318e+02 4.000000000000000000e+01 2.100000000000000000e+01 1.000000000000000000e+00 1.000000000000000000e+00
9.101200000000000045e+02 4.000000000000000000e+01 2.100000000000000000e+01 1.000000000000000000e+00 1.000000000000000000e+00
9.131000000000000227e+02 3.500000000000000000e+01 2.900000000000000000e+01 0.000000000000000000e+00 1.000000000000000000e+00
9.137699999999999818e+02 3.600000000000000000e+01 3.000000000000000000e+01 0.000000000000000000e+00 1.000000000000000000e+00
9.148200000000000500e+02 3.700000000000000000e+01 2.800000000000000000e+01 0.000000000000000000e+00 1.000000000000000000e+00
9.148500000000000227e+02 3.900000000000000000e+01 2.100000000000000000e+01 1.000000000000000000e+00 1.000000000000000000e+00
9.162400000000000091e+02 3.700000000000000000e+01 1.400000000000000000e+01 0.000000000000000000e+00 1.000000000000000000e+00
9.172100000000000364e+02 3.500000000000000000e+01 2.700000000000000000e+01 0.000000000000000000e+00 1.000000000000000000e+00
9.195399999999999636e+02 3.300000000000000000e+01 2.700000000000000000e+01 0.000000000000000000e+00 1.000000000000000000e+00
9.215700000000000500e+02 3.400000000000000000e+01 2.900000000000000000e+01 0.000000000000000000e+00 1.000000000000000000e+00
9.216399999999999864e+02 4.100000000000000000e+01 2.200000000000000000e+01 1.000000000000000000e+00 1.000000000000000000e+00
9.227100000000000364e+02 3.800000000000000000e+01 2.100000000000000000e+01 1.000000000000000000e+00 1.000000000000000000e+00
9.240700000000000500e+02 3.300000000000000000e+01 2.600000000000000000e+01 0.000000000000000000e+00 1.000000000000000000e+00
9.253500000000000227e+02 3.800000000000000000e+01 2.600000000000000000e+01 0.000000000000000000e+00 1.000000000000000000e+00
9.286399999999999864e+02 3.800000000000000000e+01 3.100000000000000000e+01 0.000000000000000000e+00 1.000000000000000000e+00
9.288700000000000045e+02 3.600000000000000000e+01 2.200000000000000000e+01 1.000000000000000000e+00 1.000000000000000000e+00
9.348400000000000318e+02 3.600000000000000000e+01 2.900000000000000000e+01 0.000000000000000000e+00 1.000000000000000000e+00
9.350700000000000500e+02 4.100000000000000000e+01 2.000000000000000000e+01 1.000000000000000000e+00 1.000000000000000000e+00
9.353999999999999773e+02 4.200000000000000000e+01 2.800000000000000000e+01 0.000000000000000000e+00 1.000000000000000000e+00
9.390700000000000500e+02 4.300000000000000000e+01 2.500000000000000000e+01 1.000000000000000000e+00 1.000000000000000000e+00
9.399600000000000364e+02 4.300000000000000000e+01 2.500000000000000000e+01 1.000000000000000000e+00 1.000000000000000000e+00
9.399700000000000273e+02 3.800000000000000000e+01 1.000000000000000000e+01 1.000000000000000000e+00 1.000000000000000000e+00
9.413400000000000318e+02 3.800000000000000000e+01 1.000000000000000000e+01 1.000000000000000000e+00 1.000000000000000000e+00
9.415499999999999545e+02 3.500000000000000000e+01 3.000000000000000000e+01 0.000000000000000000e+00 1.000000000000000000e+00
9.426299999999999955e+02 3.400000000000000000e+01 2.800000000000000000e+01 0.000000000000000000e+00 1.000000000000000000e+00
9.440599999999999454e+02 3.800000000000000000e+01 2.300000000000000000e+01 1.000000000000000000e+00 1.000000000000000000e+00
9.446599999999999682e+02 3.800000000000000000e+01 2.700000000000000000e+01 1.000000000000000000e+00 1.000000000000000000e+00
9.464600000000000364e+02 4.100000000000000000e+01 3.000000000000000000e+01 0.000000000000000000e+00 1.000000000000000000e+00
9.476200000000000045e+02 3.400000000000000000e+01 2.900000000000000000e+01 0.000000000000000000e+00 1.000000000000000000e+00
9.528400000000000318e+02 3.900000000000000000e+01 2.200000000000000000e+01 1.000000000000000000e+00 1.000000000000000000e+00
9.537500000000000000e+02 3.700000000000000000e+01 3.100000000000000000e+01 0.000000000000000000e+00 1.000000000000000000e+00
9.540099999999999909e+02 3.700000000000000000e+01 1.600000000000000000e+01 0.000000000000000000e+00 1.000000000000000000e+00
9.544900000000000091e+02 4.100000000000000000e+01 2.100000000000000000e+01 1.000000000000000000e+00 1.000000000000000000e+00
9.546000000000000227e+02 3.800000000000000000e+01 3.000000000000000000e+01 0.000000000000000000e+00 1.000000000000000000e+00
9.614099999999999682e+02 3.800000000000000000e+01 2.500000000000000000e+01 0.000000000000000000e+00 1.000000000000000000e+00
9.628899999999999864e+02 3.900000000000000000e+01 2.500000000000000000e+01 0.000000000000000000e+00 1.000000000000000000e+00
9.713899999999999864e+02 3.500000000000000000e+01 2.200000000000000000e+01 1.000000000000000000e+00 1.000000000000000000e+00
9.732300000000000182e+02 4.000000000000000000e+01 2.200000000000000000e+01 1.000000000000000000e+00 1.000000000000000000e+00
9.746900000000000546e+02 3.300000000000000000e+01 2.700000000000000000e+01 0.000000000000000000e+00 1.000000000000000000e+00
9.749700000000000273e+02 3.000000000000000000e+00 2.400000000000000000e+01 1.000000000000000000e+00 1.000000000000000000e+00
9.754400000000000546e+02 4.000000000000000000e+00 7.700000000000000000e+01 0.000000000000000000e+00 1.000000000000000000e+00
9.779299999999999500e+02 3.900000000000000000e+01 2.100000000000000000e+01 1.000000000000000000e+00 1.000000000000000000e+00
9.780199999999999818e+02 3.900000000000000000e+01 2.600000000000000000e+01 0.000000000000000000e+00 1.000000000000000000e+00
9.786599999999999682e+02 3.300000000000000000e+01 2.800000000000000000e+01 0.000000000000000000e+00 1.000000000000000000e+00
9.787400000000000091e+02 3.900000000000000000e+01 3.000000000000000000e+01 0.000000000000000000e+00 1.000000000000000000e+00
9.806599999999999682e+02 3.500000000000000000e+01 3.000000000000000000e+01 0.000000000000000000e+00 1.000000000000000000e+00
9.843700000000000045e+02 3.700000000000000000e+01 1.800000000000000000e+01 0.000000000000000000e+00 1.000000000000000000e+00
9.872599999999999909e+02 3.600000000000000000e+01 2.100000000000000000e+01 1.000000000000000000e+00 1.000000000000000000e+00
9.893099999999999454e+02 4.000000000000000000e+01 3.000000000000000000e+01 0.000000000000000000e+00 1.000000000000000000e+00
9.920000000000000000e+02 3.700000000000000000e+01 1.900000000000000000e+01 0.000000000000000000e+00 1.000000000000000000e+00
9.944500000000000455e+02 4.100000000000000000e+01 2.200000000000000000e+01 1.000000000000000000e+00 1.000000000000000000e+00
9.966000000000000227e+02 3.600000000000000000e+01 2.800000000000000000e+01 0.000000000000000000e+00 1.000000000000000000e+00
