1.000000000000000000e+00 5.200000000000000000e+01 2.400000000000000000e+01 1.000000000000000000e+00 0.000000000000000000e+00
5.000000000000000000e+00 6.100000000000000000e+01 2.200000000000000000e+01 1.000000000000000000e+00 0.000000000000000000e+00
6.000000000000000000e+00 5.000000000000000000e+01 4.400000000000000000e+01 0.000000000000000000e+00 0.000000000000000000e+00
8.000000000000000000e+00 5.200000000000000000e+01 3.000000000000000000e+01 0.000000000000000000e+00 0.000000000000000000e+00
8.000000000000000000e+00 2.500000000000000000e+01 6.600000000000000000e+01 0.000000000000000000e+00 0.000000000000000000e+00
1.000000000000000000e+01 4.600000000000000000e+01 2.600000000000000000e+01 1.000000000000000000e+00 0.000000000000000000e+00
1.100000000000000000e+01 5.300000000000000000e+01 2.200000000000000000e+01 1.000000000000000000e+00 0.000000000000000000e+00
2.400000000000000000e+01 4.700000000000000000e+01 4.100000000000000000e+01 0.000000000000000000e+00 0.000000000000000000e+00
2.500000000000000000e+01 2.500000000000000000e+01 8.000000000000000000e+00 0.000000000000000000e+00 0.000000000000000000e+00
2.800000000000000000e+01 6.100000000000000000e+01 2.400000000000000000e+01 1.000000000000000000e+00 0.000000000000000000e+00
3.300000000000000000e+01 4.600000000000000000e+01 3.500000000000000000e+01 1.000000000000000000e+00 0.000000000000000000e+00
3.700000000000000000e+01 6.000000000000000000e+01 3.100000000000000000e+01 1.000000000000000000e+00 0.000000000000000000e+00
4.200000000000000000e+01 4.500000000000000000e+01 2.500000000000000000e+01 1.000000000000000000e+00 0.000000000000000000e+00
5.200000000000000000e+01 5.500000000000000000e+01 2.700000000000000000e+01 1.000000000000000000e+00 0.000000000000000000e+00
5.400000000000000000e+01 5.400000000000000000e+01 2.300000000000000000e+01 1.000000000000000000e+00 0.000000000000000000e+00
5.800000000000000000e+01 5.400000000000000000e+01 3.100000000000000000e+01 0.000000000000000000e+00 0.000000000000000000e+00
6.200000000000000000e+01 4.400000000000000000e+01 3.400000000000000000e+01 1.000000000000000000e+00 0.000000000000000000e+00
6.200000000000000000e+01 5.600000000000000000e+01 5.000000000000000000e+00 0.000000000000000000e+00 0.000000000000000000e+00
6.400000000000000000e+01 6.000000000000000000e+01 3.900000000000000000e+01 0.000000000000000000e+00 0.000000000000000000e+00
7.300000000000000000e+01 6.000000000000000000e+01 2.300000000000000000e+01 1.000000000000000000e+00 0.000000000000000000e+00
7.400000000000000000e+01 4.900000000000000000e+01 2.500000000000000000e+01 1.000000000000000000e+00 0.000000000000000000e+00
7.500000000000000000e+01 5.600000000000000000e+01 2.700000000000000000e+01 0.000000000000000000e+00 0.000000000000000000e+00
8.000000000000000000e+01 5.400000000000000000e+01 2.800000000000000000e+01 1.000000000000000000e+00 0.000000000000000000e+00
8.600000000000000000e+01 4.800000000000000000e+01 2.600000000000000000e+01 1.000000000000000000e+00 0.000000000000000000e+00
8.800000000000000000e+01 2.500000000000000000e+01 1.400000000000000000e+01 0.000000000000000000e+00 0.000000000000000000e+00
9.000000000000000000e+01 5.200000000000000000e+01 4.500000000000000000e+01 0.000000000000000000e+00 0.000000000000000000e+00
9.500000000000000000e+01 4.800000000000000000e+01 3.200000000000000000e+01 0.000000000000000000e+00 0.000000000000000000e+00
9.800000000000000000e+01 5.900000000000000000e+01 3.300000000000000000e+01 0.000000000000000000e+00 0.000000000000000000e+00
9.800000000000000000e+01 5.400000000000000000e+01 2.100000000000000000e+01 1.000000000000000000e+00 0.000000000000000000e+00
1.080000000000000000e+02 6.300000000000000000e+01 2.500000000000000000e+01 1.000000000000000000e+00 0.000000000000000000e+00
1.090000000000000000e+02 6.100000000000000000e+01 3.200000000000000000e+01 1.000000000000000000e+00 0.000000000000000000e+00
1.160000000000000000e+02 4.500000000000000000e+01 3.000000000000000000e+01 1.000000000000000000e+00 0.000000000000000000e+00
1.180000000000000000e+02 5.500000000000000000e+01 2.300000000000000000e+01 1.000000000000000000e+00 0.000000000000000000e+00
1.190000000000000000e+02 6.200000000000000000e+01 2.300000000000000000e+01 1.000000000000000000e+00 0.000000000000000000e+00
1.210000000000000000e+02 5.700000000000000000e+01 4.400000000000000000e+01 0.000000000000000000e+00 0.000000000000000000e+00
1.220000000000000000e+02 5.700000000000000000e+01 2.300000000000000000e+01 1.000000000000000000e+00 0.000000000000000000e+00
1.230000000000000000e+02 6.200000000000000000e+01 2.800000000000000000e+01 0.000000000000000000e+00 0.000000000000000000e+00
1.230000000000000000e+02 6.300000000000000000e+01 3.300000000000000000e+01 1.000000000000000000e+00 0.000000000000000000e+00
1.240000000000000000e+02 6.300000000000000000e+01 4.000000000000000000e+01 0.000000000000000000e+00 0.000000000000000000e+00
1.250000000000000000e+02 5.200000000000000000e+01 4.000000000000000000e+01 0.000000000000000000e+00 0.000000000000000000e+00
1.250000000000000000e+02 5.300000000000000000e+01 2.300000000000000000e+01 1.000000000000000000e+00 0.000000000000000000e+00
1.260000000000000000e+02 5.900000000000000000e+01 2.900000000000000000e+01 1.000000000000000000e+00 0.000000000000000000e+00
1.260000000000000000e+02 5.300000000000000000e+01 3.500000000000000000e+01 0.000000000000000000e+00 0.000000000000000000e+00
1.300000000000000000e+02 4.600000000000000000e+01 2.800000000000000000e+01 1.000000000000000000e+00 0.000000000000000000e+00
1.320000000000000000e+02 5.600000000000000000e+01 2.500000000000000000e+01 0.000000000000000000e+00 0.000000000000000000e+00
1.340000000000000000e+02 5.600000000000000000e+01 2.300000000000000000e+01 1.000000000000000000e+00 0.000000000000000000e+00
1.350000000000000000e+02 4.700000000000000000e+01 2.700000000000000000e+01 1.000000000000000000e+00 0.000000000000000000e+00
1.430000000000000000e+02 4.500000000000000000e+01 3.100000000000000000e+01 1.000000000000000000e+00 0.000000000000000000e+00
1.470000000000000000e+02 5.100000000000000000e+01 2.300000000000000000e+01 1.000000000000000000e+00 0.000000000000000000e+00
1.480000000000000000e+02 5.700000000000000000e+01 2.700000000000000000e+01 0.000000000000000000e+00 0.000000000000000000e+00
1.490000000000000000e+02 6.600000000000000000e+01 2.800000000000000000e+01 1.000000000000000000e+00 0.000000000000000000e+00
1.500000000000000000e+02 5.100000000000000000e+01 2.500000000000000000e+01 1.000000000000000000e+00 0.000000000000000000e+00
1.530000000000000000e+02 6.500000000000000000e+01 4.000000000000000000e+01 0.000000000000000000e+00 0.000000000000000000e+00
1.550000000000000000e+02 6.200000000000000000e+01 3.900000000000000000e+01 0.000000000000000000e+00 0.000000000000000000e+00
1.550000000000000000e+02 5.900000000000000000e+01 2.800000000000000000e+01 0.000000000000000000e+00 0.000000000000000000e+00
1.560000000000000000e+02 5.500000000000000000e+01 4.500000000000000000e+01 0.000000000000000000e+00 0.000000000000000000e+00
1.640000000000000000e+02 5.800000000000000000e+01 4.400000000000000000e+01 0.000000000000000000e+00 0.000000000000000000e+00
1.640000000000000000e+02 5.500000000000000000e+01 3.700000000000000000e+01 0.000000000000000000e+00 0.000000000000000000e+00
1.650000000000000000e+02 5.400000000000000000e+01 2.200000000000000000e+01 1.000000000000000000e+00 0.000000000000000000e+00
1.670000000000000000e+02 5.100000000000000000e+01 3.200000000000000000e+01 0.000000000000000000e+00 0.000000000000000000e+00
1.770000000000000000e+02 5.400000000000000000e+01 2.000000000000000000e+01 1.000000000000000000e+00 0.000000000000000000e+00
1.870000000000000000e+02 6.600000000000000000e+01 2.400000000000000000e+01 1.000000000000000000e+00 0.000000000000000000e+00
1.890000000000000000e+02 4.700000000000000000e+01 2.600000000000000000e+01 1.000000000000000000e+00 0.000000000000000000e+00
1.890000000000000000e+02 5.900000000000000000e+01 4.200000000000000000e+01 0.000000000000000000e+00 0.000000000000000000e+00
1.930000000000000000e+02 6.000000000000000000e+01 2.900000000000000000e+01 0.000000000000000000e+00 0.000000000000000000e+00
1.960000000000000000e+02 6.200000000000000000e+01 2.500000000000000000e+01 1.000000000000000000e+00 0.000000000000000000e+00
2.100000000000000000e+02 6.000000000000000000e+01 4.400000000000000000e+01 0.000000000000000000e+00 0.000000000000000000e+00
2.130000000000000000e+02 6.700000000000000000e+01 3.300000000000000000e+01 1.000000000000000000e+00 0.000000000000000000e+00
2.130000000000000000e+02 5.200000000000000000e+01 2.600000000000000000e+01 0.000000000000000000e+00 0.000000000000000000e+00
2.150000000000000000e+02 5.200000000000000000e+01 2.300000000000000000e+01 1.000000000000000000e+00 0.000000000000000000e+00
2.170000000000000000e+02 5.600000000000000000e+01 4.500000000000000000e+01 0.000000000000000000e+00 0.000000000000000000e+00
2.190000000000000000e+02 5.000000000000000000e+01 3.800000000000000000e+01 0.000000000000000000e+00 0.000000000000000000e+00
2.230000000000000000e+02 6.400000000000000000e+01 4.200000000000000000e+01 0.000000000000000000e+00 0.000000000000000000e+00
2.340000000000000000e+02 5.400000000000000000e+01 2.700000000000000000e+01 0.000000000000000000e+00 0.000000000000000000e+00
2.370000000000000000e+02 5.400000000000000000e+01 4.300000000000000000e+01 0.000000000000000000e+00 0.000000000000000000e+00
2.400000000000000000e+02 5.700000000000000000e+01 1.900000000000000000e+01 1.000000000000000000e+00 0.000000000000000000e+00
2.510000000000000000e+02 5.900000000000000000e+01 3.500000000000000000e+01 0.000000000000000000e+00 0.000000000000000000e+00
2.530000000000000000e+02 6.200000000000000000e+01 4.300000000000000000e+01 0.000000000000000000e+00 0.000000000000000000e+00
2.550000000000000000e+02 5.800000000000000000e+01 2.300000000000000000e+01 1.000000000000000000e+00 0.000000000000000000e+00
2.550000000000000000e+02 2.800000000000000000e+01 4.000000000000000000e+00 0.000000000000000000e+00 0.000000000000000000e+00
2.710000000000000000e+02 5.300000000000000000e+01 2.600000000000000000e+01 0.000000000000000000e+00 0.000000000000000000e+00
2.720000000000000000e+02 5.500000000000000000e+01 2.100000000000000000e+01 1.000000000000000000e+00 0.000000000000000000e+00
2.750000000000000000e+02 5.700000000000000000e+01 2.500000000000000000e+01 0.000000000000000000e+00 0.000000000000000000e+00
2.770000000000000000e+02 4.900000000000000000e+01 2.800000000000000000e+01 0.000000000000000000e+00 0.000000000000000000e+00
2.790000000000000000e+02 4.800000000000000000e+01 3.100000000000000000e+01 0.000000000000000000e+00 0.000000000000000000e+00
2.810000000000000000e+02 5.300000000000000000e+01 4.500000000000000000e+01 0.000000000000000000e+00 0.000000000000000000e+00
2.810000000000000000e+02 5.800000000000000000e+01 2.600000000000000000e+01 0.000000000000000000e+00 0.000000000000000000e+00
2.840000000000000000e+02 5.300000000000000000e+01 3.800000000000000000e+01 0.000000000000000000e+00 0.000000000000000000e+00
2.850000000000000000e+02 5.800000000000000000e+01 3.000000000000000000e+01 1.000000000000000000e+00 0.000000000000000000e+00
2.950000000000000000e+02 5.900000000000000000e+01 2.300000000000000000e+01 1.000000000000000000e+00 0.000000000000000000e+00
2.970000000000000000e+02 4.800000000000000000e+01 3.500000000000000000e+01 0.000000000000000000e+00 0.000000000000000000e+00
2.980000000000000000e+02 5.100000000000000000e+01 2.400000000000000000e+01 1.000000000000000000e+00 0.000000000000000000e+00
3.040000000000000000e+02 4.800000000000000000e+01 3.000000000000000000e+01 0.000000000000000000e+00 0.000000000000000000e+00
3.040000000000000000e+02 5.100000000000000000e+01 3.100000000000000000e+01 0.000000000000000000e+00 0.000000000000000000e+00
3.060000000000000000e+02 6.400000000000000000e+01 3.000000000000000000e+01 0.000000000000000000e+00 0.000000000000000000e+00
3.090000000000000000e+02 5.000000000000000000e+01 4.100000000000000000e+01 1.000000000000000000e+00 0.000000000000000000e+00
3.150000000000000000e+02 5.000000000000000000e+01 4.400000000000000000e+01 0.000000000000000000e+00 0.000000000000000000e+00
3.180000000000000000e+02 4.600000000000000000e+01 2.900000000000000000e+01 1.000000000000000000e+00 0.000000000000000000e+00
3.210000000000000000e+02 6.500000000000000000e+01 2.800000000000000000e+01 1.000000000000000000e+00 0.000000000000000000e+00
3.220000000000000000e+02 5.200000000000000000e+01 3.700000000000000000e+01 0.000000000000000000e+00 0.000000000000000000e+00
3.240000000000000000e+02 5.900000000000000000e+01 4.100000000000000000e+01 0.000000000000000000e+00 0.000000000000000000e+00
3.290000000000000000e+02 6.400000000000000000e+01 2.700000000000000000e+01 1.000000000000000000e+00 0.000000000000000000e+00
3.320000000000000000e+02 5.500000000000000000e+01 3.800000000000000000e+01 0.000000000000000000e+00 0.000000000000000000e+00
3.380000000000000000e+02 6.100000000000000000e+01 4.400000000000000000e+01 0.000000000000000000e+00 0.000000000000000000e+00
3.390000000000000000e+02 5.700000000000000000e+01 4.500000000000000000e+01 0.000000000000000000e+00 0.000000000000000000e+00
3.400000000000000000e+02 5.300000000000000000e+01 3.500000000000000000e+01 0.000000000000000000e+00 0.000000000000000000e+00
3.430000000000000000e+02 4.800000000000000000e+01 3.300000000000000000e+01 0.000000000000000000e+00 0.000000000000000000e+00
3.450000000000000000e+02 5.300000000000000000e+01 4.400000000000000000e+01 0.000000000000000000e+00 0.000000000000000000e+00
3.500000000000000000e+02 6.100000000000000000e+01 2.400000000000000000e+01 1.000000000000000000e+00 0.000000000000000000e+00
3.530000000000000000e+02 5.000000000000000000e+01 2.500000000000000000e+01 1.000000000000000000e+00 0.000000000000000000e+00
3.530000000000000000e+02 4.900000000000000000e+01 3.400000000000000000e+01 1.000000000000000000e+00 0.000000000000000000e+00
3.670000000000000000e+02 5.300000000000000000e+01 2.300000000000000000e+01 1.000000000000000000e+00 0.000000000000000000e+00
3.700000000000000000e+02 5.300000000000000000e+01 3.900000000000000000e+01 0.000000000000000000e+00 0.000000000000000000e+00
3.800000000000000000e+02 6.200000000000000000e+01 3.100000000000000000e+01 0.000000000000000000e+00 0.000000000000000000e+00
3.830000000000000000e+02 5.600000000000000000e+01 4.100000000000000000e+01 0.000000000000000000e+00 0.000000000000000000e+00
3.910000000000000000e+02 5.000000000000000000e+01 2.400000000000000000e+01 1.000000000000000000e+00 0.000000000000000000e+00
3.920000000000000000e+02 5.200000000000000000e+01 4.500000000000000000e+01 0.000000000000000000e+00 0.000000000000000000e+00
3.920000000000000000e+02 5.500000000000000000e+01 2.300000000000000000e+01 1.000000000000000000e+00 0.000000000000000000e+00
3.960000000000000000e+02 4.400000000000000000e+01 3.300000000000000000e+01 1.000000000000000000e+00 0.000000000000000000e+00
4.040000000000000000e+02 5.400000000000000000e+01 4.500000000000000000e+01 0.000000000000000000e+00 0.000000000000000000e+00
4.100000000000000000e+02 5.000000000000000000e+01 3.200000000000000000e+01 0.000000000000000000e+00 0.000000000000000000e+00
4.120000000000000000e+02 4.900000000000000000e+01 2.500000000000000000e+01 1.000000000000000000e+00 0.000000000000000000e+00
4.180000000000000000e+02 4.500000000000000000e+01 3.200000000000000000e+01 1.000000000000000000e+00 0.000000000000000000e+00
4.280000000000000000e+02 2.600000000000000000e+01 7.000000000000000000e+00 0.000000000000000000e+00 0.000000000000000000e+00
4.280000000000000000e+02 5.600000000000000000e+01 4.400000000000000000e+01 0.000000000000000000e+00 0.000000000000000000e+00
4.390000000000000000e+02 2.800000000000000000e+01 3.500000000000000000e+01 0.000000000000000000e+00 0.000000000000000000e+00
4.400000000000000000e+02 6.000000000000000000e+01 2.400000000000000000e+01 1.000000000000000000e+00 0.000000000000000000e+00
4.400000000000000000e+02 6.400000000000000000e+01 3.600000000000000000e+01 1.000000000000000000e+00 0.000000000000000000e+00
4.470000000000000000e+02 5.600000000000000000e+01 2.600000000000000000e+01 0.000000000000000000e+00 0.000000000000000000e+00
4.490000000000000000e+02 6.400000000000000000e+01 2.600000000000000000e+01 1.000000000000000000e+00 0.000000000000000000e+00
4.560000000000000000e+02 4.800000000000000000e+01 4.200000000000000000e+01 0.000000000000000000e+00 0.000000000000000000e+00
4.590000000000000000e+02 4.900000000000000000e+01 4.300000000000000000e+01 0.000000000000000000e+00 0.000000000000000000e+00
4.600000000000000000e+02 5.000000000000000000e+01 2.000000000000000000e+01 1.000000000000000000e+00 0.000000000000000000e+00
4.620000000000000000e+02 4.500000000000000000e+01 3.000000000000000000e+01 1.000000000000000000e+00 0.000000000000000000e+00
4.730000000000000000e+02 4.800000000000000000e+01 2.600000000000000000e+01 1.000000000000000000e+00 0.000000000000000000e+00
4.730000000000000000e+02 5.000000000000000000e+01 2.700000000000000000e+01 1.000000000000000000e+00 0.000000000000000000e+00
4.830000000000000000e+02 5.100000000000000000e+01 4.400000000000000000e+01 0.000000000000000000e+00 0.000000000000000000e+00
4.830000000000000000e+02 5.000000000000000000e+01 2.600000000000000000e+01 0.000000000000000000e+00 0.000000000000000000e+00
4.910000000000000000e+02 5.300000000000000000e+01 2.500000000000000000e+01 0.000000000000000000e+00 0.000000000000000000e+00
4.920000000000000000e+02 4.600000000000000000e+01 4.000000000000000000e+01 0.000000000000000000e+00 0.000000000000000000e+00
5.060000000000000000e+02 5.500000000000000000e+01 2.200000000000000000e+01 1.000000000000000000e+00 0.000000000000000000e+00
5.120000000000000000e+02 4.700000000000000000e+01 2.800000000000000000e+01 1.000000000000000000e+00 0.000000000000000000e+00
5.210000000000000000e+02 5.000000000000000000e+01 3.000000000000000000e+01 0.000000000000000000e+00 0.000000000000000000e+00
5.270000000000000000e+02 5.600000000000000000e+01 3.300000000000000000e+01 0.000000000000000000e+00 0.000000000000000000e+00
5.360000000000000000e+02 4.500000000000000000e+01 3.700000000000000000e+01 1.000000000000000000e+00 0.000000000000000000e+00
5.370000000000000000e+02 4.500000000000000000e+01 3.700000000000000000e+01 1.000000000000000000e+00 0.000000000000000000e+00
5.380000000000000000e+02 5.500000000000000000e+01 2.600000000000000000e+01 0.000000000000000000e+00 0.000000000000000000e+00
5.390000000000000000e+02 5.700000000000000000e+01 3.400000000000000000e+01 0.000000000000000000e+00 0.000000000000000000e+00
5.430000000000000000e+02 6.500000000000000000e+01 3.200000000000000000e+01 0.000000000000000000e+00 0.000000000000000000e+00
5.470000000000000000e+02 4.800000000000000000e+01 2.700000000000000000e+01 1.000000000000000000e+00 0.000000000000000000e+00
5.490000000000000000e+02 4.700000000000000000e+01 3.200000000000000000e+01 0.000000000000000000e+00 0.000000000000000000e+00
5.610000000000000000e+02 6.500000000000000000e+01 2.700000000000000000e+01 1.000000000000000000e+00 0.000000000000000000e+00
5.610000000000000000e+02 5.500000000000000000e+01 4.300000000000000000e+01 0.000000000000000000e+00 0.000000000000000000e+00
5.660000000000000000e+02 5.300000000000000000e+01 3.500000000000000000e+01 0.000000000000000000e+00 0.000000000000000000e+00
5.700000000000000000e+02 6.100000000000000000e+01 3.600000000000000000e+01 0.000000000000000000e+00 0.000000000000000000e+00
5.720000000000000000e+02 6.300000000000000000e+01 3.200000000000000000e+01 0.000000000000000000e+00 0.000000000000000000e+00
5.720000000000000000e+02 5.100000000000000000e+01 4.100000000000000000e+01 0.000000000000000000e+00 0.000000000000000000e+00
5.760000000000000000e+02 6.100000000000000000e+01 3.000000000000000000e+01 0.000000000000000000e+00 0.000000000000000000e+00
5.820000000000000000e+02 5.600000000000000000e+01 2.900000000000000000e+01 1.000000000000000000e+00 0.000000000000000000e+00
5.850000000000000000e+02 5.500000000000000000e+01 2.700000000000000000e+01 0.000000000000000000e+00 0.000000000000000000e+00
5.940000000000000000e+02 5.000000000000000000e+01 4.300000000000000000e+01 0.000000000000000000e+00 0.000000000000000000e+00
6.010000000000000000e+02 6.200000000000000000e+01 3.200000000000000000e+01 1.000000000000000000e+00 0.000000000000000000e+00
6.080000000000000000e+02 5.400000000000000000e+01 2.200000000000000000e+01 1.000000000000000000e+00 0.000000000000000000e+00
6.080000000000000000e+02 5.800000000000000000e+01 4.100000000000000000e+01 0.000000000000000000e+00 0.000000000000000000e+00
6.090000000000000000e+02 4.800000000000000000e+01 4.300000000000000000e+01 0.000000000000000000e+00 0.000000000000000000e+00
6.100000000000000000e+02 5.300000000000000000e+01 2.400000000000000000e+01 1.000000000000000000e+00 0.000000000000000000e+00
6.120000000000000000e+02 5.900000000000000000e+01 4.500000000000000000e+01 0.000000000000000000e+00 0.000000000000000000e+00
6.140000000000000000e+02 5.800000000000000000e+01 4.500000000000000000e+01 0.000000000000000000e+00 0.000000000000000000e+00
6.160000000000000000e+02 4.800000000000000000e+01 4.000000000000000000e+01 0.000000000000000000e+00 0.000000000000000000e+00
6.170000000000000000e+02 6.200000000000000000e+01 3.800000000000000000e+01 0.000000000000000000e+00 0.000000000000000000e+00
6.170000000000000000e+02 5.200000000000000000e+01 4.500000000000000000e+01 0.000000000000000000e+00 0.000000000000000000e+00
6.230000000000000000e+02 5.400000000000000000e+01 2.700000000000000000e+01 0.000000000000000000e+00 0.000000000000000000e+00
6.250000000000000000e+02 4.200000000000000000e+01 2.400000000000000000e+01 1.000000000000000000e+00 0.000000000000000000e+00
6.280000000000000000e+02 5.200000000000000000e+01 2.400000000000000000e+01 1.000000000000000000e+00 0.000000000000000000e+00
6.300000000000000000e+02 4.700000000000000000e+01 2.700000000000000000e+01 1.000000000000000000e+00 0.000000000000000000e+00
6.300000000000000000e+02 5.800000000000000000e+01 2.700000000000000000e+01 1.000000000000000000e+00 0.000000000000000000e+00
6.310000000000000000e+02 5.400000000000000000e+01 4.000000000000000000e+01 0.000000000000000000e+00 0.000000000000000000e+00
6.340000000000000000e+02 6.200000000000000000e+01 3.100000000000000000e+01 0.000000000000000000e+00 0.000000000000000000e+00
6.360000000000000000e+02 5.800000000000000000e+01 2.300000000000000000e+01 1.000000000000000000e+00 0.000000000000000000e+00
6.360000000000000000e+02 4.500000000000000000e+01 3.100000000000000000e+01 1.000000000000000000e+00 0.000000000000000000e+00
6.360000000000000000e+02 5.100000000000000000e+01 2.400000000000000000e+01 1.000000000000000000e+00 0.000000000000000000e+00
6.420000000000000000e+02 5.800000000000000000e+01 2.600000000000000000e+01 0.000000000000000000e+00 0.000000000000000000e+00
6.430000000000000000e+02 5.300000000000000000e+01 4.300000000000000000e+01 0.000000000000000000e+00 0.000000000000000000e+00
6.440000000000000000e+02 6.100000000000000000e+01 3.900000000000000000e+01 0.000000000000000000e+00 0.000000000000000000e+00
6.490000000000000000e+02 5.600000000000000000e+01 2.700000000000000000e+01 0.000000000000000000e+00 0.000000000000000000e+00
6.520000000000000000e+02 5.500000000000000000e+01 4.500000000000000000e+01 0.000000000000000000e+00 0.000000000000000000e+00
6.530000000000000000e+02 4.600000000000000000e+01 4.000000000000000000e+01 0.000000000000000000e+00 0.000000000000000000e+00
6.570000000000000000e+02 4.600000000000000000e+01 3.900000000000000000e+01 0.000000000000000000e+00 0.000000000000000000e+00
6.580000000000000000e+02 5.100000000000000000e+01 4.400000000000000000e+01 0.000000000000000000e+00 0.000000000000000000e+00
6.600000000000000000e+02 5.000000000000000000e+01 4.400000000000000000e+01 0.000000000000000000e+00 0.000000000000000000e+00
6.600000000000000000e+02 6.100000000000000000e+01 4.000000000000000000e+01 0.000000000000000000e+00 0.000000000000000000e+00
6.630000000000000000e+02 6.300000000000000000e+01 3.500000000000000000e+01 1.000000000000000000e+00 0.000000000000000000e+00
6.810000000000000000e+02 6.300000000000000000e+01 2.600000000000000000e+01 1.000000000000000000e+00 0.000000000000000000e+00
6.880000000000000000e+02 4.700000000000000000e+01 3.300000000000000000e+01 0.000000000000000000e+00 0.000000000000000000e+00
6.920000000000000000e+02 6.200000000000000000e+01 2.500000000000000000e+01 1.000000000000000000e+00 0.000000000000000000e+00
6.960000000000000000e+02 5.100000000000000000e+01 4.200000000000000000e+01 0.000000000000000000e+00 0.000000000000000000e+00
7.050000000000000000e+02 5.700000000000000000e+01 2.300000000000000000e+01 1.000000000000000000e+00 0.000000000000000000e+00
7.190000000000000000e+02 6.500000000000000000e+01 4.100000000000000000e+01 0.000000000000000000e+00 0.000000000000000000e+00
7.200000000000000000e+02 6.700000000000000000e+01 3.400000000000000000e+01 1.000000000000000000e+00 0.000000000000000000e+00
7.320000000000000000e+02 6.300000000000000000e+01 2.900000000000000000e+01 0.000000000000000000e+00 0.000000000000000000e+00
7.340000000000000000e+02 5.800000000000000000e+01 3.500000000000000000e+01 0.000000000000000000e+00 0.000000000000000000e+00
7.350000000000000000e+02 5.300000000000000000e+01 4.500000000000000000e+01 0.000000000000000000e+00 0.000000000000000000e+00
7.380000000000000000e+02 5.500000000000000000e+01 3.000000000000000000e+00 1.000000000000000000e+00 0.000000000000000000e+00
7.390000000000000000e+02 4.600000000000000000e+01 2.900000000000000000e+01 1.000000000000000000e+00 0.000000000000000000e+00
7.400000000000000000e+02 6.300000000000000000e+01 3.900000000000000000e+01 0.000000000000000000e+00 0.000000000000000000e+00
7.430000000000000000e+02 5.900000000000000000e+01 4.000000000000000000e+01 0.000000000000000000e+00 0.000000000000000000e+00
7.480000000000000000e+02 5.500000000000000000e+01 2.700000000000000000e+01 0.000000000000000000e+00 0.000000000000000000e+00
7.520000000000000000e+02 6.000000000000000000e+01 2.900000000000000000e+01 0.000000000000000000e+00 0.000000000000000000e+00
7.550000000000000000e+02 5.600000000000000000e+01 4.500000000000000000e+01 0.000000000000000000e+00 0.000000000000000000e+00
7.600000000000000000e+02 4.900000000000000000e+01 3.100000000000000000e+01 1.000000000000000000e+00 0.000000000000000000e+00
7.720000000000000000e+02 5.300000000000000000e+01 2.300000000000000000e+01 1.000000000000000000e+00 0.000000000000000000e+00
7.740000000000000000e+02 6.000000000000000000e+01 2.400000000000000000e+01 1.000000000000000000e+00 0.000000000000000000e+00
7.780000000000000000e+02 4.700000000000000000e+01 2.800000000000000000e+01 1.000000000000000000e+00 0.000000000000000000e+00
7.860000000000000000e+02 5.000000000000000000e+01 2.500000000000000000e+01 1.000000000000000000e+00 0.000000000000000000e+00
7.920000000000000000e+02 6.100000000000000000e+01 2.800000000000000000e+01 0.000000000000000000e+00 0.000000000000000000e+00
7.980000000000000000e+02 5.600000000000000000e+01 2.200000000000000000e+01 0.000000000000000000e+00 0.000000000000000000e+00
8.030000000000000000e+02 5.200000000000000000e+01 1.400000000000000000e+01 1.000000000000000000e+00 0.000000000000000000e+00
8.040000000000000000e+02 6.100000000000000000e+01 3.400000000000000000e+01 0.000000000000000000e+00 0.000000000000000000e+00
8.070000000000000000e+02 6.700000000000000000e+01 3.700000000000000000e+01 0.000000000000000000e+00 0.000000000000000000e+00
8.110000000000000000e+02 6.400000000000000000e+01 2.700000000000000000e+01 1.000000000000000000e+00 0.000000000000000000e+00
8.160000000000000000e+02 5.500000000000000000e+01 4.100000000000000000e+01 0.000000000000000000e+00 0.000000000000000000e+00
8.190000000000000000e+02 5.000000000000000000e+01 2.800000000000000000e+01 1.000000000000000000e+00 0.000000000000000000e+00
8.200000000000000000e+02 5.200000000000000000e+01 4.100000000000000000e+01 0.000000000000000000e+00 0.000000000000000000e+00
8.300000000000000000e+02 5.200000000000000000e+01 2.500000000000000000e+01 1.000000000000000000e+00 0.000000000000000000e+00
8.310000000000000000e+02 4.900000000000000000e+01 2.600000000000000000e+01 1.000000000000000000e+00 0.000000000000000000e+00
8.350000000000000000e+02 5.300000000000000000e+01 2.800000000000000000e+01 1.000000000000000000e+00 0.000000000000000000e+00
8.510000000000000000e+02 5.800000000000000000e+01 1.500000000000000000e+01 1.000000000000000000e+00 0.000000000000000000e+00
8.530000000000000000e+02 5.500000000000000000e+01 2.200000000000000000e+01 1.000000000000000000e+00 0.000000000000000000e+00
8.580000000000000000e+02 6.700000000000000000e+01 3.100000000000000000e+01 1.000000000000000000e+00 0.000000000000000000e+00
8.590000000000000000e+02 4.800000000000000000e+01 4.200000000000000000e+01 0.000000000000000000e+00 0.000000000000000000e+00
8.600000000000000000e+02 4.800000000000000000e+01 4.300000000000000000e+01 0.000000000000000000e+00 0.000000000000000000e+00
8.680000000000000000e+02 5.400000000000000000e+01 4.400000000000000000e+01 0.000000000000000000e+00 0.000000000000000000e+00
8.700000000000000000e+02 4.700000000000000000e+01 4.200000000000000000e+01 0.000000000000000000e+00 0.000000000000000000e+00
8.800000000000000000e+02 5.400000000000000000e+01 2.300000000000000000e+01 1.000000000000000000e+00 0.000000000000000000e+00
8.800000000000000000e+02 4.700000000000000000e+01 3.700000000000000000e+01 0.000000000000000000e+00 0.000000000000000000e+00
8.810000000000000000e+02 4.700000000000000000e+01 3.400000000000000000e+01 0.000000000000000000e+00 0.000000000000000000e+00
8.840000000000000000e+02 6.600000000000000000e+01 3.000000000000000000e+01 1.000000000000000000e+00 0.000000000000000000e+00
8.840000000000000000e+02 6.600000000000000000e+01 3.000000000000000000e+01 1.000000000000000000e+00 0.000000000000000000e+00
8.890000000000000000e+02 5.500000000000000000e+01 3.300000000000000000e+01 0.000000000000000000e+00 0.000000000000000000e+00
8.990000000000000000e+02 5.500000000000000000e+01 3.100000000000000000e+01 0.000000000000000000e+00 0.000000000000000000e+00
9.030000000000000000e+02 5.900000000000000000e+01 4.500000000000000000e+01 0.000000000000000000e+00 0.000000000000000000e+00
9.040000000000000000e+02 5.700000000000000000e+01 2.000000000000000000e+01 1.000000000000000000e+00 0.000000000000000000e+00
9.080000000000000000e+02 5.400000000000000000e+01 2.800000000000000000e+01 1.000000000000000000e+00 0.000000000000000000e+00
9.120000000000000000e+02 5.500000000000000000e+01 3.900000000000000000e+01 0.000000000000000000e+00 0.000000000000000000e+00
9.130000000000000000e+02 5.900000000000000000e+01 2.900000000000000000e+01 0.000000000000000000e+00 0.000000000000000000e+00
9.170000000000000000e+02 5.900000000000000000e+01 3.000000000000000000e+01 1.000000000000000000e+00 0.000000000000000000e+00
9.190000000000000000e+02 4.800000000000000000e+01 3.200000000000000000e+01 0.000000000000000000e+00 0.000000000000000000e+00
9.210000000000000000e+02 5.300000000000000000e+01 2.500000000000000000e+01 0.000000000000000000e+00 0.000000000000000000e+00
9.210000000000000000e+02 6.500000000000000000e+01 2.800000000000000000e+01 1.000000000000000000e+00 0.000000000000000000e+00
9.220000000000000000e+02 5.200000000000000000e+01 2.300000000000000000e+01 1.000000000000000000e+00 0.000000000000000000e+00
9.230000000000000000e+02 6.000000000000000000e+01 3.200000000000000000e+01 1.000000000000000000e+00 0.000000000000000000e+00
9.270000000000000000e+02 4.900000000000000000e+01 2.800000000000000000e+01 0.000000000000000000e+00 0.000000000000000000e+00
9.360000000000000000e+02 6.000000000000000000e+01 3.400000000000000000e+01 0.000000000000000000e+00 0.000000000000000000e+00
9.370000000000000000e+02 4.700000000000000000e+01 4.100000000000000000e+01 0.000000000000000000e+00 0.000000000000000000e+00
9.370000000000000000e+02 5.500000000000000000e+01 4.400000000000000000e+01 0.000000000000000000e+00 0.000000000000000000e+00
9.430000000000000000e+02 6.300000000000000000e+01 4.300000000000000000e+01 0.000000000000000000e+00 0.000000000000000000e+00
9.480000000000000000e+02 6.300000000000000000e+01 4.200000000000000000e+01 0.000000000000000000e+00 0.000000000000000000e+00
9.680000000000000000e+02 5.400000000000000000e+01 3.600000000000000000e+01 0.000000000000000000e+00 0.000000000000000000e+00
9.710000000000000000e+02 5.400000000000000000e+01 4.200000000000000000e+01 0.000000000000000000e+00 0.000000000000000000e+00
9.760000000000000000e+02 4.600000000000000000e+01 3.000000000000000000e+01 1.000000000000000000e+00 0.000000000000000000e+00
9.790000000000000000e+02 6.000000000000000000e+01 2.700000000000000000e+01 0.000000000000000000e+00 0.000000000000000000e+00
9.800000000000000000e+02 5.900000000000000000e+01 2.400000000000000000e+01 1.000000000000000000e+00 0.000000000000000000e+00
9.820000000000000000e+02 5.200000000000000000e+01 2.700000000000000000e+01 0.000000000000000000e+00 0.000000000000000000e+00
