1.700000000000000000e+01 5.900000000000000000e+01 4.800000000000000000e+01 0.000000000000000000e+00 0.000000000000000000e+00
2.000000000000000000e+01 5.600000000000000000e+01 3.500000000000000000e+01 0.000000000000000000e+00 0.000000000000000000e+00
3.400000000000000000e+01 5.500000000000000000e+01 0.000000000000000000e+00 1.000000000000000000e+00 0.000000000000000000e+00
3.500000000000000000e+01 5.800000000000000000e+01 4.100000000000000000e+01 0.000000000000000000e+00 0.000000000000000000e+00
4.200000000000000000e+01 5.500000000000000000e+01 4.900000000000000000e+01 0.000000000000000000e+00 0.000000000000000000e+00
4.300000000000000000e+01 5.100000000000000000e+01 4.800000000000000000e+01 0.000000000000000000e+00 0.000000000000000000e+00
5.200000000000000000e+01 5.800000000000000000e+01 3.500000000000000000e+01 0.000000000000000000e+00 0.000000000000000000e+00
6.100000000000000000e+01 6.300000000000000000e+01 3.300000000000000000e+01 1.000000000000000000e+00 0.000000000000000000e+00
6.300000000000000000e+01 6.200000000000000000e+01 4.700000000000000000e+01 0.000000000000000000e+00 0.000000000000000000e+00
6.500000000000000000e+01 6.300000000000000000e+01 3.900000000000000000e+01 0.000000000000000000e+00 0.000000000000000000e+00
7.000000000000000000e+01 6.200000000000000000e+01 3.800000000000000000e+01 0.000000000000000000e+00 0.000000000000000000e+00
7.300000000000000000e+01 5.500000000000000000e+01 2.900000000000000000e+01 1.000000000000000000e+00 0.000000000000000000e+00
7.400000000000000000e+01 5.300000000000000000e+01 4.900000000000000000e+01 0.000000000000000000e+00 0.000000000000000000e+00
8.900000000000000000e+01 5.600000000000000000e+01 2.300000000000000000e+01 1.000000000000000000e+00 0.000000000000000000e+00
8.900000000000000000e+01 5.400000000000000000e+01 3.400000000000000000e+01 0.000000000000000000e+00 0.000000000000000000e+00
8.900000000000000000e+01 5.000000000000000000e+01 4.700000000000000000e+01 0.000000000000000000e+00 0.000000000000000000e+00
9.200000000000000000e+01 5.900000000000000000e+01 2.800000000000000000e+01 1.000000000000000000e+00 0.000000000000000000e+00
1.030000000000000000e+02 5.000000000000000000e+01 3.200000000000000000e+01 1.000000000000000000e+00 0.000000000000000000e+00
1.050000000000000000e+02 5.600000000000000000e+01 4.800000000000000000e+01 0.000000000000000000e+00 0.000000000000000000e+00
1.060000000000000000e+02 6.000000000000000000e+01 3.600000000000000000e+01 0.000000000000000000e+00 0.000000000000000000e+00
1.070000000000000000e+02 5.900000000000000000e+01 4.200000000000000000e+01 0.000000000000000000e+00 0.000000000000000000e+00
1.080000000000000000e+02 5.700000000000000000e+01 2.300000000000000000e+01 1.000000000000000000e+00 0.000000000000000000e+00
1.190000000000000000e+02 5.600000000000000000e+01 3.600000000000000000e+01 1.000000000000000000e+00 0.000000000000000000e+00
1.190000000000000000e+02 5.700000000000000000e+01 3.800000000000000000e+01 0.000000000000000000e+00 0.000000000000000000e+00
1.210000000000000000e+02 5.800000000000000000e+01 3.000000000000000000e+01 1.000000000000000000e+00 0.000000000000000000e+00
1.510000000000000000e+02 5.600000000000000000e+01 3.000000000000000000e+01 1.000000000000000000e+00 0.000000000000000000e+00
1.530000000000000000e+02 5.500000000000000000e+01 3.000000000000000000e+01 1.000000000000000000e+00 0.000000000000000000e+00
1.620000000000000000e+02 4.900000000000000000e+01 4.600000000000000000e+01 0.000000000000000000e+00 0.000000000000000000e+00
1.640000000000000000e+02 5.800000000000000000e+01 4.900000000000000000e+01 0.000000000000000000e+00 0.000000000000000000e+00
1.710000000000000000e+02 5.800000000000000000e+01 3.400000000000000000e+01 1.000000000000000000e+00 0.000000000000000000e+00
1.740000000000000000e+02 4.700000000000000000e+01 3.500000000000000000e+01 1.000000000000000000e+00 0.000000000000000000e+00
1.780000000000000000e+02 5.500000000000000000e+01 3.400000000000000000e+01 0.000000000000000000e+00 0.000000000000000000e+00
1.830000000000000000e+02 4.800000000000000000e+01 3.400000000000000000e+01 1.000000000000000000e+00 0.000000000000000000e+00
1.930000000000000000e+02 5.300000000000000000e+01 3.000000000000000000e+01 1.000000000000000000e+00 0.000000000000000000e+00
1.950000000000000000e+02 6.100000000000000000e+01 3.900000000000000000e+01 1.000000000000000000e+00 0.000000000000000000e+00
1.960000000000000000e+02 5.100000000000000000e+01 3.100000000000000000e+01 1.000000000000000000e+00 0.000000000000000000e+00
1.970000000000000000e+02 6.100000000000000000e+01 3.600000000000000000e+01 1.000000000000000000e+00 0.000000000000000000e+00
2.060000000000000000e+02 5.300000000000000000e+01 3.600000000000000000e+01 0.000000000000000000e+00 0.000000000000000000e+00
2.320000000000000000e+02 6.100000000000000000e+01 4.600000000000000000e+01 0.000000000000000000e+00 0.000000000000000000e+00
2.470000000000000000e+02 5.700000000000000000e+01 2.700000000000000000e+01 1.000000000000000000e+00 0.000000000000000000e+00
2.550000000000000000e+02 5.200000000000000000e+01 3.800000000000000000e+01 0.000000000000000000e+00 0.000000000000000000e+00
2.860000000000000000e+02 5.100000000000000000e+01 4.600000000000000000e+01 1.000000000000000000e+00 0.000000000000000000e+00
3.010000000000000000e+02 5.900000000000000000e+01 1.800000000000000000e+01 1.000000000000000000e+00 0.000000000000000000e+00
3.020000000000000000e+02 5.100000000000000000e+01 4.400000000000000000e+01 0.000000000000000000e+00 0.000000000000000000e+00
3.220000000000000000e+02 5.200000000000000000e+01 3.000000000000000000e+01 1.000000000000000000e+00 0.000000000000000000e+00
3.250000000000000000e+02 6.100000000000000000e+01 4.800000000000000000e+01 0.000000000000000000e+00 0.000000000000000000e+00
3.610000000000000000e+02 5.400000000000000000e+01 3.500000000000000000e+01 1.000000000000000000e+00 0.000000000000000000e+00
3.660000000000000000e+02 5.800000000000000000e+01 4.700000000000000000e+01 0.000000000000000000e+00 0.000000000000000000e+00
3.700000000000000000e+02 6.600000000000000000e+01 3.900000000000000000e+01 1.000000000000000000e+00 0.000000000000000000e+00
3.700000000000000000e+02 6.600000000000000000e+01 3.900000000000000000e+01 1.000000000000000000e+00 0.000000000000000000e+00
3.760000000000000000e+02 4.900000000000000000e+01 3.300000000000000000e+01 1.000000000000000000e+00 0.000000000000000000e+00
3.830000000000000000e+02 6.400000000000000000e+01 4.500000000000000000e+01 0.000000000000000000e+00 0.000000000000000000e+00
3.840000000000000000e+02 2.500000000000000000e+01 7.600000000000000000e+01 0.000000000000000000e+00 0.000000000000000000e+00
3.900000000000000000e+02 5.300000000000000000e+01 4.700000000000000000e+01 0.000000000000000000e+00 0.000000000000000000e+00
4.080000000000000000e+02 5.300000000000000000e+01 4.500000000000000000e+01 0.000000000000000000e+00 0.000000000000000000e+00
4.210000000000000000e+02 5.300000000000000000e+01 4.900000000000000000e+01 0.000000000000000000e+00 0.000000000000000000e+00
4.270000000000000000e+02 5.300000000000000000e+01 4.800000000000000000e+01 0.000000000000000000e+00 0.000000000000000000e+00
4.330000000000000000e+02 6.300000000000000000e+01 2.900000000000000000e+01 1.000000000000000000e+00 0.000000000000000000e+00
4.350000000000000000e+02 6.000000000000000000e+01 3.100000000000000000e+01 1.000000000000000000e+00 0.000000000000000000e+00
4.470000000000000000e+02 5.400000000000000000e+01 3.000000000000000000e+01 1.000000000000000000e+00 0.000000000000000000e+00
4.590000000000000000e+02 6.300000000000000000e+01 3.300000000000000000e+01 1.000000000000000000e+00 0.000000000000000000e+00
4.590000000000000000e+02 5.100000000000000000e+01 3.300000000000000000e+01 0.000000000000000000e+00 0.000000000000000000e+00
4.620000000000000000e+02 6.000000000000000000e+01 3.900000000000000000e+01 1.000000000000000000e+00 0.000000000000000000e+00
4.670000000000000000e+02 6.300000000000000000e+01 4.600000000000000000e+01 0.000000000000000000e+00 0.000000000000000000e+00
4.680000000000000000e+02 6.500000000000000000e+01 3.600000000000000000e+01 1.000000000000000000e+00 0.000000000000000000e+00
4.680000000000000000e+02 5.600000000000000000e+01 2.500000000000000000e+01 1.000000000000000000e+00 0.000000000000000000e+00
4.680000000000000000e+02 6.300000000000000000e+01 3.700000000000000000e+01 0.000000000000000000e+00 0.000000000000000000e+00
4.680000000000000000e+02 5.900000000000000000e+01 3.000000000000000000e+01 1.000000000000000000e+00 0.000000000000000000e+00
4.790000000000000000e+02 5.700000000000000000e+01 3.000000000000000000e+01 1.000000000000000000e+00 0.000000000000000000e+00
4.860000000000000000e+02 5.000000000000000000e+01 3.200000000000000000e+01 1.000000000000000000e+00 0.000000000000000000e+00
4.870000000000000000e+02 5.100000000000000000e+01 4.400000000000000000e+01 0.000000000000000000e+00 0.000000000000000000e+00
4.920000000000000000e+02 6.400000000000000000e+01 3.400000000000000000e+01 1.000000000000000000e+00 0.000000000000000000e+00
4.940000000000000000e+02 6.000000000000000000e+01 4.400000000000000000e+01 0.000000000000000000e+00 0.000000000000000000e+00
5.120000000000000000e+02 5.700000000000000000e+01 3.500000000000000000e+01 0.000000000000000000e+00 0.000000000000000000e+00
5.220000000000000000e+02 6.300000000000000000e+01 4.400000000000000000e+01 0.000000000000000000e+00 0.000000000000000000e+00
5.350000000000000000e+02 5.800000000000000000e+01 3.700000000000000000e+01 1.000000000000000000e+00 0.000000000000000000e+00
5.410000000000000000e+02 2.500000000000000000e+01 1.400000000000000000e+01 0.000000000000000000e+00 0.000000000000000000e+00
5.440000000000000000e+02 5.300000000000000000e+01 2.800000000000000000e+01 1.000000000000000000e+00 0.000000000000000000e+00
5.450000000000000000e+02 4.800000000000000000e+01 3.500000000000000000e+01 1.000000000000000000e+00 0.000000000000000000e+00
5.450000000000000000e+02 4.900000000000000000e+01 3.200000000000000000e+01 1.000000000000000000e+00 0.000000000000000000e+00
5.500000000000000000e+02 5.300000000000000000e+01 4.200000000000000000e+01 0.000000000000000000e+00 0.000000000000000000e+00
5.560000000000000000e+02 5.100000000000000000e+01 4.800000000000000000e+01 0.000000000000000000e+00 0.000000000000000000e+00
5.610000000000000000e+02 5.500000000000000000e+01 4.300000000000000000e+01 0.000000000000000000e+00 0.000000000000000000e+00
5.620000000000000000e+02 4.800000000000000000e+01 4.500000000000000000e+01 0.000000000000000000e+00 0.000000000000000000e+00
5.660000000000000000e+02 5.600000000000000000e+01 4.900000000000000000e+01 0.000000000000000000e+00 0.000000000000000000e+00
5.750000000000000000e+02 5.300000000000000000e+01 4.500000000000000000e+01 0.000000000000000000e+00 0.000000000000000000e+00
5.810000000000000000e+02 2.500000000000000000e+01 7.600000000000000000e+01 0.000000000000000000e+00 0.000000000000000000e+00
5.850000000000000000e+02 5.900000000000000000e+01 3.800000000000000000e+01 0.000000000000000000e+00 0.000000000000000000e+00
6.000000000000000000e+02 5.300000000000000000e+01 3.800000000000000000e+01 0.000000000000000000e+00 0.000000000000000000e+00
6.010000000000000000e+02 5.900000000000000000e+01 3.100000000000000000e+01 1.000000000000000000e+00 0.000000000000000000e+00
6.040000000000000000e+02 4.600000000000000000e+01 3.800000000000000000e+01 1.000000000000000000e+00 0.000000000000000000e+00
6.090000000000000000e+02 5.100000000000000000e+01 3.200000000000000000e+01 1.000000000000000000e+00 0.000000000000000000e+00
6.100000000000000000e+02 5.800000000000000000e+01 3.000000000000000000e+01 1.000000000000000000e+00 0.000000000000000000e+00
6.110000000000000000e+02 6.200000000000000000e+01 3.600000000000000000e+01 0.000000000000000000e+00 0.000000000000000000e+00
6.140000000000000000e+02 5.300000000000000000e+01 3.400000000000000000e+01 0.000000000000000000e+00 0.000000000000000000e+00
6.270000000000000000e+02 5.500000000000000000e+01 2.900000000000000000e+01 1.000000000000000000e+00 0.000000000000000000e+00
6.300000000000000000e+02 6.100000000000000000e+01 4.500000000000000000e+01 0.000000000000000000e+00 0.000000000000000000e+00
6.320000000000000000e+02 5.200000000000000000e+01 3.100000000000000000e+01 1.000000000000000000e+00 0.000000000000000000e+00
6.500000000000000000e+02 4.500000000000000000e+01 3.100000000000000000e+01 1.000000000000000000e+00 0.000000000000000000e+00
6.900000000000000000e+02 5.500000000000000000e+01 4.200000000000000000e+01 0.000000000000000000e+00 0.000000000000000000e+00
6.920000000000000000e+02 6.200000000000000000e+01 4.100000000000000000e+01 1.000000000000000000e+00 0.000000000000000000e+00
7.070000000000000000e+02 5.600000000000000000e+01 2.600000000000000000e+01 1.000000000000000000e+00 0.000000000000000000e+00
7.160000000000000000e+02 6.400000000000000000e+01 3.500000000000000000e+01 1.000000000000000000e+00 0.000000000000000000e+00
7.170000000000000000e+02 5.500000000000000000e+01 4.500000000000000000e+01 0.000000000000000000e+00 0.000000000000000000e+00
7.270000000000000000e+02 5.600000000000000000e+01 2.000000000000000000e+00 1.000000000000000000e+00 0.000000000000000000e+00
7.270000000000000000e+02 5.700000000000000000e+01 2.800000000000000000e+01 1.000000000000000000e+00 0.000000000000000000e+00
7.280000000000000000e+02 5.700000000000000000e+01 3.700000000000000000e+01 1.000000000000000000e+00 0.000000000000000000e+00
7.300000000000000000e+02 5.600000000000000000e+01 4.000000000000000000e+01 0.000000000000000000e+00 0.000000000000000000e+00
7.310000000000000000e+02 5.600000000000000000e+01 3.800000000000000000e+01 0.000000000000000000e+00 0.000000000000000000e+00
7.490000000000000000e+02 5.400000000000000000e+01 3.100000000000000000e+01 1.000000000000000000e+00 0.000000000000000000e+00
7.530000000000000000e+02 5.500000000000000000e+01 4.000000000000000000e+01 0.000000000000000000e+00 0.000000000000000000e+00
7.580000000000000000e+02 5.600000000000000000e+01 7.000000000000000000e+00 1.000000000000000000e+00 0.000000000000000000e+00
7.660000000000000000e+02 5.300000000000000000e+01 3.100000000000000000e+01 1.000000000000000000e+00 0.000000000000000000e+00
7.670000000000000000e+02 5.300000000000000000e+01 3.100000000000000000e+01 1.000000000000000000e+00 0.000000000000000000e+00
7.760000000000000000e+02 5.600000000000000000e+01 9.000000000000000000e+00 1.000000000000000000e+00 0.000000000000000000e+00
7.790000000000000000e+02 5.000000000000000000e+01 3.700000000000000000e+01 0.000000000000000000e+00 0.000000000000000000e+00
7.800000000000000000e+02 4.700000000000000000e+01 3.700000000000000000e+01 1.000000000000000000e+00 0.000000000000000000e+00
7.800000000000000000e+02 5.400000000000000000e+01 4.900000000000000000e+01 0.000000000000000000e+00 0.000000000000000000e+00
7.940000000000000000e+02 5.100000000000000000e+01 3.400000000000000000e+01 0.000000000000000000e+00 0.000000000000000000e+00
7.960000000000000000e+02 5.300000000000000000e+01 3.000000000000000000e+01 1.000000000000000000e+00 0.000000000000000000e+00
7.980000000000000000e+02 5.300000000000000000e+01 3.500000000000000000e+01 1.000000000000000000e+00 0.000000000000000000e+00
7.990000000000000000e+02 4.800000000000000000e+01 3.400000000000000000e+01 1.000000000000000000e+00 0.000000000000000000e+00
8.000000000000000000e+02 4.800000000000000000e+01 3.400000000000000000e+01 1.000000000000000000e+00 0.000000000000000000e+00
8.000000000000000000e+02 6.100000000000000000e+01 3.000000000000000000e+01 1.000000000000000000e+00 0.000000000000000000e+00
8.050000000000000000e+02 5.100000000000000000e+01 4.800000000000000000e+01 0.000000000000000000e+00 0.000000000000000000e+00
8.310000000000000000e+02 6.400000000000000000e+01 3.100000000000000000e+01 1.000000000000000000e+00 0.000000000000000000e+00
8.380000000000000000e+02 5.100000000000000000e+01 3.200000000000000000e+01 1.000000000000000000e+00 0.000000000000000000e+00
8.430000000000000000e+02 5.400000000000000000e+01 3.000000000000000000e+01 1.000000000000000000e+00 0.000000000000000000e+00
8.720000000000000000e+02 5.000000000000000000e+01 3.300000000000000000e+01 1.000000000000000000e+00 0.000000000000000000e+00
8.720000000000000000e+02 6.000000000000000000e+01 3.100000000000000000e+01 1.000000000000000000e+00 0.000000000000000000e+00
8.760000000000000000e+02 4.700000000000000000e+01 4.200000000000000000e+01 1.000000000000000000e+00 0.000000000000000000e+00
8.770000000000000000e+02 5.800000000000000000e+01 3.400000000000000000e+01 0.000000000000000000e+00 0.000000000000000000e+00
8.910000000000000000e+02 6.000000000000000000e+01 3.700000000000000000e+01 0.000000000000000000e+00 0.000000000000000000e+00
8.920000000000000000e+02 6.000000000000000000e+01 3.400000000000000000e+01 0.000000000000000000e+00 0.000000000000000000e+00
8.950000000000000000e+02 4.900000000000000000e+01 3.400000000000000000e+01 1.000000000000000000e+00 0.000000000000000000e+00
9.050000000000000000e+02 5.900000000000000000e+01 4.100000000000000000e+01 0.000000000000000000e+00 0.000000000000000000e+00
9.080000000000000000e+02 4.800000000000000000e+01 3.500000000000000000e+01 1.000000000000000000e+00 0.000000000000000000e+00
9.150000000000000000e+02 4.500000000000000000e+01 3.600000000000000000e+01 1.000000000000000000e+00 0.000000000000000000e+00
9.260000000000000000e+02 5.800000000000000000e+01 2.800000000000000000e+01 1.000000000000000000e+00 0.000000000000000000e+00
9.290000000000000000e+02 4.300000000000000000e+01 3.600000000000000000e+01 1.000000000000000000e+00 0.000000000000000000e+00
9.300000000000000000e+02 5.200000000000000000e+01 2.000000000000000000e+01 1.000000000000000000e+00 0.000000000000000000e+00
9.310000000000000000e+02 6.000000000000000000e+01 3.800000000000000000e+01 1.000000000000000000e+00 0.000000000000000000e+00
9.350000000000000000e+02 6.100000000000000000e+01 3.800000000000000000e+01 0.000000000000000000e+00 0.000000000000000000e+00
9.390000000000000000e+02 4.700000000000000000e+01 3.300000000000000000e+01 1.000000000000000000e+00 0.000000000000000000e+00
9.410000000000000000e+02 5.800000000000000000e+01 4.200000000000000000e+01 0.000000000000000000e+00 0.000000000000000000e+00
9.460000000000000000e+02 4.200000000000000000e+01 3.100000000000000000e+01 1.000000000000000000e+00 0.000000000000000000e+00
9.470000000000000000e+02 5.600000000000000000e+01 3.400000000000000000e+01 0.000000000000000000e+00 0.000000000000000000e+00
9.500000000000000000e+02 5.400000000000000000e+01 7.000000000000000000e+00 1.000000000000000000e+00 0.000000000000000000e+00
9.560000000000000000e+02 4.700000000000000000e+01 3.600000000000000000e+01 1.000000000000000000e+00 0.000000000000000000e+00
9.730000000000000000e+02 5.500000000000000000e+01 3.500000000000000000e+01 0.000000000000000000e+00 0.000000000000000000e+00
9.740000000000000000e+02 6.200000000000000000e+01 3.200000000000000000e+01 1.000000000000000000e+00 0.000000000000000000e+00
9.780000000000000000e+02 5.400000000000000000e+01 2.800000000000000000e+01 1.000000000000000000e+00 0.000000000000000000e+00
9.830000000000000000e+02 6.100000000000000000e+01 3.100000000000000000e+01 1.000000000000000000e+00 0.000000000000000000e+00
9.930000000000000000e+02 4.700000000000000000e+01 3.800000000000000000e+01 1.000000000000000000e+00 0.000000000000000000e+00
9.940000000000000000e+02 6.200000000000000000e+01 3.000000000000000000e+01 1.000000000000000000e+00 0.000000000000000000e+00
9.970000000000000000e+02 5.200000000000000000e+01 3.100000000000000000e+01 1.000000000000000000e+00 0.000000000000000000e+00
