4.000000000000000000e+00 2.100000000000000000e+01 2.400000000000000000e+01 1.000000000000000000e+00 1.000000000000000000e+00
6.000000000000000000e+00 1.700000000000000000e+01 4.500000000000000000e+01 0.000000000000000000e+00 1.000000000000000000e+00
6.000000000000000000e+00 1.600000000000000000e+01 2.300000000000000000e+01 1.000000000000000000e+00 1.000000000000000000e+00
1.500000000000000000e+01 2.000000000000000000e+01 1.600000000000000000e+01 0.000000000000000000e+00 1.000000000000000000e+00
1.700000000000000000e+01 2.000000000000000000e+01 0.000000000000000000e+00 1.000000000000000000e+00 1.000000000000000000e+00
1.700000000000000000e+01 8.000000000000000000e+00 3.400000000000000000e+01 0.000000000000000000e+00 1.000000000000000000e+00
2.100000000000000000e+01 1.800000000000000000e+01 1.600000000000000000e+01 1.000000000000000000e+00 1.000000000000000000e+00
2.100000000000000000e+01 1.900000000000000000e+01 4.000000000000000000e+00 1.000000000000000000e+00 1.000000000000000000e+00
2.300000000000000000e+01 2.200000000000000000e+01 3.700000000000000000e+01 0.000000000000000000e+00 1.000000000000000000e+00
2.400000000000000000e+01 1.200000000000000000e+01 2.500000000000000000e+01 1.000000000000000000e+00 1.000000000000000000e+00
2.500000000000000000e+01 1.500000000000000000e+01 4.500000000000000000e+01 0.000000000000000000e+00 1.000000000000000000e+00
2.700000000000000000e+01 1.200000000000000000e+01 2.600000000000000000e+01 1.000000000000000000e+00 1.000000000000000000e+00
2.800000000000000000e+01 1.000000000000000000e+01 2.600000000000000000e+01 1.000000000000000000e+00 1.000000000000000000e+00
2.900000000000000000e+01 1.800000000000000000e+01 4.000000000000000000e+01 0.000000000000000000e+00 1.000000000000000000e+00
3.000000000000000000e+01 1.900000000000000000e+01 1.100000000000000000e+01 1.000000000000000000e+00 1.000000000000000000e+00
3.000000000000000000e+01 1.600000000000000000e+01 2.700000000000000000e+01 0.000000000000000000e+00 1.000000000000000000e+00
3.100000000000000000e+01 4.000000000000000000e+00 5.600000000000000000e+01 1.000000000000000000e+00 1.000000000000000000e+00
3.100000000000000000e+01 7.000000000000000000e+00 3.100000000000000000e+01 1.000000000000000000e+00 1.000000000000000000e+00
3.300000000000000000e+01 2.100000000000000000e+01 4.000000000000000000e+01 0.000000000000000000e+00 1.000000000000000000e+00
3.500000000000000000e+01 1.600000000000000000e+01 2.600000000000000000e+01 0.000000000000000000e+00 1.000000000000000000e+00
3.600000000000000000e+01 2.000000000000000000e+01 6.000000000000000000e+00 0.000000000000000000e+00 1.000000000000000000e+00
4.500000000000000000e+01 2.800000000000000000e+01 3.500000000000000000e+01 0.000000000000000000e+00 1.000000000000000000e+00
4.700000000000000000e+01 1.900000000000000000e+01 4.100000000000000000e+01 0.000000000000000000e+00 1.000000000000000000e+00
4.700000000000000000e+01 2.000000000000000000e+01 1.500000000000000000e+01 0.000000000000000000e+00 1.000000000000000000e+00
4.800000000000000000e+01 2.100000000000000000e+01 4.500000000000000000e+01 0.000000000000000000e+00 1.000000000000000000e+00
6.000000000000000000e+01 2.000000000000000000e+01 3.100000000000000000e+01 0.000000000000000000e+00 1.000000000000000000e+00
6.100000000000000000e+01 1.100000000000000000e+01 3.500000000000000000e+01 0.000000000000000000e+00 1.000000000000000000e+00
6.200000000000000000e+01 2.700000000000000000e+01 4.000000000000000000e+01 0.000000000000000000e+00 1.000000000000000000e+00
6.400000000000000000e+01 1.100000000000000000e+01 4.300000000000000000e+01 0.000000000000000000e+00 1.000000000000000000e+00
6.600000000000000000e+01 2.000000000000000000e+01 1.400000000000000000e+01 0.000000000000000000e+00 1.000000000000000000e+00
6.700000000000000000e+01 2.100000000000000000e+01 2.800000000000000000e+01 0.000000000000000000e+00 1.000000000000000000e+00
6.800000000000000000e+01 2.400000000000000000e+01 4.300000000000000000e+01 0.000000000000000000e+00 1.000000000000000000e+00
7.000000000000000000e+01 1.500000000000000000e+01 2.800000000000000000e+01 0.000000000000000000e+00 1.000000000000000000e+00
7.500000000000000000e+01 1.100000000000000000e+01 2.600000000000000000e+01 1.000000000000000000e+00 1.000000000000000000e+00
7.600000000000000000e+01 2.000000000000000000e+01 1.000000000000000000e+00 1.000000000000000000e+00 1.000000000000000000e+00
7.700000000000000000e+01 8.000000000000000000e+00 2.900000000000000000e+01 1.000000000000000000e+00 1.000000000000000000e+00
7.700000000000000000e+01 8.000000000000000000e+00 5.700000000000000000e+01 0.000000000000000000e+00 1.000000000000000000e+00
7.700000000000000000e+01 1.800000000000000000e+01 3.800000000000000000e+01 0.000000000000000000e+00 1.000000000000000000e+00
7.800000000000000000e+01 2.000000000000000000e+01 2.100000000000000000e+01 0.000000000000000000e+00 1.000000000000000000e+00
8.500000000000000000e+01 1.800000000000000000e+01 3.700000000000000000e+01 0.000000000000000000e+00 1.000000000000000000e+00
8.800000000000000000e+01 2.100000000000000000e+01 2.400000000000000000e+01 0.000000000000000000e+00 1.000000000000000000e+00
8.800000000000000000e+01 8.000000000000000000e+00 3.200000000000000000e+01 0.000000000000000000e+00 1.000000000000000000e+00
9.000000000000000000e+01 2.800000000000000000e+01 3.800000000000000000e+01 0.000000000000000000e+00 1.000000000000000000e+00
1.190000000000000000e+02 1.700000000000000000e+01 2.200000000000000000e+01 1.000000000000000000e+00 1.000000000000000000e+00
1.340000000000000000e+02 1.400000000000000000e+01 4.000000000000000000e+01 0.000000000000000000e+00 1.000000000000000000e+00
1.340000000000000000e+02 8.000000000000000000e+00 4.000000000000000000e+01 1.000000000000000000e+00 1.000000000000000000e+00
1.370000000000000000e+02 8.000000000000000000e+00 4.000000000000000000e+01 1.000000000000000000e+00 1.000000000000000000e+00
1.420000000000000000e+02 1.200000000000000000e+01 4.400000000000000000e+01 0.000000000000000000e+00 1.000000000000000000e+00
1.430000000000000000e+02 8.000000000000000000e+00 2.200000000000000000e+01 1.000000000000000000e+00 1.000000000000000000e+00
1.530000000000000000e+02 1.800000000000000000e+01 1.800000000000000000e+01 1.000000000000000000e+00 1.000000000000000000e+00
1.560000000000000000e+02 7.000000000000000000e+00 3.300000000000000000e+01 1.000000000000000000e+00 1.000000000000000000e+00
1.560000000000000000e+02 9.000000000000000000e+00 2.800000000000000000e+01 1.000000000000000000e+00 1.000000000000000000e+00
1.570000000000000000e+02 9.000000000000000000e+00 2.800000000000000000e+01 1.000000000000000000e+00 1.000000000000000000e+00
1.580000000000000000e+02 1.800000000000000000e+01 1.700000000000000000e+01 1.000000000000000000e+00 1.000000000000000000e+00
1.590000000000000000e+02 2.600000000000000000e+01 3.000000000000000000e+01 0.000000000000000000e+00 1.000000000000000000e+00
1.620000000000000000e+02 1.900000000000000000e+01 9.000000000000000000e+00 1.000000000000000000e+00 1.000000000000000000e+00
1.630000000000000000e+02 2.000000000000000000e+01 1.700000000000000000e+01 0.000000000000000000e+00 1.000000000000000000e+00
1.680000000000000000e+02 2.200000000000000000e+01 4.200000000000000000e+01 0.000000000000000000e+00 1.000000000000000000e+00
1.680000000000000000e+02 2.000000000000000000e+01 1.900000000000000000e+01 0.000000000000000000e+00 1.000000000000000000e+00
1.700000000000000000e+02 7.000000000000000000e+00 3.600000000000000000e+01 1.000000000000000000e+00 1.000000000000000000e+00
1.700000000000000000e+02 2.700000000000000000e+01 3.800000000000000000e+01 0.000000000000000000e+00 1.000000000000000000e+00
1.720000000000000000e+02 7.000000000000000000e+00 3.700000000000000000e+01 1.000000000000000000e+00 1.000000000000000000e+00
1.740000000000000000e+02 2.100000000000000000e+01 3.200000000000000000e+01 0.000000000000000000e+00 1.000000000000000000e+00
1.750000000000000000e+02 2.000000000000000000e+01 2.000000000000000000e+00 1.000000000000000000e+00 1.000000000000000000e+00
1.760000000000000000e+02 1.700000000000000000e+01 2.400000000000000000e+01 1.000000000000000000e+00 1.000000000000000000e+00
1.780000000000000000e+02 1.600000000000000000e+01 2.400000000000000000e+01 1.000000000000000000e+00 1.000000000000000000e+00
1.780000000000000000e+02 2.700000000000000000e+01 4.100000000000000000e+01 0.000000000000000000e+00 1.000000000000000000e+00
1.780000000000000000e+02 2.800000000000000000e+01 3.100000000000000000e+01 0.000000000000000000e+00 1.000000000000000000e+00
1.790000000000000000e+02 2.800000000000000000e+01 3.200000000000000000e+01 0.000000000000000000e+00 1.000000000000000000e+00
1.830000000000000000e+02 1.700000000000000000e+01 3.300000000000000000e+01 0.000000000000000000e+00 1.000000000000000000e+00
1.840000000000000000e+02 1.900000000000000000e+01 1.200000000000000000e+01 1.000000000000000000e+00 1.000000000000000000e+00
1.840000000000000000e+02 1.400000000000000000e+01 2.500000000000000000e+01 1.000000000000000000e+00 1.000000000000000000e+00
1.840000000000000000e+02 1.600000000000000000e+01 4.400000000000000000e+01 0.000000000000000000e+00 1.000000000000000000e+00
1.850000000000000000e+02 2.300000000000000000e+01 4.100000000000000000e+01 0.000000000000000000e+00 1.000000000000000000e+00
1.860000000000000000e+02 2.100000000000000000e+01 8.000000000000000000e+00 0.000000000000000000e+00 1.000000000000000000e+00
1.870000000000000000e+02 1.100000000000000000e+01 2.500000000000000000e+01 1.000000000000000000e+00 1.000000000000000000e+00
1.890000000000000000e+02 2.300000000000000000e+01 4.400000000000000000e+01 0.000000000000000000e+00 1.000000000000000000e+00
1.910000000000000000e+02 1.700000000000000000e+01 2.700000000000000000e+01 0.000000000000000000e+00 1.000000000000000000e+00
1.910000000000000000e+02 1.700000000000000000e+01 4.100000000000000000e+01 0.000000000000000000e+00 1.000000000000000000e+00
1.920000000000000000e+02 1.900000000000000000e+01 4.300000000000000000e+01 0.000000000000000000e+00 1.000000000000000000e+00
1.930000000000000000e+02 1.500000000000000000e+01 2.300000000000000000e+01 1.000000000000000000e+00 1.000000000000000000e+00
1.960000000000000000e+02 1.600000000000000000e+01 3.200000000000000000e+01 0.000000000000000000e+00 1.000000000000000000e+00
1.970000000000000000e+02 2.000000000000000000e+01 1.800000000000000000e+01 0.000000000000000000e+00 1.000000000000000000e+00
1.980000000000000000e+02 1.100000000000000000e+01 2.700000000000000000e+01 1.000000000000000000e+00 1.000000000000000000e+00
2.010000000000000000e+02 1.400000000000000000e+01 4.400000000000000000e+01 0.000000000000000000e+00 1.000000000000000000e+00
2.020000000000000000e+02 7.000000000000000000e+00 3.500000000000000000e+01 1.000000000000000000e+00 1.000000000000000000e+00
2.030000000000000000e+02 7.000000000000000000e+00 3.400000000000000000e+01 1.000000000000000000e+00 1.000000000000000000e+00
2.050000000000000000e+02 1.400000000000000000e+01 2.400000000000000000e+01 1.000000000000000000e+00 1.000000000000000000e+00
2.100000000000000000e+02 1.500000000000000000e+01 2.700000000000000000e+01 0.000000000000000000e+00 1.000000000000000000e+00
2.110000000000000000e+02 6.000000000000000000e+00 3.500000000000000000e+01 1.000000000000000000e+00 1.000000000000000000e+00
2.130000000000000000e+02 2.500000000000000000e+01 3.000000000000000000e+01 0.000000000000000000e+00 1.000000000000000000e+00
2.200000000000000000e+02 1.700000000000000000e+01 2.500000000000000000e+01 0.000000000000000000e+00 1.000000000000000000e+00
2.210000000000000000e+02 2.700000000000000000e+01 3.100000000000000000e+01 0.000000000000000000e+00 1.000000000000000000e+00
2.270000000000000000e+02 2.100000000000000000e+01 7.000000000000000000e+00 0.000000000000000000e+00 1.000000000000000000e+00
2.290000000000000000e+02 1.800000000000000000e+01 2.300000000000000000e+01 1.000000000000000000e+00 1.000000000000000000e+00
2.300000000000000000e+02 2.000000000000000000e+01 3.700000000000000000e+01 0.000000000000000000e+00 1.000000000000000000e+00
2.320000000000000000e+02 9.000000000000000000e+00 2.500000000000000000e+01 1.000000000000000000e+00 1.000000000000000000e+00
2.340000000000000000e+02 2.000000000000000000e+01 8.000000000000000000e+00 0.000000000000000000e+00 1.000000000000000000e+00
2.380000000000000000e+02 1.600000000000000000e+01 3.400000000000000000e+01 0.000000000000000000e+00 1.000000000000000000e+00
2.380000000000000000e+02 2.500000000000000000e+01 4.200000000000000000e+01 0.000000000000000000e+00 1.000000000000000000e+00
2.380000000000000000e+02 8.000000000000000000e+00 2.800000000000000000e+01 1.000000000000000000e+00 1.000000000000000000e+00
2.420000000000000000e+02 7.000000000000000000e+00 3.200000000000000000e+01 1.000000000000000000e+00 1.000000000000000000e+00
2.440000000000000000e+02 1.800000000000000000e+01 2.100000000000000000e+01 1.000000000000000000e+00 1.000000000000000000e+00
2.500000000000000000e+02 1.300000000000000000e+01 3.400000000000000000e+01 0.000000000000000000e+00 1.000000000000000000e+00
2.530000000000000000e+02 2.100000000000000000e+01 2.400000000000000000e+01 1.000000000000000000e+00 1.000000000000000000e+00
2.530000000000000000e+02 1.300000000000000000e+01 4.500000000000000000e+01 0.000000000000000000e+00 1.000000000000000000e+00
2.530000000000000000e+02 1.000000000000000000e+01 2.500000000000000000e+01 1.000000000000000000e+00 1.000000000000000000e+00
2.540000000000000000e+02 1.000000000000000000e+01 2.500000000000000000e+01 1.000000000000000000e+00 1.000000000000000000e+00
2.550000000000000000e+02 1.500000000000000000e+01 3.300000000000000000e+01 0.000000000000000000e+00 1.000000000000000000e+00
2.570000000000000000e+02 1.500000000000000000e+01 4.100000000000000000e+01 0.000000000000000000e+00 1.000000000000000000e+00
2.580000000000000000e+02 1.800000000000000000e+01 4.600000000000000000e+01 0.000000000000000000e+00 1.000000000000000000e+00
2.630000000000000000e+02 1.800000000000000000e+01 4.300000000000000000e+01 0.000000000000000000e+00 1.000000000000000000e+00
2.670000000000000000e+02 1.500000000000000000e+01 2.800000000000000000e+01 0.000000000000000000e+00 1.000000000000000000e+00
2.730000000000000000e+02 2.600000000000000000e+01 4.200000000000000000e+01 0.000000000000000000e+00 1.000000000000000000e+00
2.730000000000000000e+02 5.000000000000000000e+00 1.700000000000000000e+01 1.000000000000000000e+00 1.000000000000000000e+00
2.830000000000000000e+02 1.600000000000000000e+01 4.500000000000000000e+01 0.000000000000000000e+00 1.000000000000000000e+00
2.840000000000000000e+02 1.200000000000000000e+01 2.500000000000000000e+01 1.000000000000000000e+00 1.000000000000000000e+00
2.910000000000000000e+02 2.600000000000000000e+01 4.000000000000000000e+01 0.000000000000000000e+00 1.000000000000000000e+00
2.930000000000000000e+02 2.800000000000000000e+01 3.900000000000000000e+01 0.000000000000000000e+00 1.000000000000000000e+00
2.940000000000000000e+02 1.900000000000000000e+01 1.300000000000000000e+01 1.000000000000000000e+00 1.000000000000000000e+00
2.950000000000000000e+02 1.900000000000000000e+01 1.400000000000000000e+01 1.000000000000000000e+00 1.000000000000000000e+00
3.000000000000000000e+02 2.400000000000000000e+01 2.500000000000000000e+01 1.000000000000000000e+00 1.000000000000000000e+00
3.030000000000000000e+02 2.700000000000000000e+01 3.200000000000000000e+01 0.000000000000000000e+00 1.000000000000000000e+00
3.030000000000000000e+02 2.800000000000000000e+01 3.300000000000000000e+01 0.000000000000000000e+00 1.000000000000000000e+00
3.070000000000000000e+02 1.700000000000000000e+01 1.300000000000000000e+01 1.000000000000000000e+00 1.000000000000000000e+00
3.110000000000000000e+02 1.500000000000000000e+01 4.200000000000000000e+01 0.000000000000000000e+00 1.000000000000000000e+00
3.120000000000000000e+02 2.200000000000000000e+01 4.500000000000000000e+01 0.000000000000000000e+00 1.000000000000000000e+00
3.160000000000000000e+02 1.600000000000000000e+01 2.600000000000000000e+01 0.000000000000000000e+00 1.000000000000000000e+00
3.240000000000000000e+02 1.600000000000000000e+01 3.800000000000000000e+01 0.000000000000000000e+00 1.000000000000000000e+00
3.270000000000000000e+02 1.900000000000000000e+01 4.400000000000000000e+01 0.000000000000000000e+00 1.000000000000000000e+00
3.280000000000000000e+02 2.600000000000000000e+01 2.900000000000000000e+01 0.000000000000000000e+00 1.000000000000000000e+00
3.290000000000000000e+02 1.800000000000000000e+01 1.900000000000000000e+01 1.000000000000000000e+00 1.000000000000000000e+00
3.310000000000000000e+02 2.000000000000000000e+01 4.500000000000000000e+01 0.000000000000000000e+00 1.000000000000000000e+00
3.320000000000000000e+02 1.500000000000000000e+01 2.400000000000000000e+01 1.000000000000000000e+00 1.000000000000000000e+00
3.350000000000000000e+02 2.000000000000000000e+01 4.200000000000000000e+01 0.000000000000000000e+00 1.000000000000000000e+00
3.370000000000000000e+02 2.900000000000000000e+01 3.500000000000000000e+01 0.000000000000000000e+00 1.000000000000000000e+00
3.380000000000000000e+02 2.100000000000000000e+01 5.000000000000000000e+00 0.000000000000000000e+00 1.000000000000000000e+00
3.440000000000000000e+02 1.100000000000000000e+01 3.200000000000000000e+01 0.000000000000000000e+00 1.000000000000000000e+00
3.450000000000000000e+02 9.000000000000000000e+00 2.800000000000000000e+01 1.000000000000000000e+00 1.000000000000000000e+00
3.570000000000000000e+02 1.600000000000000000e+01 3.600000000000000000e+01 0.000000000000000000e+00 1.000000000000000000e+00
3.580000000000000000e+02 2.000000000000000000e+01 1.200000000000000000e+01 0.000000000000000000e+00 1.000000000000000000e+00
3.580000000000000000e+02 1.000000000000000000e+01 2.700000000000000000e+01 1.000000000000000000e+00 1.000000000000000000e+00
3.590000000000000000e+02 1.000000000000000000e+01 2.700000000000000000e+01 1.000000000000000000e+00 1.000000000000000000e+00
3.620000000000000000e+02 1.400000000000000000e+01 3.400000000000000000e+01 0.000000000000000000e+00 1.000000000000000000e+00
3.620000000000000000e+02 2.000000000000000000e+01 2.000000000000000000e+01 0.000000000000000000e+00 1.000000000000000000e+00
3.630000000000000000e+02 1.200000000000000000e+01 2.600000000000000000e+01 1.000000000000000000e+00 1.000000000000000000e+00
3.640000000000000000e+02 1.400000000000000000e+01 4.200000000000000000e+01 0.000000000000000000e+00 1.000000000000000000e+00
3.640000000000000000e+02 2.700000000000000000e+01 3.300000000000000000e+01 0.000000000000000000e+00 1.000000000000000000e+00
3.640000000000000000e+02 2.100000000000000000e+01 1.000000000000000000e+01 0.000000000000000000e+00 1.000000000000000000e+00
3.680000000000000000e+02 5.000000000000000000e+00 3.700000000000000000e+01 1.000000000000000000e+00 1.000000000000000000e+00
3.790000000000000000e+02 1.400000000000000000e+01 2.700000000000000000e+01 0.000000000000000000e+00 1.000000000000000000e+00
3.800000000000000000e+02 1.800000000000000000e+01 2.200000000000000000e+01 1.000000000000000000e+00 1.000000000000000000e+00
3.820000000000000000e+02 1.800000000000000000e+01 2.200000000000000000e+01 1.000000000000000000e+00 1.000000000000000000e+00
3.860000000000000000e+02 2.000000000000000000e+01 3.000000000000000000e+00 1.000000000000000000e+00 1.000000000000000000e+00
3.900000000000000000e+02 2.500000000000000000e+01 4.300000000000000000e+01 0.000000000000000000e+00 1.000000000000000000e+00
3.910000000000000000e+02 1.200000000000000000e+01 4.000000000000000000e+01 0.000000000000000000e+00 1.000000000000000000e+00
3.920000000000000000e+02 2.000000000000000000e+01 1.800000000000000000e+01 0.000000000000000000e+00 1.000000000000000000e+00
3.920000000000000000e+02 2.000000000000000000e+01 2.800000000000000000e+01 0.000000000000000000e+00 1.000000000000000000e+00
3.930000000000000000e+02 9.000000000000000000e+00 2.900000000000000000e+01 1.000000000000000000e+00 1.000000000000000000e+00
3.930000000000000000e+02 5.000000000000000000e+00 1.700000000000000000e+01 0.000000000000000000e+00 1.000000000000000000e+00
3.950000000000000000e+02 1.400000000000000000e+01 4.300000000000000000e+01 0.000000000000000000e+00 1.000000000000000000e+00
3.950000000000000000e+02 2.200000000000000000e+01 4.400000000000000000e+01 0.000000000000000000e+00 1.000000000000000000e+00
3.960000000000000000e+02 2.100000000000000000e+01 3.900000000000000000e+01 0.000000000000000000e+00 1.000000000000000000e+00
3.990000000000000000e+02 1.300000000000000000e+01 2.500000000000000000e+01 1.000000000000000000e+00 1.000000000000000000e+00
4.000000000000000000e+02 1.300000000000000000e+01 4.400000000000000000e+01 0.000000000000000000e+00 1.000000000000000000e+00
4.010000000000000000e+02 2.300000000000000000e+01 3.000000000000000000e+01 0.000000000000000000e+00 1.000000000000000000e+00
4.020000000000000000e+02 2.100000000000000000e+01 6.000000000000000000e+00 0.000000000000000000e+00 1.000000000000000000e+00
4.070000000000000000e+02 2.100000000000000000e+01 9.000000000000000000e+00 0.000000000000000000e+00 1.000000000000000000e+00
4.120000000000000000e+02 1.900000000000000000e+01 2.700000000000000000e+01 0.000000000000000000e+00 1.000000000000000000e+00
4.120000000000000000e+02 2.200000000000000000e+01 2.700000000000000000e+01 0.000000000000000000e+00 1.000000000000000000e+00
4.120000000000000000e+02 7.000000000000000000e+00 3.300000000000000000e+01 1.000000000000000000e+00 1.000000000000000000e+00
4.130000000000000000e+02 7.000000000000000000e+00 3.300000000000000000e+01 1.000000000000000000e+00 1.000000000000000000e+00
4.150000000000000000e+02 2.000000000000000000e+01 2.100000000000000000e+01 0.000000000000000000e+00 1.000000000000000000e+00
4.170000000000000000e+02 1.300000000000000000e+01 2.400000000000000000e+01 1.000000000000000000e+00 1.000000000000000000e+00
4.180000000000000000e+02 1.600000000000000000e+01 2.100000000000000000e+01 1.000000000000000000e+00 1.000000000000000000e+00
4.180000000000000000e+02 1.200000000000000000e+01 4.300000000000000000e+01 0.000000000000000000e+00 1.000000000000000000e+00
4.210000000000000000e+02 2.000000000000000000e+01 1.900000000000000000e+01 0.000000000000000000e+00 1.000000000000000000e+00
4.210000000000000000e+02 1.900000000000000000e+01 2.500000000000000000e+01 0.000000000000000000e+00 1.000000000000000000e+00
4.230000000000000000e+02 2.000000000000000000e+01 2.200000000000000000e+01 0.000000000000000000e+00 1.000000000000000000e+00
4.230000000000000000e+02 2.900000000000000000e+01 3.600000000000000000e+01 0.000000000000000000e+00 1.000000000000000000e+00
4.240000000000000000e+02 1.900000000000000000e+01 1.100000000000000000e+01 1.000000000000000000e+00 1.000000000000000000e+00
4.240000000000000000e+02 1.200000000000000000e+01 3.000000000000000000e+01 0.000000000000000000e+00 1.000000000000000000e+00
4.240000000000000000e+02 1.800000000000000000e+01 2.400000000000000000e+01 1.000000000000000000e+00 1.000000000000000000e+00
4.310000000000000000e+02 2.600000000000000000e+01 4.100000000000000000e+01 0.000000000000000000e+00 1.000000000000000000e+00
4.370000000000000000e+02 1.400000000000000000e+01 2.800000000000000000e+01 0.000000000000000000e+00 1.000000000000000000e+00
4.510000000000000000e+02 1.400000000000000000e+01 4.000000000000000000e+01 0.000000000000000000e+00 1.000000000000000000e+00
4.530000000000000000e+02 9.000000000000000000e+00 3.900000000000000000e+01 0.000000000000000000e+00 1.000000000000000000e+00
4.610000000000000000e+02 1.400000000000000000e+01 3.500000000000000000e+01 0.000000000000000000e+00 1.000000000000000000e+00
4.650000000000000000e+02 2.100000000000000000e+01 2.700000000000000000e+01 0.000000000000000000e+00 1.000000000000000000e+00
4.650000000000000000e+02 7.000000000000000000e+00 3.700000000000000000e+01 1.000000000000000000e+00 1.000000000000000000e+00
4.670000000000000000e+02 7.000000000000000000e+00 3.700000000000000000e+01 1.000000000000000000e+00 1.000000000000000000e+00
4.700000000000000000e+02 2.100000000000000000e+01 8.000000000000000000e+00 0.000000000000000000e+00 1.000000000000000000e+00
4.780000000000000000e+02 1.400000000000000000e+01 3.100000000000000000e+01 0.000000000000000000e+00 1.000000000000000000e+00
4.830000000000000000e+02 1.900000000000000000e+01 1.500000000000000000e+01 1.000000000000000000e+00 1.000000000000000000e+00
4.940000000000000000e+02 1.100000000000000000e+01 2.600000000000000000e+01 1.000000000000000000e+00 1.000000000000000000e+00
4.950000000000000000e+02 1.900000000000000000e+01 4.500000000000000000e+01 0.000000000000000000e+00 1.000000000000000000e+00
5.100000000000000000e+02 7.000000000000000000e+00 3.800000000000000000e+01 1.000000000000000000e+00 1.000000000000000000e+00
5.140000000000000000e+02 9.000000000000000000e+00 2.100000000000000000e+01 1.000000000000000000e+00 1.000000000000000000e+00
5.150000000000000000e+02 2.100000000000000000e+01 7.000000000000000000e+00 0.000000000000000000e+00 1.000000000000000000e+00
5.170000000000000000e+02 1.600000000000000000e+01 3.000000000000000000e+01 1.000000000000000000e+00 1.000000000000000000e+00
5.210000000000000000e+02 1.600000000000000000e+01 3.000000000000000000e+01 1.000000000000000000e+00 1.000000000000000000e+00
5.250000000000000000e+02 2.500000000000000000e+01 2.600000000000000000e+01 1.000000000000000000e+00 1.000000000000000000e+00
5.270000000000000000e+02 8.000000000000000000e+00 3.000000000000000000e+01 1.000000000000000000e+00 1.000000000000000000e+00
5.280000000000000000e+02 2.200000000000000000e+01 2.400000000000000000e+01 1.000000000000000000e+00 1.000000000000000000e+00
5.290000000000000000e+02 2.200000000000000000e+01 2.400000000000000000e+01 1.000000000000000000e+00 1.000000000000000000e+00
5.300000000000000000e+02 2.800000000000000000e+01 3.700000000000000000e+01 0.000000000000000000e+00 1.000000000000000000e+00
5.310000000000000000e+02 7.000000000000000000e+00 3.900000000000000000e+01 1.000000000000000000e+00 1.000000000000000000e+00
5.320000000000000000e+02 1.600000000000000000e+01 2.400000000000000000e+01 1.000000000000000000e+00 1.000000000000000000e+00
5.430000000000000000e+02 2.200000000000000000e+01 2.500000000000000000e+01 1.000000000000000000e+00 1.000000000000000000e+00
5.430000000000000000e+02 7.000000000000000000e+00 3.600000000000000000e+01 1.000000000000000000e+00 1.000000000000000000e+00
5.440000000000000000e+02 1.600000000000000000e+01 2.300000000000000000e+01 1.000000000000000000e+00 1.000000000000000000e+00
5.480000000000000000e+02 2.000000000000000000e+01 2.000000000000000000e+01 0.000000000000000000e+00 1.000000000000000000e+00
5.520000000000000000e+02 2.100000000000000000e+01 3.200000000000000000e+01 0.000000000000000000e+00 1.000000000000000000e+00
5.520000000000000000e+02 9.000000000000000000e+00 3.500000000000000000e+01 1.000000000000000000e+00 1.000000000000000000e+00
5.530000000000000000e+02 9.000000000000000000e+00 3.500000000000000000e+01 1.000000000000000000e+00 1.000000000000000000e+00
5.570000000000000000e+02 9.000000000000000000e+00 3.900000000000000000e+01 0.000000000000000000e+00 1.000000000000000000e+00
5.580000000000000000e+02 1.400000000000000000e+01 2.300000000000000000e+01 1.000000000000000000e+00 1.000000000000000000e+00
5.620000000000000000e+02 9.000000000000000000e+00 4.200000000000000000e+01 1.000000000000000000e+00 1.000000000000000000e+00
5.630000000000000000e+02 2.000000000000000000e+01 2.400000000000000000e+01 1.000000000000000000e+00 1.000000000000000000e+00
5.640000000000000000e+02 7.000000000000000000e+00 3.400000000000000000e+01 1.000000000000000000e+00 1.000000000000000000e+00
5.690000000000000000e+02 9.000000000000000000e+00 2.900000000000000000e+01 1.000000000000000000e+00 1.000000000000000000e+00
5.700000000000000000e+02 2.000000000000000000e+01 4.000000000000000000e+00 1.000000000000000000e+00 1.000000000000000000e+00
5.710000000000000000e+02 2.700000000000000000e+01 3.000000000000000000e+01 0.000000000000000000e+00 1.000000000000000000e+00
5.710000000000000000e+02 2.900000000000000000e+01 3.400000000000000000e+01 0.000000000000000000e+00 1.000000000000000000e+00
5.730000000000000000e+02 1.700000000000000000e+01 2.700000000000000000e+01 0.000000000000000000e+00 1.000000000000000000e+00
5.750000000000000000e+02 2.300000000000000000e+01 3.000000000000000000e+01 0.000000000000000000e+00 1.000000000000000000e+00
5.750000000000000000e+02 1.400000000000000000e+01 2.800000000000000000e+01 0.000000000000000000e+00 1.000000000000000000e+00
5.760000000000000000e+02 1.100000000000000000e+01 3.400000000000000000e+01 0.000000000000000000e+00 1.000000000000000000e+00
5.820000000000000000e+02 1.400000000000000000e+01 4.500000000000000000e+01 0.000000000000000000e+00 1.000000000000000000e+00
5.820000000000000000e+02 2.300000000000000000e+01 2.500000000000000000e+01 1.000000000000000000e+00 1.000000000000000000e+00
5.830000000000000000e+02 2.800000000000000000e+01 3.800000000000000000e+01 0.000000000000000000e+00 1.000000000000000000e+00
5.910000000000000000e+02 2.700000000000000000e+01 4.100000000000000000e+01 0.000000000000000000e+00 1.000000000000000000e+00
5.920000000000000000e+02 1.100000000000000000e+01 3.300000000000000000e+01 0.000000000000000000e+00 1.000000000000000000e+00
6.060000000000000000e+02 1.400000000000000000e+01 2.400000000000000000e+01 1.000000000000000000e+00 1.000000000000000000e+00
6.070000000000000000e+02 1.500000000000000000e+01 2.400000000000000000e+01 1.000000000000000000e+00 1.000000000000000000e+00
6.140000000000000000e+02 9.000000000000000000e+00 2.300000000000000000e+01 1.000000000000000000e+00 1.000000000000000000e+00
6.220000000000000000e+02 1.500000000000000000e+01 3.500000000000000000e+01 0.000000000000000000e+00 1.000000000000000000e+00
6.220000000000000000e+02 1.900000000000000000e+01 2.400000000000000000e+01 1.000000000000000000e+00 1.000000000000000000e+00
6.220000000000000000e+02 2.300000000000000000e+01 2.400000000000000000e+01 1.000000000000000000e+00 1.000000000000000000e+00
6.240000000000000000e+02 1.900000000000000000e+01 2.400000000000000000e+01 1.000000000000000000e+00 1.000000000000000000e+00
6.270000000000000000e+02 1.900000000000000000e+01 1.600000000000000000e+01 1.000000000000000000e+00 1.000000000000000000e+00
6.370000000000000000e+02 1.600000000000000000e+01 2.800000000000000000e+01 0.000000000000000000e+00 1.000000000000000000e+00
6.380000000000000000e+02 1.600000000000000000e+01 3.500000000000000000e+01 0.000000000000000000e+00 1.000000000000000000e+00
6.390000000000000000e+02 2.100000000000000000e+01 1.000000000000000000e+01 0.000000000000000000e+00 1.000000000000000000e+00
6.390000000000000000e+02 8.000000000000000000e+00 3.100000000000000000e+01 1.000000000000000000e+00 1.000000000000000000e+00
6.400000000000000000e+02 8.000000000000000000e+00 3.100000000000000000e+01 1.000000000000000000e+00 1.000000000000000000e+00
6.400000000000000000e+02 1.400000000000000000e+01 2.500000000000000000e+01 1.000000000000000000e+00 1.000000000000000000e+00
6.420000000000000000e+02 1.400000000000000000e+01 2.500000000000000000e+01 1.000000000000000000e+00 1.000000000000000000e+00
6.420000000000000000e+02 1.400000000000000000e+01 3.100000000000000000e+01 0.000000000000000000e+00 1.000000000000000000e+00
6.420000000000000000e+02 1.600000000000000000e+01 3.400000000000000000e+01 0.000000000000000000e+00 1.000000000000000000e+00
6.440000000000000000e+02 2.900000000000000000e+01 3.300000000000000000e+01 0.000000000000000000e+00 1.000000000000000000e+00
6.460000000000000000e+02 2.000000000000000000e+01 6.000000000000000000e+00 1.000000000000000000e+00 1.000000000000000000e+00
6.460000000000000000e+02 1.000000000000000000e+01 2.900000000000000000e+01 1.000000000000000000e+00 1.000000000000000000e+00
6.470000000000000000e+02 1.600000000000000000e+01 2.900000000000000000e+01 0.000000000000000000e+00 1.000000000000000000e+00
6.490000000000000000e+02 1.000000000000000000e+01 2.700000000000000000e+01 1.000000000000000000e+00 1.000000000000000000e+00
6.520000000000000000e+02 1.300000000000000000e+01 2.600000000000000000e+01 1.000000000000000000e+00 1.000000000000000000e+00
6.550000000000000000e+02 2.000000000000000000e+01 3.000000000000000000e+01 0.000000000000000000e+00 1.000000000000000000e+00
6.580000000000000000e+02 7.000000000000000000e+00 3.100000000000000000e+01 1.000000000000000000e+00 1.000000000000000000e+00
6.600000000000000000e+02 1.400000000000000000e+01 1.500000000000000000e+01 1.000000000000000000e+00 1.000000000000000000e+00
6.620000000000000000e+02 2.200000000000000000e+01 1.000000000000000000e+00 0.000000000000000000e+00 1.000000000000000000e+00
6.620000000000000000e+02 1.700000000000000000e+01 4.600000000000000000e+01 0.000000000000000000e+00 1.000000000000000000e+00
6.640000000000000000e+02 1.900000000000000000e+01 1.000000000000000000e+01 1.000000000000000000e+00 1.000000000000000000e+00
6.650000000000000000e+02 2.100000000000000000e+01 3.600000000000000000e+01 0.000000000000000000e+00 1.000000000000000000e+00
6.660000000000000000e+02 1.700000000000000000e+01 3.700000000000000000e+01 0.000000000000000000e+00 1.000000000000000000e+00
6.690000000000000000e+02 1.700000000000000000e+01 2.400000000000000000e+01 1.000000000000000000e+00 1.000000000000000000e+00
6.710000000000000000e+02 2.100000000000000000e+01 1.200000000000000000e+01 0.000000000000000000e+00 1.000000000000000000e+00
6.770000000000000000e+02 2.000000000000000000e+01 1.000000000000000000e+01 0.000000000000000000e+00 1.000000000000000000e+00
6.820000000000000000e+02 1.700000000000000000e+01 3.800000000000000000e+01 0.000000000000000000e+00 1.000000000000000000e+00
6.830000000000000000e+02 1.800000000000000000e+01 2.000000000000000000e+01 1.000000000000000000e+00 1.000000000000000000e+00
6.830000000000000000e+02 2.100000000000000000e+01 1.100000000000000000e+01 0.000000000000000000e+00 1.000000000000000000e+00
6.840000000000000000e+02 1.700000000000000000e+01 4.400000000000000000e+01 0.000000000000000000e+00 1.000000000000000000e+00
6.840000000000000000e+02 1.700000000000000000e+01 2.700000000000000000e+01 0.000000000000000000e+00 1.000000000000000000e+00
6.910000000000000000e+02 1.700000000000000000e+01 2.300000000000000000e+01 1.000000000000000000e+00 1.000000000000000000e+00
6.910000000000000000e+02 7.000000000000000000e+00 3.300000000000000000e+01 1.000000000000000000e+00 1.000000000000000000e+00
6.910000000000000000e+02 2.100000000000000000e+01 3.000000000000000000e+00 0.000000000000000000e+00 1.000000000000000000e+00
6.910000000000000000e+02 2.300000000000000000e+01 2.900000000000000000e+01 0.000000000000000000e+00 1.000000000000000000e+00
6.920000000000000000e+02 1.700000000000000000e+01 3.400000000000000000e+01 0.000000000000000000e+00 1.000000000000000000e+00
6.930000000000000000e+02 1.700000000000000000e+01 3.500000000000000000e+01 0.000000000000000000e+00 1.000000000000000000e+00
6.930000000000000000e+02 2.200000000000000000e+01 3.000000000000000000e+01 0.000000000000000000e+00 1.000000000000000000e+00
6.970000000000000000e+02 2.100000000000000000e+01 0.000000000000000000e+00 0.000000000000000000e+00 1.000000000000000000e+00
7.010000000000000000e+02 9.000000000000000000e+00 2.800000000000000000e+01 1.000000000000000000e+00 1.000000000000000000e+00
7.020000000000000000e+02 1.900000000000000000e+01 3.200000000000000000e+01 0.000000000000000000e+00 1.000000000000000000e+00
7.090000000000000000e+02 1.700000000000000000e+01 3.900000000000000000e+01 0.000000000000000000e+00 1.000000000000000000e+00
7.100000000000000000e+02 2.100000000000000000e+01 9.000000000000000000e+00 0.000000000000000000e+00 1.000000000000000000e+00
7.120000000000000000e+02 2.000000000000000000e+01 4.400000000000000000e+01 0.000000000000000000e+00 1.000000000000000000e+00
7.180000000000000000e+02 1.800000000000000000e+01 2.200000000000000000e+01 1.000000000000000000e+00 1.000000000000000000e+00
7.200000000000000000e+02 1.700000000000000000e+01 2.600000000000000000e+01 0.000000000000000000e+00 1.000000000000000000e+00
7.200000000000000000e+02 2.200000000000000000e+01 3.300000000000000000e+01 0.000000000000000000e+00 1.000000000000000000e+00
7.230000000000000000e+02 1.900000000000000000e+01 3.000000000000000000e+01 0.000000000000000000e+00 1.000000000000000000e+00
7.270000000000000000e+02 2.200000000000000000e+01 3.200000000000000000e+01 0.000000000000000000e+00 1.000000000000000000e+00
7.350000000000000000e+02 7.000000000000000000e+00 3.500000000000000000e+01 1.000000000000000000e+00 1.000000000000000000e+00
7.360000000000000000e+02 1.300000000000000000e+01 4.200000000000000000e+01 0.000000000000000000e+00 1.000000000000000000e+00
7.510000000000000000e+02 2.000000000000000000e+01 2.100000000000000000e+01 0.000000000000000000e+00 1.000000000000000000e+00
7.570000000000000000e+02 1.700000000000000000e+01 4.500000000000000000e+01 0.000000000000000000e+00 1.000000000000000000e+00
7.590000000000000000e+02 1.900000000000000000e+01 1.400000000000000000e+01 1.000000000000000000e+00 1.000000000000000000e+00
7.590000000000000000e+02 2.800000000000000000e+01 3.900000000000000000e+01 0.000000000000000000e+00 1.000000000000000000e+00
7.620000000000000000e+02 1.900000000000000000e+01 4.600000000000000000e+01 0.000000000000000000e+00 1.000000000000000000e+00
7.650000000000000000e+02 9.000000000000000000e+00 2.700000000000000000e+01 1.000000000000000000e+00 1.000000000000000000e+00
7.690000000000000000e+02 1.500000000000000000e+01 4.000000000000000000e+01 0.000000000000000000e+00 1.000000000000000000e+00
7.710000000000000000e+02 9.000000000000000000e+00 2.600000000000000000e+01 1.000000000000000000e+00 1.000000000000000000e+00
7.750000000000000000e+02 2.200000000000000000e+01 4.500000000000000000e+01 0.000000000000000000e+00 1.000000000000000000e+00
7.750000000000000000e+02 1.100000000000000000e+01 2.700000000000000000e+01 1.000000000000000000e+00 1.000000000000000000e+00
7.830000000000000000e+02 1.200000000000000000e+01 2.600000000000000000e+01 1.000000000000000000e+00 1.000000000000000000e+00
7.840000000000000000e+02 2.000000000000000000e+01 5.000000000000000000e+00 1.000000000000000000e+00 1.000000000000000000e+00
7.910000000000000000e+02 2.400000000000000000e+01 4.400000000000000000e+01 0.000000000000000000e+00 1.000000000000000000e+00
7.920000000000000000e+02 2.500000000000000000e+01 4.100000000000000000e+01 0.000000000000000000e+00 1.000000000000000000e+00
7.930000000000000000e+02 2.800000000000000000e+01 3.400000000000000000e+01 0.000000000000000000e+00 1.000000000000000000e+00
7.950000000000000000e+02 2.300000000000000000e+01 4.400000000000000000e+01 0.000000000000000000e+00 1.000000000000000000e+00
7.960000000000000000e+02 2.000000000000000000e+01 3.500000000000000000e+01 0.000000000000000000e+00 1.000000000000000000e+00
7.960000000000000000e+02 1.200000000000000000e+01 2.700000000000000000e+01 1.000000000000000000e+00 1.000000000000000000e+00
8.060000000000000000e+02 1.300000000000000000e+01 2.500000000000000000e+01 1.000000000000000000e+00 1.000000000000000000e+00
8.090000000000000000e+02 2.100000000000000000e+01 4.500000000000000000e+01 0.000000000000000000e+00 1.000000000000000000e+00
8.120000000000000000e+02 8.000000000000000000e+00 3.000000000000000000e+01 1.000000000000000000e+00 1.000000000000000000e+00
8.130000000000000000e+02 2.100000000000000000e+01 4.400000000000000000e+01 0.000000000000000000e+00 1.000000000000000000e+00
8.150000000000000000e+02 2.100000000000000000e+01 3.200000000000000000e+01 0.000000000000000000e+00 1.000000000000000000e+00
8.180000000000000000e+02 1.000000000000000000e+01 2.800000000000000000e+01 1.000000000000000000e+00 1.000000000000000000e+00
8.190000000000000000e+02 1.900000000000000000e+01 1.700000000000000000e+01 1.000000000000000000e+00 1.000000000000000000e+00
8.220000000000000000e+02 2.900000000000000000e+01 3.500000000000000000e+01 0.000000000000000000e+00 1.000000000000000000e+00
8.240000000000000000e+02 2.100000000000000000e+01 8.000000000000000000e+00 0.000000000000000000e+00 1.000000000000000000e+00
8.320000000000000000e+02 2.200000000000000000e+01 2.000000000000000000e+00 0.000000000000000000e+00 1.000000000000000000e+00
8.350000000000000000e+02 2.800000000000000000e+01 4.000000000000000000e+01 0.000000000000000000e+00 1.000000000000000000e+00
8.390000000000000000e+02 8.000000000000000000e+00 3.900000000000000000e+01 1.000000000000000000e+00 1.000000000000000000e+00
8.410000000000000000e+02 1.800000000000000000e+01 3.900000000000000000e+01 0.000000000000000000e+00 1.000000000000000000e+00
8.410000000000000000e+02 1.100000000000000000e+01 2.800000000000000000e+01 1.000000000000000000e+00 1.000000000000000000e+00
8.410000000000000000e+02 2.800000000000000000e+01 3.100000000000000000e+01 0.000000000000000000e+00 1.000000000000000000e+00
8.440000000000000000e+02 2.000000000000000000e+01 2.200000000000000000e+01 0.000000000000000000e+00 1.000000000000000000e+00
8.560000000000000000e+02 1.500000000000000000e+01 2.500000000000000000e+01 1.000000000000000000e+00 1.000000000000000000e+00
8.630000000000000000e+02 1.200000000000000000e+01 3.900000000000000000e+01 0.000000000000000000e+00 1.000000000000000000e+00
8.650000000000000000e+02 1.600000000000000000e+01 4.600000000000000000e+01 0.000000000000000000e+00 1.000000000000000000e+00
8.760000000000000000e+02 1.600000000000000000e+01 2.400000000000000000e+01 1.000000000000000000e+00 1.000000000000000000e+00
8.770000000000000000e+02 2.200000000000000000e+01 0.000000000000000000e+00 0.000000000000000000e+00 1.000000000000000000e+00
8.770000000000000000e+02 2.600000000000000000e+01 4.200000000000000000e+01 0.000000000000000000e+00 1.000000000000000000e+00
8.850000000000000000e+02 2.200000000000000000e+01 1.000000000000000000e+00 0.000000000000000000e+00 1.000000000000000000e+00
8.880000000000000000e+02 1.800000000000000000e+01 4.600000000000000000e+01 0.000000000000000000e+00 1.000000000000000000e+00
8.920000000000000000e+02 2.900000000000000000e+01 3.700000000000000000e+01 0.000000000000000000e+00 1.000000000000000000e+00
8.950000000000000000e+02 2.100000000000000000e+01 1.400000000000000000e+01 0.000000000000000000e+00 1.000000000000000000e+00
8.950000000000000000e+02 2.700000000000000000e+01 4.000000000000000000e+01 0.000000000000000000e+00 1.000000000000000000e+00
9.000000000000000000e+02 2.100000000000000000e+01 3.800000000000000000e+01 0.000000000000000000e+00 1.000000000000000000e+00
9.030000000000000000e+02 1.800000000000000000e+01 4.500000000000000000e+01 0.000000000000000000e+00 1.000000000000000000e+00
9.050000000000000000e+02 2.100000000000000000e+01 2.000000000000000000e+00 0.000000000000000000e+00 1.000000000000000000e+00
9.060000000000000000e+02 2.100000000000000000e+01 1.000000000000000000e+01 0.000000000000000000e+00 1.000000000000000000e+00
9.060000000000000000e+02 8.000000000000000000e+00 3.100000000000000000e+01 1.000000000000000000e+00 1.000000000000000000e+00
9.070000000000000000e+02 2.000000000000000000e+01 1.600000000000000000e+01 0.000000000000000000e+00 1.000000000000000000e+00
9.070000000000000000e+02 1.900000000000000000e+01 1.300000000000000000e+01 1.000000000000000000e+00 1.000000000000000000e+00
9.110000000000000000e+02 2.700000000000000000e+01 4.100000000000000000e+01 0.000000000000000000e+00 1.000000000000000000e+00
9.120000000000000000e+02 9.000000000000000000e+00 2.900000000000000000e+01 1.000000000000000000e+00 1.000000000000000000e+00
9.120000000000000000e+02 1.200000000000000000e+01 2.500000000000000000e+01 1.000000000000000000e+00 1.000000000000000000e+00
9.120000000000000000e+02 1.900000000000000000e+01 3.100000000000000000e+01 0.000000000000000000e+00 1.000000000000000000e+00
9.170000000000000000e+02 1.200000000000000000e+01 3.600000000000000000e+01 0.000000000000000000e+00 1.000000000000000000e+00
9.180000000000000000e+02 1.800000000000000000e+01 2.700000000000000000e+01 0.000000000000000000e+00 1.000000000000000000e+00
9.240000000000000000e+02 2.100000000000000000e+01 1.100000000000000000e+01 0.000000000000000000e+00 1.000000000000000000e+00
9.250000000000000000e+02 1.900000000000000000e+01 3.400000000000000000e+01 0.000000000000000000e+00 1.000000000000000000e+00
9.250000000000000000e+02 1.800000000000000000e+01 3.400000000000000000e+01 0.000000000000000000e+00 1.000000000000000000e+00
9.270000000000000000e+02 2.700000000000000000e+01 3.900000000000000000e+01 0.000000000000000000e+00 1.000000000000000000e+00
9.340000000000000000e+02 2.500000000000000000e+01 4.300000000000000000e+01 0.000000000000000000e+00 1.000000000000000000e+00
9.370000000000000000e+02 2.000000000000000000e+01 2.700000000000000000e+01 0.000000000000000000e+00 1.000000000000000000e+00
9.380000000000000000e+02 2.000000000000000000e+01 4.600000000000000000e+01 0.000000000000000000e+00 1.000000000000000000e+00
9.420000000000000000e+02 2.800000000000000000e+01 3.000000000000000000e+01 0.000000000000000000e+00 1.000000000000000000e+00
9.460000000000000000e+02 2.500000000000000000e+01 4.400000000000000000e+01 0.000000000000000000e+00 1.000000000000000000e+00
9.500000000000000000e+02 1.900000000000000000e+01 3.900000000000000000e+01 0.000000000000000000e+00 1.000000000000000000e+00
9.550000000000000000e+02 1.600000000000000000e+01 4.000000000000000000e+01 0.000000000000000000e+00 1.000000000000000000e+00
9.550000000000000000e+02 1.400000000000000000e+01 2.600000000000000000e+01 1.000000000000000000e+00 1.000000000000000000e+00
9.630000000000000000e+02 7.000000000000000000e+00 3.500000000000000000e+01 1.000000000000000000e+00 1.000000000000000000e+00
9.800000000000000000e+02 2.100000000000000000e+01 1.200000000000000000e+01 0.000000000000000000e+00 1.000000000000000000e+00
9.810000000000000000e+02 1.700000000000000000e+01 4.000000000000000000e+01 0.000000000000000000e+00 1.000000000000000000e+00
9.890000000000000000e+02 1.300000000000000000e+01 4.000000000000000000e+01 0.000000000000000000e+00 1.000000000000000000e+00
9.920000000000000000e+02 2.400000000000000000e+01 4.200000000000000000e+01 0.000000000000000000e+00 1.000000000000000000e+00
9.980000000000000000e+02 1.500000000000000000e+01 4.300000000000000000e+01 0.000000000000000000e+00 1.000000000000000000e+00
9.990000000000000000e+02 2.600000000000000000e+01 3.800000000000000000e+01 0.000000000000000000e+00 1.000000000000000000e+00
