0.000000000000000000e+00 3.900000000000000000e+01 1.800000000000000000e+01 0.000000000000000000e+00 1.000000000000000000e+00
2.259999999999999787e+00 3.500000000000000000e+01 2.100000000000000000e+01 0.000000000000000000e+00 1.000000000000000000e+00
9.039999999999999147e+00 3.600000000000000000e+01 2.000000000000000000e+01 0.000000000000000000e+00 1.000000000000000000e+00
1.582000000000000028e+01 3.600000000000000000e+01 2.000000000000000000e+01 0.000000000000000000e+00 1.000000000000000000e+00
1.980000000000000071e+01 3.600000000000000000e+01 2.000000000000000000e+01 0.000000000000000000e+00 1.000000000000000000e+00
2.001000000000000156e+01 3.600000000000000000e+01 2.000000000000000000e+01 0.000000000000000000e+00 1.000000000000000000e+00
2.226000000000000156e+01 3.600000000000000000e+01 2.600000000000000000e+01 1.000000000000000000e+00 1.000000000000000000e+00
2.807000000000000028e+01 3.800000000000000000e+01 1.800000000000000000e+01 0.000000000000000000e+00 1.000000000000000000e+00
3.485000000000000142e+01 3.800000000000000000e+01 2.800000000000000000e+01 1.000000000000000000e+00 1.000000000000000000e+00
3.745000000000000284e+01 3.800000000000000000e+01 2.800000000000000000e+01 1.000000000000000000e+00 1.000000000000000000e+00
5.218999999999999773e+01 3.700000000000000000e+01 2.000000000000000000e+01 0.000000000000000000e+00 1.000000000000000000e+00
5.528000000000000114e+01 3.700000000000000000e+01 2.700000000000000000e+01 1.000000000000000000e+00 1.000000000000000000e+00
6.437999999999999545e+01 3.800000000000000000e+01 1.900000000000000000e+01 0.000000000000000000e+00 1.000000000000000000e+00
6.604000000000000625e+01 3.800000000000000000e+01 1.900000000000000000e+01 0.000000000000000000e+00 1.000000000000000000e+00
6.604999999999999716e+01 3.500000000000000000e+01 2.600000000000000000e+01 1.000000000000000000e+00 1.000000000000000000e+00
6.620999999999999375e+01 3.500000000000000000e+01 2.600000000000000000e+01 1.000000000000000000e+00 1.000000000000000000e+00
7.189000000000000057e+01 4.000000000000000000e+01 1.800000000000000000e+01 0.000000000000000000e+00 1.000000000000000000e+00
7.190000000000000568e+01 4.100000000000000000e+01 2.800000000000000000e+01 1.000000000000000000e+00 1.000000000000000000e+00
7.226999999999999602e+01 4.100000000000000000e+01 2.800000000000000000e+01 1.000000000000000000e+00 1.000000000000000000e+00
7.325000000000000000e+01 4.100000000000000000e+01 2.500000000000000000e+01 1.000000000000000000e+00 1.000000000000000000e+00
8.001999999999999602e+01 4.100000000000000000e+01 3.500000000000000000e+01 1.000000000000000000e+00 1.000000000000000000e+00
8.679000000000000625e+01 4.100000000000000000e+01 3.500000000000000000e+01 1.000000000000000000e+00 1.000000000000000000e+00
9.035999999999999943e+01 4.100000000000000000e+01 3.500000000000000000e+01 1.000000000000000000e+00 1.000000000000000000e+00
9.415000000000000568e+01 3.900000000000000000e+01 2.500000000000000000e+01 0.000000000000000000e+00 1.000000000000000000e+00
1.004300000000000068e+02 3.800000000000000000e+01 2.700000000000000000e+01 1.000000000000000000e+00 1.000000000000000000e+00
1.059599999999999937e+02 3.600000000000000000e+01 2.700000000000000000e+01 1.000000000000000000e+00 1.000000000000000000e+00
1.130900000000000034e+02 3.800000000000000000e+01 2.200000000000000000e+01 0.000000000000000000e+00 1.000000000000000000e+00
1.154500000000000028e+02 3.800000000000000000e+01 2.200000000000000000e+01 0.000000000000000000e+00 1.000000000000000000e+00
1.154599999999999937e+02 3.800000000000000000e+01 2.300000000000000000e+01 1.000000000000000000e+00 1.000000000000000000e+00
1.162800000000000011e+02 3.800000000000000000e+01 2.300000000000000000e+01 1.000000000000000000e+00 1.000000000000000000e+00
1.204800000000000040e+02 3.600000000000000000e+01 2.500000000000000000e+01 1.000000000000000000e+00 1.000000000000000000e+00
1.237500000000000000e+02 3.800000000000000000e+01 1.200000000000000000e+01 1.000000000000000000e+00 1.000000000000000000e+00
1.246500000000000057e+02 3.600000000000000000e+01 2.400000000000000000e+01 1.000000000000000000e+00 1.000000000000000000e+00
1.352500000000000000e+02 3.600000000000000000e+01 2.000000000000000000e+01 0.000000000000000000e+00 1.000000000000000000e+00
1.385300000000000011e+02 3.600000000000000000e+01 2.000000000000000000e+01 0.000000000000000000e+00 1.000000000000000000e+00
1.451699999999999875e+02 3.700000000000000000e+01 1.900000000000000000e+01 0.000000000000000000e+00 1.000000000000000000e+00
1.488799999999999955e+02 3.600000000000000000e+01 1.900000000000000000e+01 0.000000000000000000e+00 1.000000000000000000e+00
1.498400000000000034e+02 4.200000000000000000e+01 2.000000000000000000e+01 0.000000000000000000e+00 1.000000000000000000e+00
1.566100000000000136e+02 3.800000000000000000e+01 2.200000000000000000e+01 0.000000000000000000e+00 1.000000000000000000e+00
1.597800000000000011e+02 3.800000000000000000e+01 2.200000000000000000e+01 0.000000000000000000e+00 1.000000000000000000e+00
1.627500000000000000e+02 1.700000000000000000e+01 3.200000000000000000e+01 1.000000000000000000e+00 1.000000000000000000e+00
1.695300000000000011e+02 3.900000000000000000e+01 2.700000000000000000e+01 1.000000000000000000e+00 1.000000000000000000e+00
1.755000000000000000e+02 3.900000000000000000e+01 2.700000000000000000e+01 1.000000000000000000e+00 1.000000000000000000e+00
1.777400000000000091e+02 3.500000000000000000e+01 2.500000000000000000e+01 1.000000000000000000e+00 1.000000000000000000e+00
1.785000000000000000e+02 4.200000000000000000e+01 1.900000000000000000e+01 0.000000000000000000e+00 1.000000000000000000e+00
1.813000000000000114e+02 3.900000000000000000e+01 1.800000000000000000e+01 0.000000000000000000e+00 1.000000000000000000e+00
1.875200000000000102e+02 3.800000000000000000e+01 1.800000000000000000e+01 0.000000000000000000e+00 1.000000000000000000e+00
1.990200000000000102e+02 4.000000000000000000e+01 2.400000000000000000e+01 1.000000000000000000e+00 1.000000000000000000e+00
2.044000000000000057e+02 4.000000000000000000e+01 1.900000000000000000e+01 0.000000000000000000e+00 1.000000000000000000e+00
2.084199999999999875e+02 4.300000000000000000e+01 2.000000000000000000e+01 0.000000000000000000e+00 1.000000000000000000e+00
2.182599999999999909e+02 3.500000000000000000e+01 2.200000000000000000e+01 0.000000000000000000e+00 1.000000000000000000e+00
2.250300000000000011e+02 3.500000000000000000e+01 2.200000000000000000e+01 0.000000000000000000e+00 1.000000000000000000e+00
2.318000000000000114e+02 3.500000000000000000e+01 2.200000000000000000e+01 0.000000000000000000e+00 1.000000000000000000e+00
2.378100000000000023e+02 3.500000000000000000e+01 2.200000000000000000e+01 0.000000000000000000e+00 1.000000000000000000e+00
2.445399999999999920e+02 8.000000000000000000e+00 3.000000000000000000e+01 1.000000000000000000e+00 1.000000000000000000e+00
2.513100000000000023e+02 3.500000000000000000e+01 2.100000000000000000e+01 0.000000000000000000e+00 1.000000000000000000e+00
2.578899999999999864e+02 3.500000000000000000e+01 2.100000000000000000e+01 0.000000000000000000e+00 1.000000000000000000e+00
2.669700000000000273e+02 3.800000000000000000e+01 2.200000000000000000e+01 0.000000000000000000e+00 1.000000000000000000e+00
2.737400000000000091e+02 3.800000000000000000e+01 2.200000000000000000e+01 0.000000000000000000e+00 1.000000000000000000e+00
2.796499999999999773e+02 3.800000000000000000e+01 2.200000000000000000e+01 0.000000000000000000e+00 1.000000000000000000e+00
2.853500000000000227e+02 3.200000000000000000e+01 1.000000000000000000e+00 1.000000000000000000e+00 1.000000000000000000e+00
2.914399999999999977e+02 3.600000000000000000e+01 1.900000000000000000e+01 0.000000000000000000e+00 1.000000000000000000e+00
2.942200000000000273e+02 3.200000000000000000e+01 3.500000000000000000e+01 1.000000000000000000e+00 1.000000000000000000e+00
3.009900000000000091e+02 3.500000000000000000e+01 2.000000000000000000e+01 0.000000000000000000e+00 1.000000000000000000e+00
3.070699999999999932e+02 3.500000000000000000e+01 2.000000000000000000e+01 0.000000000000000000e+00 1.000000000000000000e+00
3.073600000000000136e+02 4.200000000000000000e+01 2.000000000000000000e+01 0.000000000000000000e+00 1.000000000000000000e+00
3.073700000000000045e+02 4.000000000000000000e+01 2.500000000000000000e+01 0.000000000000000000e+00 1.000000000000000000e+00
3.107500000000000000e+02 3.700000000000000000e+01 1.900000000000000000e+01 0.000000000000000000e+00 1.000000000000000000e+00
3.175199999999999818e+02 4.000000000000000000e+01 3.300000000000000000e+01 1.000000000000000000e+00 1.000000000000000000e+00
3.242900000000000205e+02 4.000000000000000000e+01 3.300000000000000000e+01 1.000000000000000000e+00 1.000000000000000000e+00
3.256299999999999955e+02 4.000000000000000000e+01 3.300000000000000000e+01 1.000000000000000000e+00 1.000000000000000000e+00
3.320799999999999841e+02 3.600000000000000000e+01 2.000000000000000000e+01 0.000000000000000000e+00 1.000000000000000000e+00
3.354900000000000091e+02 3.700000000000000000e+01 2.300000000000000000e+01 1.000000000000000000e+00 1.000000000000000000e+00
3.422599999999999909e+02 5.000000000000000000e+00 7.000000000000000000e+00 0.000000000000000000e+00 1.000000000000000000e+00
3.490299999999999727e+02 5.000000000000000000e+00 7.000000000000000000e+00 0.000000000000000000e+00 1.000000000000000000e+00
3.558000000000000114e+02 5.000000000000000000e+00 7.000000000000000000e+00 0.000000000000000000e+00 1.000000000000000000e+00
3.583600000000000136e+02 5.000000000000000000e+00 7.000000000000000000e+00 0.000000000000000000e+00 1.000000000000000000e+00
3.651399999999999864e+02 3.800000000000000000e+01 2.100000000000000000e+01 0.000000000000000000e+00 1.000000000000000000e+00
3.719100000000000250e+02 3.800000000000000000e+01 2.100000000000000000e+01 0.000000000000000000e+00 1.000000000000000000e+00
3.786800000000000068e+02 3.800000000000000000e+01 2.100000000000000000e+01 0.000000000000000000e+00 1.000000000000000000e+00
3.854599999999999795e+02 3.800000000000000000e+01 2.100000000000000000e+01 0.000000000000000000e+00 1.000000000000000000e+00
3.908000000000000114e+02 3.800000000000000000e+01 2.100000000000000000e+01 0.000000000000000000e+00 1.000000000000000000e+00
3.918199999999999932e+02 3.500000000000000000e+01 2.800000000000000000e+01 1.000000000000000000e+00 1.000000000000000000e+00
3.985899999999999750e+02 3.500000000000000000e+01 2.300000000000000000e+01 0.000000000000000000e+00 1.000000000000000000e+00
4.053700000000000045e+02 3.500000000000000000e+01 2.300000000000000000e+01 0.000000000000000000e+00 1.000000000000000000e+00
4.121399999999999864e+02 3.500000000000000000e+01 2.300000000000000000e+01 0.000000000000000000e+00 1.000000000000000000e+00
4.123799999999999955e+02 3.500000000000000000e+01 2.300000000000000000e+01 0.000000000000000000e+00 1.000000000000000000e+00
4.285500000000000114e+02 4.200000000000000000e+01 2.700000000000000000e+01 1.000000000000000000e+00 1.000000000000000000e+00
4.305400000000000205e+02 4.200000000000000000e+01 2.700000000000000000e+01 1.000000000000000000e+00 1.000000000000000000e+00
4.354200000000000159e+02 4.300000000000000000e+01 2.600000000000000000e+01 1.000000000000000000e+00 1.000000000000000000e+00
4.421899999999999977e+02 4.300000000000000000e+01 2.600000000000000000e+01 1.000000000000000000e+00 1.000000000000000000e+00
4.489599999999999795e+02 4.300000000000000000e+01 2.600000000000000000e+01 1.000000000000000000e+00 1.000000000000000000e+00
4.518799999999999955e+02 4.300000000000000000e+01 2.600000000000000000e+01 1.000000000000000000e+00 1.000000000000000000e+00
4.586499999999999773e+02 5.000000000000000000e+00 1.700000000000000000e+01 0.000000000000000000e+00 1.000000000000000000e+00
4.654200000000000159e+02 5.000000000000000000e+00 1.700000000000000000e+01 0.000000000000000000e+00 1.000000000000000000e+00
4.680600000000000023e+02 5.000000000000000000e+00 1.700000000000000000e+01 0.000000000000000000e+00 1.000000000000000000e+00
4.788299999999999841e+02 3.600000000000000000e+01 1.000000000000000000e+00 1.000000000000000000e+00 1.000000000000000000e+00
4.843399999999999750e+02 3.600000000000000000e+01 3.600000000000000000e+01 1.000000000000000000e+00 1.000000000000000000e+00
5.054300000000000068e+02 3.900000000000000000e+01 2.300000000000000000e+01 1.000000000000000000e+00 1.000000000000000000e+00
5.101999999999999886e+02 3.900000000000000000e+01 2.300000000000000000e+01 1.000000000000000000e+00 1.000000000000000000e+00
5.230199999999999818e+02 3.500000000000000000e+01 2.400000000000000000e+01 1.000000000000000000e+00 1.000000000000000000e+00
5.297899999999999636e+02 4.100000000000000000e+01 2.700000000000000000e+01 1.000000000000000000e+00 1.000000000000000000e+00
5.365700000000000500e+02 4.100000000000000000e+01 2.700000000000000000e+01 1.000000000000000000e+00 1.000000000000000000e+00
5.433400000000000318e+02 4.100000000000000000e+01 2.700000000000000000e+01 1.000000000000000000e+00 1.000000000000000000e+00
5.451499999999999773e+02 4.100000000000000000e+01 2.700000000000000000e+01 1.000000000000000000e+00 1.000000000000000000e+00
5.519199999999999591e+02 2.400000000000000000e+01 2.700000000000000000e+01 1.000000000000000000e+00 1.000000000000000000e+00
5.586900000000000546e+02 2.400000000000000000e+01 2.700000000000000000e+01 1.000000000000000000e+00 1.000000000000000000e+00
5.654600000000000364e+02 2.400000000000000000e+01 2.700000000000000000e+01 1.000000000000000000e+00 1.000000000000000000e+00
5.668999999999999773e+02 2.400000000000000000e+01 2.700000000000000000e+01 1.000000000000000000e+00 1.000000000000000000e+00
5.736699999999999591e+02 5.000000000000000000e+00 6.300000000000000000e+01 0.000000000000000000e+00 1.000000000000000000e+00
5.782999999999999545e+02 5.000000000000000000e+00 6.300000000000000000e+01 0.000000000000000000e+00 1.000000000000000000e+00
5.842000000000000455e+02 3.500000000000000000e+01 2.000000000000000000e+01 0.000000000000000000e+00 1.000000000000000000e+00
5.909700000000000273e+02 3.500000000000000000e+01 4.000000000000000000e+00 1.000000000000000000e+00 1.000000000000000000e+00
5.977300000000000182e+02 3.500000000000000000e+01 4.000000000000000000e+00 1.000000000000000000e+00 1.000000000000000000e+00
6.045000000000000000e+02 3.500000000000000000e+01 4.000000000000000000e+00 1.000000000000000000e+00 1.000000000000000000e+00
6.076200000000000045e+02 3.500000000000000000e+01 4.000000000000000000e+00 1.000000000000000000e+00 1.000000000000000000e+00
6.111499999999999773e+02 2.900000000000000000e+01 3.100000000000000000e+01 1.000000000000000000e+00 1.000000000000000000e+00
6.168600000000000136e+02 2.400000000000000000e+01 5.000000000000000000e+01 1.000000000000000000e+00 1.000000000000000000e+00
6.182000000000000455e+02 3.500000000000000000e+01 2.100000000000000000e+01 0.000000000000000000e+00 1.000000000000000000e+00
6.249700000000000273e+02 3.500000000000000000e+01 2.200000000000000000e+01 0.000000000000000000e+00 1.000000000000000000e+00
6.317300000000000182e+02 3.500000000000000000e+01 2.200000000000000000e+01 0.000000000000000000e+00 1.000000000000000000e+00
6.385000000000000000e+02 3.500000000000000000e+01 2.200000000000000000e+01 0.000000000000000000e+00 1.000000000000000000e+00
6.420800000000000409e+02 3.500000000000000000e+01 2.200000000000000000e+01 0.000000000000000000e+00 1.000000000000000000e+00
6.440399999999999636e+02 1.800000000000000000e+01 4.000000000000000000e+01 1.000000000000000000e+00 1.000000000000000000e+00
6.508099999999999454e+02 4.000000000000000000e+00 2.900000000000000000e+01 1.000000000000000000e+00 1.000000000000000000e+00
6.533300000000000409e+02 4.000000000000000000e+00 2.900000000000000000e+01 1.000000000000000000e+00 1.000000000000000000e+00
6.601100000000000136e+02 2.500000000000000000e+01 4.300000000000000000e+01 1.000000000000000000e+00 1.000000000000000000e+00
6.659299999999999500e+02 2.500000000000000000e+01 4.300000000000000000e+01 1.000000000000000000e+00 1.000000000000000000e+00
6.727000000000000455e+02 3.500000000000000000e+01 2.600000000000000000e+01 0.000000000000000000e+00 1.000000000000000000e+00
6.794700000000000273e+02 3.500000000000000000e+01 2.600000000000000000e+01 0.000000000000000000e+00 1.000000000000000000e+00
6.862400000000000091e+02 3.500000000000000000e+01 2.600000000000000000e+01 0.000000000000000000e+00 1.000000000000000000e+00
6.930199999999999818e+02 3.500000000000000000e+01 2.600000000000000000e+01 0.000000000000000000e+00 1.000000000000000000e+00
6.997899999999999636e+02 3.500000000000000000e+01 2.600000000000000000e+01 0.000000000000000000e+00 1.000000000000000000e+00
7.038400000000000318e+02 3.500000000000000000e+01 2.600000000000000000e+01 0.000000000000000000e+00 1.000000000000000000e+00
7.106100000000000136e+02 2.500000000000000000e+01 2.700000000000000000e+01 1.000000000000000000e+00 1.000000000000000000e+00
7.173799999999999955e+02 2.500000000000000000e+01 2.700000000000000000e+01 1.000000000000000000e+00 1.000000000000000000e+00
7.241499999999999773e+02 2.500000000000000000e+01 2.700000000000000000e+01 1.000000000000000000e+00 1.000000000000000000e+00
7.255099999999999909e+02 2.500000000000000000e+01 2.700000000000000000e+01 1.000000000000000000e+00 1.000000000000000000e+00
7.312000000000000455e+02 3.500000000000000000e+01 2.500000000000000000e+01 0.000000000000000000e+00 1.000000000000000000e+00
7.628400000000000318e+02 3.800000000000000000e+01 1.300000000000000000e+01 0.000000000000000000e+00 1.000000000000000000e+00
7.696100000000000136e+02 3.500000000000000000e+01 2.600000000000000000e+01 0.000000000000000000e+00 1.000000000000000000e+00
7.763799999999999955e+02 3.500000000000000000e+01 2.600000000000000000e+01 0.000000000000000000e+00 1.000000000000000000e+00
7.771200000000000045e+02 3.500000000000000000e+01 2.600000000000000000e+01 0.000000000000000000e+00 1.000000000000000000e+00
7.838899999999999864e+02 3.400000000000000000e+01 2.300000000000000000e+01 0.000000000000000000e+00 1.000000000000000000e+00
7.845299999999999727e+02 3.400000000000000000e+01 2.300000000000000000e+01 0.000000000000000000e+00 1.000000000000000000e+00
7.864900000000000091e+02 3.500000000000000000e+01 2.500000000000000000e+01 0.000000000000000000e+00 1.000000000000000000e+00
7.891000000000000227e+02 4.300000000000000000e+01 2.500000000000000000e+01 1.000000000000000000e+00 1.000000000000000000e+00
8.021200000000000045e+02 3.800000000000000000e+01 1.400000000000000000e+01 0.000000000000000000e+00 1.000000000000000000e+00
8.081699999999999591e+02 3.800000000000000000e+01 1.400000000000000000e+01 0.000000000000000000e+00 1.000000000000000000e+00
8.404800000000000182e+02 3.500000000000000000e+01 2.600000000000000000e+01 0.000000000000000000e+00 1.000000000000000000e+00
8.458300000000000409e+02 3.400000000000000000e+01 2.200000000000000000e+01 0.000000000000000000e+00 1.000000000000000000e+00
8.526000000000000227e+02 3.400000000000000000e+01 2.300000000000000000e+01 0.000000000000000000e+00 1.000000000000000000e+00
8.565900000000000318e+02 3.400000000000000000e+01 2.300000000000000000e+01 0.000000000000000000e+00 1.000000000000000000e+00
8.712400000000000091e+02 3.700000000000000000e+01 2.700000000000000000e+01 0.000000000000000000e+00 1.000000000000000000e+00
8.712500000000000000e+02 4.200000000000000000e+01 1.900000000000000000e+01 1.000000000000000000e+00 1.000000000000000000e+00
8.727599999999999909e+02 4.200000000000000000e+01 1.900000000000000000e+01 1.000000000000000000e+00 1.000000000000000000e+00
8.812100000000000364e+02 3.600000000000000000e+01 2.700000000000000000e+01 0.000000000000000000e+00 1.000000000000000000e+00
8.871900000000000546e+02 3.600000000000000000e+01 2.700000000000000000e+01 0.000000000000000000e+00 1.000000000000000000e+00
8.925900000000000318e+02 3.500000000000000000e+01 2.600000000000000000e+01 0.000000000000000000e+00 1.000000000000000000e+00
8.947100000000000364e+02 3.500000000000000000e+01 2.500000000000000000e+01 0.000000000000000000e+00 1.000000000000000000e+00
8.950399999999999636e+02 3.800000000000000000e+01 1.200000000000000000e+01 0.000000000000000000e+00 1.000000000000000000e+00
9.040199999999999818e+02 2.000000000000000000e+00 3.500000000000000000e+01 0.000000000000000000e+00 1.000000000000000000e+00
9.056900000000000546e+02 2.000000000000000000e+00 3.500000000000000000e+01 0.000000000000000000e+00 1.000000000000000000e+00
9.091399999999999864e+02 4.000000000000000000e+01 3.700000000000000000e+01 1.000000000000000000e+00 1.000000000000000000e+00
9.092899999999999636e+02 3.500000000000000000e+01 2.300000000000000000e+01 0.000000000000000000e+00 1.000000000000000000e+00
9.160599999999999454e+02 3.500000000000000000e+01 2.500000000000000000e+01 0.000000000000000000e+00 1.000000000000000000e+00
9.228300000000000409e+02 3.500000000000000000e+01 2.500000000000000000e+01 0.000000000000000000e+00 1.000000000000000000e+00
9.242999999999999545e+02 3.500000000000000000e+01 2.500000000000000000e+01 0.000000000000000000e+00 1.000000000000000000e+00
9.271499999999999773e+02 3.400000000000000000e+01 2.400000000000000000e+01 0.000000000000000000e+00 1.000000000000000000e+00
9.282999999999999545e+02 3.800000000000000000e+01 1.500000000000000000e+01 0.000000000000000000e+00 1.000000000000000000e+00
9.334400000000000546e+02 3.500000000000000000e+01 2.600000000000000000e+01 0.000000000000000000e+00 1.000000000000000000e+00
9.520199999999999818e+02 3.600000000000000000e+01 2.600000000000000000e+01 0.000000000000000000e+00 1.000000000000000000e+00
9.523400000000000318e+02 3.800000000000000000e+01 1.600000000000000000e+01 0.000000000000000000e+00 1.000000000000000000e+00
9.540800000000000409e+02 4.000000000000000000e+01 1.800000000000000000e+01 1.000000000000000000e+00 1.000000000000000000e+00
9.542100000000000364e+02 4.000000000000000000e+01 1.800000000000000000e+01 1.000000000000000000e+00 1.000000000000000000e+00
9.609900000000000091e+02 3.800000000000000000e+01 1.700000000000000000e+01 0.000000000000000000e+00 1.000000000000000000e+00
9.639099999999999682e+02 3.800000000000000000e+01 1.700000000000000000e+01 0.000000000000000000e+00 1.000000000000000000e+00
9.639199999999999591e+02 4.400000000000000000e+01 2.300000000000000000e+01 1.000000000000000000e+00 1.000000000000000000e+00
9.662999999999999545e+02 4.400000000000000000e+01 2.300000000000000000e+01 1.000000000000000000e+00 1.000000000000000000e+00
9.692999999999999545e+02 3.500000000000000000e+01 2.400000000000000000e+01 0.000000000000000000e+00 1.000000000000000000e+00
9.791599999999999682e+02 3.600000000000000000e+01 2.700000000000000000e+01 0.000000000000000000e+00 1.000000000000000000e+00
9.797599999999999909e+02 3.500000000000000000e+01 2.400000000000000000e+01 0.000000000000000000e+00 1.000000000000000000e+00
9.798099999999999454e+02 4.100000000000000000e+01 1.900000000000000000e+01 1.000000000000000000e+00 1.000000000000000000e+00
9.915199999999999818e+02 3.800000000000000000e+01 2.800000000000000000e+01 0.000000000000000000e+00 1.000000000000000000e+00
9.982899999999999636e+02 3.400000000000000000e+01 2.300000000000000000e+01 0.000000000000000000e+00 1.000000000000000000e+00
