1.200000000000000000e+01 5.500000000000000000e+01 4.800000000000000000e+01 1.000000000000000000e+00 0.000000000000000000e+00
1.800000000000000000e+01 5.100000000000000000e+01 4.700000000000000000e+01 1.000000000000000000e+00 0.000000000000000000e+00
3.400000000000000000e+01 2.500000000000000000e+01 8.000000000000000000e+00 0.000000000000000000e+00 0.000000000000000000e+00
4.300000000000000000e+01 4.900000000000000000e+01 4.200000000000000000e+01 1.000000000000000000e+00 0.000000000000000000e+00
4.400000000000000000e+01 2.500000000000000000e+01 1.400000000000000000e+01 0.000000000000000000e+00 0.000000000000000000e+00
6.100000000000000000e+01 5.800000000000000000e+01 4.000000000000000000e+01 1.000000000000000000e+00 0.000000000000000000e+00
6.200000000000000000e+01 5.800000000000000000e+01 4.000000000000000000e+01 1.000000000000000000e+00 0.000000000000000000e+00
1.300000000000000000e+02 5.800000000000000000e+01 4.000000000000000000e+01 1.000000000000000000e+00 0.000000000000000000e+00
1.340000000000000000e+02 5.400000000000000000e+01 3.500000000000000000e+01 0.000000000000000000e+00 0.000000000000000000e+00
1.400000000000000000e+02 2.600000000000000000e+01 4.500000000000000000e+01 0.000000000000000000e+00 0.000000000000000000e+00
1.660000000000000000e+02 5.500000000000000000e+01 3.400000000000000000e+01 0.000000000000000000e+00 0.000000000000000000e+00
1.940000000000000000e+02 5.700000000000000000e+01 4.700000000000000000e+01 1.000000000000000000e+00 0.000000000000000000e+00
2.030000000000000000e+02 5.600000000000000000e+01 4.800000000000000000e+01 1.000000000000000000e+00 0.000000000000000000e+00
2.110000000000000000e+02 5.800000000000000000e+01 4.700000000000000000e+01 1.000000000000000000e+00 0.000000000000000000e+00
2.220000000000000000e+02 5.000000000000000000e+01 4.100000000000000000e+01 1.000000000000000000e+00 0.000000000000000000e+00
2.390000000000000000e+02 5.900000000000000000e+01 3.500000000000000000e+01 0.000000000000000000e+00 0.000000000000000000e+00
2.450000000000000000e+02 5.000000000000000000e+01 4.600000000000000000e+01 1.000000000000000000e+00 0.000000000000000000e+00
2.940000000000000000e+02 2.500000000000000000e+01 6.400000000000000000e+01 0.000000000000000000e+00 0.000000000000000000e+00
3.080000000000000000e+02 5.300000000000000000e+01 4.700000000000000000e+01 1.000000000000000000e+00 0.000000000000000000e+00
3.390000000000000000e+02 5.300000000000000000e+01 3.500000000000000000e+01 0.000000000000000000e+00 0.000000000000000000e+00
3.470000000000000000e+02 5.700000000000000000e+01 4.800000000000000000e+01 1.000000000000000000e+00 0.000000000000000000e+00
3.500000000000000000e+02 5.100000000000000000e+01 3.600000000000000000e+01 0.000000000000000000e+00 0.000000000000000000e+00
3.800000000000000000e+02 6.000000000000000000e+01 4.000000000000000000e+01 1.000000000000000000e+00 0.000000000000000000e+00
3.820000000000000000e+02 5.500000000000000000e+01 3.500000000000000000e+01 0.000000000000000000e+00 0.000000000000000000e+00
3.950000000000000000e+02 5.300000000000000000e+01 4.500000000000000000e+01 1.000000000000000000e+00 0.000000000000000000e+00
4.630000000000000000e+02 5.300000000000000000e+01 4.500000000000000000e+01 1.000000000000000000e+00 0.000000000000000000e+00
4.750000000000000000e+02 6.000000000000000000e+01 4.600000000000000000e+01 1.000000000000000000e+00 0.000000000000000000e+00
4.760000000000000000e+02 5.700000000000000000e+01 3.400000000000000000e+01 0.000000000000000000e+00 0.000000000000000000e+00
4.780000000000000000e+02 5.700000000000000000e+01 4.600000000000000000e+01 1.000000000000000000e+00 0.000000000000000000e+00
4.810000000000000000e+02 5.100000000000000000e+01 4.500000000000000000e+01 1.000000000000000000e+00 0.000000000000000000e+00
5.060000000000000000e+02 5.500000000000000000e+01 4.700000000000000000e+01 1.000000000000000000e+00 0.000000000000000000e+00
5.150000000000000000e+02 5.300000000000000000e+01 4.200000000000000000e+01 1.000000000000000000e+00 0.000000000000000000e+00
5.490000000000000000e+02 5.500000000000000000e+01 3.900000000000000000e+01 1.000000000000000000e+00 0.000000000000000000e+00
5.510000000000000000e+02 5.200000000000000000e+01 4.600000000000000000e+01 1.000000000000000000e+00 0.000000000000000000e+00
5.640000000000000000e+02 6.200000000000000000e+01 3.800000000000000000e+01 1.000000000000000000e+00 0.000000000000000000e+00
5.770000000000000000e+02 5.200000000000000000e+01 4.800000000000000000e+01 1.000000000000000000e+00 0.000000000000000000e+00
5.860000000000000000e+02 5.400000000000000000e+01 4.700000000000000000e+01 1.000000000000000000e+00 0.000000000000000000e+00
5.900000000000000000e+02 6.100000000000000000e+01 4.500000000000000000e+01 1.000000000000000000e+00 0.000000000000000000e+00
6.210000000000000000e+02 5.600000000000000000e+01 4.600000000000000000e+01 1.000000000000000000e+00 0.000000000000000000e+00
6.210000000000000000e+02 2.500000000000000000e+01 1.400000000000000000e+01 0.000000000000000000e+00 0.000000000000000000e+00
6.310000000000000000e+02 5.400000000000000000e+01 3.800000000000000000e+01 1.000000000000000000e+00 0.000000000000000000e+00
6.680000000000000000e+02 5.000000000000000000e+01 4.400000000000000000e+01 1.000000000000000000e+00 0.000000000000000000e+00
6.950000000000000000e+02 5.100000000000000000e+01 3.600000000000000000e+01 0.000000000000000000e+00 0.000000000000000000e+00
7.010000000000000000e+02 5.700000000000000000e+01 3.800000000000000000e+01 1.000000000000000000e+00 0.000000000000000000e+00
7.380000000000000000e+02 5.400000000000000000e+01 3.900000000000000000e+01 0.000000000000000000e+00 0.000000000000000000e+00
7.520000000000000000e+02 5.900000000000000000e+01 3.900000000000000000e+01 1.000000000000000000e+00 0.000000000000000000e+00
7.730000000000000000e+02 5.000000000000000000e+01 4.300000000000000000e+01 1.000000000000000000e+00 0.000000000000000000e+00
7.790000000000000000e+02 5.500000000000000000e+01 4.600000000000000000e+01 1.000000000000000000e+00 0.000000000000000000e+00
7.990000000000000000e+02 5.700000000000000000e+01 2.000000000000000000e+01 1.000000000000000000e+00 0.000000000000000000e+00
8.040000000000000000e+02 5.700000000000000000e+01 4.400000000000000000e+01 1.000000000000000000e+00 0.000000000000000000e+00
8.160000000000000000e+02 5.900000000000000000e+01 3.600000000000000000e+01 1.000000000000000000e+00 0.000000000000000000e+00
8.420000000000000000e+02 5.100000000000000000e+01 4.400000000000000000e+01 1.000000000000000000e+00 0.000000000000000000e+00
8.520000000000000000e+02 5.600000000000000000e+01 4.700000000000000000e+01 1.000000000000000000e+00 0.000000000000000000e+00
9.240000000000000000e+02 4.900000000000000000e+01 4.100000000000000000e+01 1.000000000000000000e+00 0.000000000000000000e+00
9.240000000000000000e+02 5.600000000000000000e+01 3.400000000000000000e+01 0.000000000000000000e+00 0.000000000000000000e+00
9.410000000000000000e+02 5.700000000000000000e+01 3.400000000000000000e+01 0.000000000000000000e+00 0.000000000000000000e+00
9.510000000000000000e+02 5.400000000000000000e+01 4.600000000000000000e+01 1.000000000000000000e+00 0.000000000000000000e+00
9.720000000000000000e+02 5.800000000000000000e+01 3.400000000000000000e+01 0.000000000000000000e+00 0.000000000000000000e+00
9.880000000000000000e+02 5.300000000000000000e+01 4.600000000000000000e+01 1.000000000000000000e+00 0.000000000000000000e+00
