1.000000000000000000e+01 7.000000000000000000e+00 3.800000000000000000e+01 0.000000000000000000e+00 1.000000000000000000e+00
1.600000000000000000e+01 1.200000000000000000e+01 3.800000000000000000e+01 0.000000000000000000e+00 1.000000000000000000e+00
1.600000000000000000e+01 8.000000000000000000e+00 2.500000000000000000e+01 1.000000000000000000e+00 1.000000000000000000e+00
1.700000000000000000e+01 8.000000000000000000e+00 2.500000000000000000e+01 1.000000000000000000e+00 1.000000000000000000e+00
1.900000000000000000e+01 7.000000000000000000e+00 3.700000000000000000e+01 0.000000000000000000e+00 1.000000000000000000e+00
1.900000000000000000e+01 1.600000000000000000e+01 2.600000000000000000e+01 0.000000000000000000e+00 1.000000000000000000e+00
2.000000000000000000e+01 1.700000000000000000e+01 2.100000000000000000e+01 1.000000000000000000e+00 1.000000000000000000e+00
2.100000000000000000e+01 1.600000000000000000e+01 4.300000000000000000e+01 0.000000000000000000e+00 1.000000000000000000e+00
2.600000000000000000e+01 1.600000000000000000e+01 1.900000000000000000e+01 1.000000000000000000e+00 1.000000000000000000e+00
2.600000000000000000e+01 4.000000000000000000e+00 3.200000000000000000e+01 1.000000000000000000e+00 1.000000000000000000e+00
2.700000000000000000e+01 4.000000000000000000e+00 3.200000000000000000e+01 1.000000000000000000e+00 1.000000000000000000e+00
2.700000000000000000e+01 1.500000000000000000e+01 3.100000000000000000e+01 0.000000000000000000e+00 1.000000000000000000e+00
3.200000000000000000e+01 2.500000000000000000e+01 3.800000000000000000e+01 0.000000000000000000e+00 1.000000000000000000e+00
3.300000000000000000e+01 1.300000000000000000e+01 2.200000000000000000e+01 1.000000000000000000e+00 1.000000000000000000e+00
3.300000000000000000e+01 1.500000000000000000e+01 3.400000000000000000e+01 0.000000000000000000e+00 1.000000000000000000e+00
3.300000000000000000e+01 2.500000000000000000e+01 3.400000000000000000e+01 0.000000000000000000e+00 1.000000000000000000e+00
3.500000000000000000e+01 1.300000000000000000e+01 2.300000000000000000e+01 0.000000000000000000e+00 1.000000000000000000e+00
3.600000000000000000e+01 2.500000000000000000e+01 3.500000000000000000e+01 0.000000000000000000e+00 1.000000000000000000e+00
3.700000000000000000e+01 1.800000000000000000e+01 1.600000000000000000e+01 0.000000000000000000e+00 1.000000000000000000e+00
4.000000000000000000e+01 1.400000000000000000e+01 3.300000000000000000e+01 0.000000000000000000e+00 1.000000000000000000e+00
4.100000000000000000e+01 1.000000000000000000e+01 3.300000000000000000e+01 0.000000000000000000e+00 1.000000000000000000e+00
4.200000000000000000e+01 1.800000000000000000e+01 2.000000000000000000e+01 0.000000000000000000e+00 1.000000000000000000e+00
4.300000000000000000e+01 1.500000000000000000e+01 4.400000000000000000e+01 0.000000000000000000e+00 1.000000000000000000e+00
4.400000000000000000e+01 2.000000000000000000e+01 1.000000000000000000e+00 0.000000000000000000e+00 1.000000000000000000e+00
4.400000000000000000e+01 1.800000000000000000e+01 1.300000000000000000e+01 0.000000000000000000e+00 1.000000000000000000e+00
4.400000000000000000e+01 2.600000000000000000e+01 3.700000000000000000e+01 0.000000000000000000e+00 1.000000000000000000e+00
4.500000000000000000e+01 6.000000000000000000e+00 2.700000000000000000e+01 1.000000000000000000e+00 1.000000000000000000e+00
5.100000000000000000e+01 6.000000000000000000e+00 2.700000000000000000e+01 1.000000000000000000e+00 1.000000000000000000e+00
5.300000000000000000e+01 1.000000000000000000e+01 3.500000000000000000e+01 0.000000000000000000e+00 1.000000000000000000e+00
5.700000000000000000e+01 1.200000000000000000e+01 2.200000000000000000e+01 1.000000000000000000e+00 1.000000000000000000e+00
5.900000000000000000e+01 1.500000000000000000e+01 6.000000000000000000e+00 1.000000000000000000e+00 1.000000000000000000e+00
6.200000000000000000e+01 1.000000000000000000e+01 2.900000000000000000e+01 0.000000000000000000e+00 1.000000000000000000e+00
6.400000000000000000e+01 1.400000000000000000e+01 4.300000000000000000e+01 0.000000000000000000e+00 1.000000000000000000e+00
6.600000000000000000e+01 8.000000000000000000e+00 2.400000000000000000e+01 1.000000000000000000e+00 1.000000000000000000e+00
6.600000000000000000e+01 1.500000000000000000e+01 4.100000000000000000e+01 0.000000000000000000e+00 1.000000000000000000e+00
7.800000000000000000e+01 6.000000000000000000e+00 2.500000000000000000e+01 1.000000000000000000e+00 1.000000000000000000e+00
8.300000000000000000e+01 2.700000000000000000e+01 3.300000000000000000e+01 0.000000000000000000e+00 1.000000000000000000e+00
8.600000000000000000e+01 1.800000000000000000e+01 2.100000000000000000e+01 1.000000000000000000e+00 1.000000000000000000e+00
8.600000000000000000e+01 5.000000000000000000e+00 2.900000000000000000e+01 1.000000000000000000e+00 1.000000000000000000e+00
8.800000000000000000e+01 5.000000000000000000e+00 2.900000000000000000e+01 1.000000000000000000e+00 1.000000000000000000e+00
9.000000000000000000e+01 1.100000000000000000e+01 2.200000000000000000e+01 1.000000000000000000e+00 1.000000000000000000e+00
1.010000000000000000e+02 2.000000000000000000e+01 2.400000000000000000e+01 0.000000000000000000e+00 1.000000000000000000e+00
1.010000000000000000e+02 2.200000000000000000e+01 3.300000000000000000e+01 1.000000000000000000e+00 1.000000000000000000e+00
1.190000000000000000e+02 2.200000000000000000e+01 3.300000000000000000e+01 1.000000000000000000e+00 1.000000000000000000e+00
1.200000000000000000e+02 1.900000000000000000e+01 1.000000000000000000e+01 0.000000000000000000e+00 1.000000000000000000e+00
1.260000000000000000e+02 2.100000000000000000e+01 2.100000000000000000e+01 1.000000000000000000e+00 1.000000000000000000e+00
1.290000000000000000e+02 1.800000000000000000e+01 5.000000000000000000e+00 1.000000000000000000e+00 1.000000000000000000e+00
1.340000000000000000e+02 5.000000000000000000e+00 2.800000000000000000e+01 1.000000000000000000e+00 1.000000000000000000e+00
1.350000000000000000e+02 1.200000000000000000e+01 2.100000000000000000e+01 1.000000000000000000e+00 1.000000000000000000e+00
1.370000000000000000e+02 1.200000000000000000e+01 2.100000000000000000e+01 1.000000000000000000e+00 1.000000000000000000e+00
1.400000000000000000e+02 1.500000000000000000e+01 2.100000000000000000e+01 1.000000000000000000e+00 1.000000000000000000e+00
1.400000000000000000e+02 2.000000000000000000e+01 2.200000000000000000e+01 1.000000000000000000e+00 1.000000000000000000e+00
1.410000000000000000e+02 1.000000000000000000e+01 2.300000000000000000e+01 1.000000000000000000e+00 1.000000000000000000e+00
1.410000000000000000e+02 1.900000000000000000e+01 1.100000000000000000e+01 0.000000000000000000e+00 1.000000000000000000e+00
1.440000000000000000e+02 2.600000000000000000e+01 3.800000000000000000e+01 0.000000000000000000e+00 1.000000000000000000e+00
1.440000000000000000e+02 1.600000000000000000e+01 1.400000000000000000e+01 1.000000000000000000e+00 1.000000000000000000e+00
1.450000000000000000e+02 1.600000000000000000e+01 1.400000000000000000e+01 1.000000000000000000e+00 1.000000000000000000e+00
1.470000000000000000e+02 1.300000000000000000e+01 2.100000000000000000e+01 1.000000000000000000e+00 1.000000000000000000e+00
1.480000000000000000e+02 2.200000000000000000e+01 2.300000000000000000e+01 1.000000000000000000e+00 1.000000000000000000e+00
1.520000000000000000e+02 5.000000000000000000e+00 3.700000000000000000e+01 1.000000000000000000e+00 1.000000000000000000e+00
1.520000000000000000e+02 2.700000000000000000e+01 3.400000000000000000e+01 0.000000000000000000e+00 1.000000000000000000e+00
1.520000000000000000e+02 1.400000000000000000e+01 2.000000000000000000e+01 1.000000000000000000e+00 1.000000000000000000e+00
1.530000000000000000e+02 1.400000000000000000e+01 2.000000000000000000e+01 1.000000000000000000e+00 1.000000000000000000e+00
1.560000000000000000e+02 1.400000000000000000e+01 2.100000000000000000e+01 1.000000000000000000e+00 1.000000000000000000e+00
1.600000000000000000e+02 1.300000000000000000e+01 3.200000000000000000e+01 0.000000000000000000e+00 1.000000000000000000e+00
1.610000000000000000e+02 1.000000000000000000e+01 3.700000000000000000e+01 0.000000000000000000e+00 1.000000000000000000e+00
1.610000000000000000e+02 1.300000000000000000e+01 2.500000000000000000e+01 0.000000000000000000e+00 1.000000000000000000e+00
1.680000000000000000e+02 2.200000000000000000e+01 2.700000000000000000e+01 0.000000000000000000e+00 1.000000000000000000e+00
1.680000000000000000e+02 1.600000000000000000e+01 2.100000000000000000e+01 1.000000000000000000e+00 1.000000000000000000e+00
1.700000000000000000e+02 1.000000000000000000e+01 2.200000000000000000e+01 1.000000000000000000e+00 1.000000000000000000e+00
1.700000000000000000e+02 1.900000000000000000e+01 3.500000000000000000e+01 0.000000000000000000e+00 1.000000000000000000e+00
1.710000000000000000e+02 2.200000000000000000e+01 3.900000000000000000e+01 0.000000000000000000e+00 1.000000000000000000e+00
1.720000000000000000e+02 6.000000000000000000e+00 3.600000000000000000e+01 0.000000000000000000e+00 1.000000000000000000e+00
1.730000000000000000e+02 1.700000000000000000e+01 1.300000000000000000e+01 1.000000000000000000e+00 1.000000000000000000e+00
1.750000000000000000e+02 1.700000000000000000e+01 1.400000000000000000e+01 1.000000000000000000e+00 1.000000000000000000e+00
1.770000000000000000e+02 1.000000000000000000e+01 2.700000000000000000e+01 0.000000000000000000e+00 1.000000000000000000e+00
1.780000000000000000e+02 1.700000000000000000e+01 2.500000000000000000e+01 0.000000000000000000e+00 1.000000000000000000e+00
1.800000000000000000e+02 1.000000000000000000e+01 2.800000000000000000e+01 0.000000000000000000e+00 1.000000000000000000e+00
1.810000000000000000e+02 1.000000000000000000e+01 3.600000000000000000e+01 0.000000000000000000e+00 1.000000000000000000e+00
1.910000000000000000e+02 1.100000000000000000e+01 2.100000000000000000e+01 1.000000000000000000e+00 1.000000000000000000e+00
1.930000000000000000e+02 1.600000000000000000e+01 2.600000000000000000e+01 0.000000000000000000e+00 1.000000000000000000e+00
1.960000000000000000e+02 2.000000000000000000e+01 0.000000000000000000e+00 0.000000000000000000e+00 1.000000000000000000e+00
2.090000000000000000e+02 2.000000000000000000e+01 3.800000000000000000e+01 0.000000000000000000e+00 1.000000000000000000e+00
2.130000000000000000e+02 2.000000000000000000e+01 4.300000000000000000e+01 0.000000000000000000e+00 1.000000000000000000e+00
2.150000000000000000e+02 1.700000000000000000e+01 2.000000000000000000e+00 1.000000000000000000e+00 1.000000000000000000e+00
2.160000000000000000e+02 1.700000000000000000e+01 1.000000000000000000e+01 1.000000000000000000e+00 1.000000000000000000e+00
2.160000000000000000e+02 6.000000000000000000e+00 3.200000000000000000e+01 0.000000000000000000e+00 1.000000000000000000e+00
2.220000000000000000e+02 2.100000000000000000e+01 4.200000000000000000e+01 0.000000000000000000e+00 1.000000000000000000e+00
2.270000000000000000e+02 2.000000000000000000e+01 3.000000000000000000e+00 0.000000000000000000e+00 1.000000000000000000e+00
2.310000000000000000e+02 1.200000000000000000e+01 2.500000000000000000e+01 0.000000000000000000e+00 1.000000000000000000e+00
2.310000000000000000e+02 1.100000000000000000e+01 2.000000000000000000e+01 1.000000000000000000e+00 1.000000000000000000e+00
2.310000000000000000e+02 1.200000000000000000e+01 4.300000000000000000e+01 0.000000000000000000e+00 1.000000000000000000e+00
2.310000000000000000e+02 1.800000000000000000e+01 1.200000000000000000e+01 0.000000000000000000e+00 1.000000000000000000e+00
2.350000000000000000e+02 1.700000000000000000e+01 5.000000000000000000e+00 1.000000000000000000e+00 1.000000000000000000e+00
2.400000000000000000e+02 2.000000000000000000e+01 3.000000000000000000e+01 0.000000000000000000e+00 1.000000000000000000e+00
2.410000000000000000e+02 8.000000000000000000e+00 2.600000000000000000e+01 1.000000000000000000e+00 1.000000000000000000e+00
2.430000000000000000e+02 1.700000000000000000e+01 3.400000000000000000e+01 0.000000000000000000e+00 1.000000000000000000e+00
2.510000000000000000e+02 2.000000000000000000e+01 2.000000000000000000e+00 0.000000000000000000e+00 1.000000000000000000e+00
2.570000000000000000e+02 1.100000000000000000e+01 3.800000000000000000e+01 0.000000000000000000e+00 1.000000000000000000e+00
2.580000000000000000e+02 1.800000000000000000e+01 1.900000000000000000e+01 0.000000000000000000e+00 1.000000000000000000e+00
2.590000000000000000e+02 2.100000000000000000e+01 3.600000000000000000e+01 0.000000000000000000e+00 1.000000000000000000e+00
2.610000000000000000e+02 1.700000000000000000e+01 1.500000000000000000e+01 1.000000000000000000e+00 1.000000000000000000e+00
2.630000000000000000e+02 2.600000000000000000e+01 3.000000000000000000e+01 0.000000000000000000e+00 1.000000000000000000e+00
2.660000000000000000e+02 2.200000000000000000e+01 3.800000000000000000e+01 0.000000000000000000e+00 1.000000000000000000e+00
2.670000000000000000e+02 1.100000000000000000e+01 4.200000000000000000e+01 0.000000000000000000e+00 1.000000000000000000e+00
2.680000000000000000e+02 1.900000000000000000e+01 3.300000000000000000e+01 0.000000000000000000e+00 1.000000000000000000e+00
2.700000000000000000e+02 2.700000000000000000e+01 3.500000000000000000e+01 0.000000000000000000e+00 1.000000000000000000e+00
2.790000000000000000e+02 2.600000000000000000e+01 3.300000000000000000e+01 0.000000000000000000e+00 1.000000000000000000e+00
2.800000000000000000e+02 1.800000000000000000e+01 1.800000000000000000e+01 0.000000000000000000e+00 1.000000000000000000e+00
2.810000000000000000e+02 1.600000000000000000e+01 4.000000000000000000e+01 0.000000000000000000e+00 1.000000000000000000e+00
2.810000000000000000e+02 2.200000000000000000e+01 4.100000000000000000e+01 0.000000000000000000e+00 1.000000000000000000e+00
2.810000000000000000e+02 1.800000000000000000e+01 4.300000000000000000e+01 0.000000000000000000e+00 1.000000000000000000e+00
2.830000000000000000e+02 9.000000000000000000e+00 2.700000000000000000e+01 0.000000000000000000e+00 1.000000000000000000e+00
2.880000000000000000e+02 1.900000000000000000e+01 3.000000000000000000e+00 0.000000000000000000e+00 1.000000000000000000e+00
2.920000000000000000e+02 9.000000000000000000e+00 2.300000000000000000e+01 1.000000000000000000e+00 1.000000000000000000e+00
2.940000000000000000e+02 1.400000000000000000e+01 3.100000000000000000e+01 0.000000000000000000e+00 1.000000000000000000e+00
2.940000000000000000e+02 2.300000000000000000e+01 4.100000000000000000e+01 0.000000000000000000e+00 1.000000000000000000e+00
2.990000000000000000e+02 2.300000000000000000e+01 2.500000000000000000e+01 0.000000000000000000e+00 1.000000000000000000e+00
3.000000000000000000e+02 2.100000000000000000e+01 3.700000000000000000e+01 0.000000000000000000e+00 1.000000000000000000e+00
3.000000000000000000e+02 2.700000000000000000e+01 3.000000000000000000e+01 0.000000000000000000e+00 1.000000000000000000e+00
3.010000000000000000e+02 1.900000000000000000e+01 9.000000000000000000e+00 0.000000000000000000e+00 1.000000000000000000e+00
3.050000000000000000e+02 1.600000000000000000e+01 4.000000000000000000e+00 1.000000000000000000e+00 1.000000000000000000e+00
3.100000000000000000e+02 1.100000000000000000e+01 4.000000000000000000e+01 0.000000000000000000e+00 1.000000000000000000e+00
3.110000000000000000e+02 2.300000000000000000e+01 2.900000000000000000e+01 0.000000000000000000e+00 1.000000000000000000e+00
3.110000000000000000e+02 1.600000000000000000e+01 3.200000000000000000e+01 0.000000000000000000e+00 1.000000000000000000e+00
3.150000000000000000e+02 2.100000000000000000e+01 2.700000000000000000e+01 0.000000000000000000e+00 1.000000000000000000e+00
3.170000000000000000e+02 2.100000000000000000e+01 3.300000000000000000e+01 0.000000000000000000e+00 1.000000000000000000e+00
3.180000000000000000e+02 1.500000000000000000e+01 2.500000000000000000e+01 0.000000000000000000e+00 1.000000000000000000e+00
3.240000000000000000e+02 2.000000000000000000e+01 1.000000000000000000e+00 0.000000000000000000e+00 1.000000000000000000e+00
3.250000000000000000e+02 4.000000000000000000e+00 3.300000000000000000e+01 1.000000000000000000e+00 1.000000000000000000e+00
3.260000000000000000e+02 1.900000000000000000e+01 4.300000000000000000e+01 0.000000000000000000e+00 1.000000000000000000e+00
3.260000000000000000e+02 2.700000000000000000e+01 2.800000000000000000e+01 0.000000000000000000e+00 1.000000000000000000e+00
3.270000000000000000e+02 1.600000000000000000e+01 2.300000000000000000e+01 0.000000000000000000e+00 1.000000000000000000e+00
3.380000000000000000e+02 1.600000000000000000e+01 4.400000000000000000e+01 0.000000000000000000e+00 1.000000000000000000e+00
3.430000000000000000e+02 1.600000000000000000e+01 2.400000000000000000e+01 0.000000000000000000e+00 1.000000000000000000e+00
3.450000000000000000e+02 1.600000000000000000e+01 2.000000000000000000e+01 1.000000000000000000e+00 1.000000000000000000e+00
3.480000000000000000e+02 9.000000000000000000e+00 3.900000000000000000e+01 0.000000000000000000e+00 1.000000000000000000e+00
3.500000000000000000e+02 1.900000000000000000e+01 3.400000000000000000e+01 0.000000000000000000e+00 1.000000000000000000e+00
3.510000000000000000e+02 2.500000000000000000e+01 3.900000000000000000e+01 0.000000000000000000e+00 1.000000000000000000e+00
3.560000000000000000e+02 1.300000000000000000e+01 2.400000000000000000e+01 0.000000000000000000e+00 1.000000000000000000e+00
3.570000000000000000e+02 1.800000000000000000e+01 4.200000000000000000e+01 0.000000000000000000e+00 1.000000000000000000e+00
3.610000000000000000e+02 6.000000000000000000e+00 2.700000000000000000e+01 1.000000000000000000e+00 1.000000000000000000e+00
3.620000000000000000e+02 2.400000000000000000e+01 2.800000000000000000e+01 0.000000000000000000e+00 1.000000000000000000e+00
3.640000000000000000e+02 2.100000000000000000e+01 2.200000000000000000e+01 1.000000000000000000e+00 1.000000000000000000e+00
3.680000000000000000e+02 1.600000000000000000e+01 1.000000000000000000e+00 1.000000000000000000e+00 1.000000000000000000e+00
3.680000000000000000e+02 1.900000000000000000e+01 1.000000000000000000e+01 0.000000000000000000e+00 1.000000000000000000e+00
3.700000000000000000e+02 1.700000000000000000e+01 1.100000000000000000e+01 1.000000000000000000e+00 1.000000000000000000e+00
3.780000000000000000e+02 9.000000000000000000e+00 1.700000000000000000e+01 1.000000000000000000e+00 1.000000000000000000e+00
3.790000000000000000e+02 1.100000000000000000e+01 2.300000000000000000e+01 1.000000000000000000e+00 1.000000000000000000e+00
3.810000000000000000e+02 1.100000000000000000e+01 2.300000000000000000e+01 1.000000000000000000e+00 1.000000000000000000e+00
3.830000000000000000e+02 1.200000000000000000e+01 2.500000000000000000e+01 0.000000000000000000e+00 1.000000000000000000e+00
3.900000000000000000e+02 9.000000000000000000e+00 4.100000000000000000e+01 0.000000000000000000e+00 1.000000000000000000e+00
3.970000000000000000e+02 1.100000000000000000e+01 2.200000000000000000e+01 1.000000000000000000e+00 1.000000000000000000e+00
3.970000000000000000e+02 2.700000000000000000e+01 3.100000000000000000e+01 0.000000000000000000e+00 1.000000000000000000e+00
4.020000000000000000e+02 1.000000000000000000e+01 2.300000000000000000e+01 1.000000000000000000e+00 1.000000000000000000e+00
4.020000000000000000e+02 2.200000000000000000e+01 4.200000000000000000e+01 0.000000000000000000e+00 1.000000000000000000e+00
4.030000000000000000e+02 9.000000000000000000e+00 2.700000000000000000e+01 0.000000000000000000e+00 1.000000000000000000e+00
4.040000000000000000e+02 1.500000000000000000e+01 1.600000000000000000e+01 1.000000000000000000e+00 1.000000000000000000e+00
4.100000000000000000e+02 1.800000000000000000e+01 6.000000000000000000e+00 1.000000000000000000e+00 1.000000000000000000e+00
4.100000000000000000e+02 1.200000000000000000e+01 2.200000000000000000e+01 1.000000000000000000e+00 1.000000000000000000e+00
4.110000000000000000e+02 1.000000000000000000e+01 4.300000000000000000e+01 0.000000000000000000e+00 1.000000000000000000e+00
4.140000000000000000e+02 1.800000000000000000e+01 1.100000000000000000e+01 0.000000000000000000e+00 1.000000000000000000e+00
4.160000000000000000e+02 1.200000000000000000e+01 4.200000000000000000e+01 0.000000000000000000e+00 1.000000000000000000e+00
4.160000000000000000e+02 1.100000000000000000e+01 1.900000000000000000e+01 1.000000000000000000e+00 1.000000000000000000e+00
4.170000000000000000e+02 1.700000000000000000e+01 1.600000000000000000e+01 1.000000000000000000e+00 1.000000000000000000e+00
4.210000000000000000e+02 2.100000000000000000e+01 2.500000000000000000e+01 0.000000000000000000e+00 1.000000000000000000e+00
4.220000000000000000e+02 1.700000000000000000e+01 2.800000000000000000e+01 0.000000000000000000e+00 1.000000000000000000e+00
4.230000000000000000e+02 1.900000000000000000e+01 1.200000000000000000e+01 0.000000000000000000e+00 1.000000000000000000e+00
4.260000000000000000e+02 2.400000000000000000e+01 4.000000000000000000e+01 0.000000000000000000e+00 1.000000000000000000e+00
4.320000000000000000e+02 1.500000000000000000e+01 2.000000000000000000e+01 1.000000000000000000e+00 1.000000000000000000e+00
4.350000000000000000e+02 1.300000000000000000e+01 4.300000000000000000e+01 0.000000000000000000e+00 1.000000000000000000e+00
4.350000000000000000e+02 2.700000000000000000e+01 3.700000000000000000e+01 0.000000000000000000e+00 1.000000000000000000e+00
4.390000000000000000e+02 1.700000000000000000e+01 3.100000000000000000e+01 0.000000000000000000e+00 1.000000000000000000e+00
4.410000000000000000e+02 8.000000000000000000e+00 2.400000000000000000e+01 1.000000000000000000e+00 1.000000000000000000e+00
4.490000000000000000e+02 1.300000000000000000e+01 3.800000000000000000e+01 0.000000000000000000e+00 1.000000000000000000e+00
4.500000000000000000e+02 1.900000000000000000e+01 1.100000000000000000e+01 0.000000000000000000e+00 1.000000000000000000e+00
4.570000000000000000e+02 1.700000000000000000e+01 9.000000000000000000e+00 1.000000000000000000e+00 1.000000000000000000e+00
4.750000000000000000e+02 1.700000000000000000e+01 4.400000000000000000e+01 0.000000000000000000e+00 1.000000000000000000e+00
4.750000000000000000e+02 1.400000000000000000e+01 4.000000000000000000e+01 0.000000000000000000e+00 1.000000000000000000e+00
4.760000000000000000e+02 1.000000000000000000e+01 4.000000000000000000e+01 0.000000000000000000e+00 1.000000000000000000e+00
4.780000000000000000e+02 1.300000000000000000e+01 2.100000000000000000e+01 1.000000000000000000e+00 1.000000000000000000e+00
4.850000000000000000e+02 2.000000000000000000e+01 2.600000000000000000e+01 0.000000000000000000e+00 1.000000000000000000e+00
4.880000000000000000e+02 1.900000000000000000e+01 3.300000000000000000e+01 0.000000000000000000e+00 1.000000000000000000e+00
4.920000000000000000e+02 1.900000000000000000e+01 2.900000000000000000e+01 0.000000000000000000e+00 1.000000000000000000e+00
4.920000000000000000e+02 2.000000000000000000e+01 2.000000000000000000e+00 0.000000000000000000e+00 1.000000000000000000e+00
4.960000000000000000e+02 1.300000000000000000e+01 3.300000000000000000e+01 0.000000000000000000e+00 1.000000000000000000e+00
4.960000000000000000e+02 5.000000000000000000e+00 3.000000000000000000e+01 1.000000000000000000e+00 1.000000000000000000e+00
4.970000000000000000e+02 5.000000000000000000e+00 3.000000000000000000e+01 1.000000000000000000e+00 1.000000000000000000e+00
4.980000000000000000e+02 1.600000000000000000e+01 8.000000000000000000e+00 1.000000000000000000e+00 1.000000000000000000e+00
4.990000000000000000e+02 1.700000000000000000e+01 3.700000000000000000e+01 0.000000000000000000e+00 1.000000000000000000e+00
5.070000000000000000e+02 2.000000000000000000e+01 4.000000000000000000e+00 0.000000000000000000e+00 1.000000000000000000e+00
5.090000000000000000e+02 2.700000000000000000e+01 3.200000000000000000e+01 0.000000000000000000e+00 1.000000000000000000e+00
5.090000000000000000e+02 7.000000000000000000e+00 2.500000000000000000e+01 1.000000000000000000e+00 1.000000000000000000e+00
5.100000000000000000e+02 1.500000000000000000e+01 2.100000000000000000e+01 1.000000000000000000e+00 1.000000000000000000e+00
5.110000000000000000e+02 2.600000000000000000e+01 3.800000000000000000e+01 0.000000000000000000e+00 1.000000000000000000e+00
5.140000000000000000e+02 1.300000000000000000e+01 2.800000000000000000e+01 0.000000000000000000e+00 1.000000000000000000e+00
5.170000000000000000e+02 2.100000000000000000e+01 4.100000000000000000e+01 0.000000000000000000e+00 1.000000000000000000e+00
5.190000000000000000e+02 2.500000000000000000e+01 3.800000000000000000e+01 0.000000000000000000e+00 1.000000000000000000e+00
5.190000000000000000e+02 2.000000000000000000e+01 3.000000000000000000e+00 0.000000000000000000e+00 1.000000000000000000e+00
5.220000000000000000e+02 1.500000000000000000e+01 3.800000000000000000e+01 0.000000000000000000e+00 1.000000000000000000e+00
5.220000000000000000e+02 9.000000000000000000e+00 2.400000000000000000e+01 1.000000000000000000e+00 1.000000000000000000e+00
5.230000000000000000e+02 9.000000000000000000e+00 2.400000000000000000e+01 1.000000000000000000e+00 1.000000000000000000e+00
5.280000000000000000e+02 1.100000000000000000e+01 3.900000000000000000e+01 0.000000000000000000e+00 1.000000000000000000e+00
5.320000000000000000e+02 5.000000000000000000e+00 3.400000000000000000e+01 1.000000000000000000e+00 1.000000000000000000e+00
5.350000000000000000e+02 1.700000000000000000e+01 4.100000000000000000e+01 0.000000000000000000e+00 1.000000000000000000e+00
5.440000000000000000e+02 9.000000000000000000e+00 2.500000000000000000e+01 1.000000000000000000e+00 1.000000000000000000e+00
5.540000000000000000e+02 1.600000000000000000e+01 3.800000000000000000e+01 0.000000000000000000e+00 1.000000000000000000e+00
5.650000000000000000e+02 1.400000000000000000e+01 2.100000000000000000e+01 1.000000000000000000e+00 1.000000000000000000e+00
5.700000000000000000e+02 1.400000000000000000e+01 2.200000000000000000e+01 1.000000000000000000e+00 1.000000000000000000e+00
5.710000000000000000e+02 2.700000000000000000e+01 3.600000000000000000e+01 0.000000000000000000e+00 1.000000000000000000e+00
5.720000000000000000e+02 1.600000000000000000e+01 4.300000000000000000e+01 0.000000000000000000e+00 1.000000000000000000e+00
5.880000000000000000e+02 6.000000000000000000e+00 2.800000000000000000e+01 1.000000000000000000e+00 1.000000000000000000e+00
5.920000000000000000e+02 1.700000000000000000e+01 1.700000000000000000e+01 1.000000000000000000e+00 1.000000000000000000e+00
5.960000000000000000e+02 2.600000000000000000e+01 3.700000000000000000e+01 0.000000000000000000e+00 1.000000000000000000e+00
6.070000000000000000e+02 1.900000000000000000e+01 3.600000000000000000e+01 0.000000000000000000e+00 1.000000000000000000e+00
6.090000000000000000e+02 6.000000000000000000e+00 3.100000000000000000e+01 0.000000000000000000e+00 1.000000000000000000e+00
6.110000000000000000e+02 1.400000000000000000e+01 2.700000000000000000e+01 1.000000000000000000e+00 1.000000000000000000e+00
6.130000000000000000e+02 1.800000000000000000e+01 7.000000000000000000e+00 1.000000000000000000e+00 1.000000000000000000e+00
6.150000000000000000e+02 1.800000000000000000e+01 4.000000000000000000e+00 1.000000000000000000e+00 1.000000000000000000e+00
6.150000000000000000e+02 1.900000000000000000e+01 1.400000000000000000e+01 0.000000000000000000e+00 1.000000000000000000e+00
6.250000000000000000e+02 1.000000000000000000e+01 3.100000000000000000e+01 0.000000000000000000e+00 1.000000000000000000e+00
6.260000000000000000e+02 1.400000000000000000e+01 4.400000000000000000e+01 0.000000000000000000e+00 1.000000000000000000e+00
6.270000000000000000e+02 1.800000000000000000e+01 3.500000000000000000e+01 0.000000000000000000e+00 1.000000000000000000e+00
6.290000000000000000e+02 1.400000000000000000e+01 4.000000000000000000e+01 0.000000000000000000e+00 1.000000000000000000e+00
6.290000000000000000e+02 2.300000000000000000e+01 2.300000000000000000e+01 1.000000000000000000e+00 1.000000000000000000e+00
6.330000000000000000e+02 1.400000000000000000e+01 2.500000000000000000e+01 0.000000000000000000e+00 1.000000000000000000e+00
6.390000000000000000e+02 1.300000000000000000e+01 4.400000000000000000e+01 0.000000000000000000e+00 1.000000000000000000e+00
6.400000000000000000e+02 1.000000000000000000e+01 1.300000000000000000e+01 1.000000000000000000e+00 1.000000000000000000e+00
6.420000000000000000e+02 1.900000000000000000e+01 1.200000000000000000e+01 0.000000000000000000e+00 1.000000000000000000e+00
6.430000000000000000e+02 1.700000000000000000e+01 8.000000000000000000e+00 1.000000000000000000e+00 1.000000000000000000e+00
6.430000000000000000e+02 5.000000000000000000e+00 3.100000000000000000e+01 1.000000000000000000e+00 1.000000000000000000e+00
6.440000000000000000e+02 1.700000000000000000e+01 2.200000000000000000e+01 1.000000000000000000e+00 1.000000000000000000e+00
6.440000000000000000e+02 1.300000000000000000e+01 2.200000000000000000e+01 1.000000000000000000e+00 1.000000000000000000e+00
6.480000000000000000e+02 2.400000000000000000e+01 3.800000000000000000e+01 0.000000000000000000e+00 1.000000000000000000e+00
6.540000000000000000e+02 1.700000000000000000e+01 1.200000000000000000e+01 1.000000000000000000e+00 1.000000000000000000e+00
6.540000000000000000e+02 1.800000000000000000e+01 1.400000000000000000e+01 0.000000000000000000e+00 1.000000000000000000e+00
6.560000000000000000e+02 1.300000000000000000e+01 2.000000000000000000e+01 1.000000000000000000e+00 1.000000000000000000e+00
6.570000000000000000e+02 1.800000000000000000e+01 1.100000000000000000e+01 0.000000000000000000e+00 1.000000000000000000e+00
6.620000000000000000e+02 2.100000000000000000e+01 4.300000000000000000e+01 0.000000000000000000e+00 1.000000000000000000e+00
6.640000000000000000e+02 2.000000000000000000e+01 2.200000000000000000e+01 1.000000000000000000e+00 1.000000000000000000e+00
6.670000000000000000e+02 1.300000000000000000e+01 3.900000000000000000e+01 0.000000000000000000e+00 1.000000000000000000e+00
6.700000000000000000e+02 2.100000000000000000e+01 2.800000000000000000e+01 0.000000000000000000e+00 1.000000000000000000e+00
6.700000000000000000e+02 2.000000000000000000e+01 4.100000000000000000e+01 0.000000000000000000e+00 1.000000000000000000e+00
6.730000000000000000e+02 1.500000000000000000e+01 3.900000000000000000e+01 0.000000000000000000e+00 1.000000000000000000e+00
6.750000000000000000e+02 2.600000000000000000e+01 3.800000000000000000e+01 0.000000000000000000e+00 1.000000000000000000e+00
6.750000000000000000e+02 1.600000000000000000e+01 2.100000000000000000e+01 1.000000000000000000e+00 1.000000000000000000e+00
6.770000000000000000e+02 1.600000000000000000e+01 2.100000000000000000e+01 1.000000000000000000e+00 1.000000000000000000e+00
6.790000000000000000e+02 2.400000000000000000e+01 2.400000000000000000e+01 1.000000000000000000e+00 1.000000000000000000e+00
6.840000000000000000e+02 2.300000000000000000e+01 4.100000000000000000e+01 0.000000000000000000e+00 1.000000000000000000e+00
6.860000000000000000e+02 1.200000000000000000e+01 1.400000000000000000e+01 1.000000000000000000e+00 1.000000000000000000e+00
6.870000000000000000e+02 1.100000000000000000e+01 2.300000000000000000e+01 1.000000000000000000e+00 1.000000000000000000e+00
6.880000000000000000e+02 1.900000000000000000e+01 4.400000000000000000e+01 0.000000000000000000e+00 1.000000000000000000e+00
6.880000000000000000e+02 1.600000000000000000e+01 2.000000000000000000e+01 1.000000000000000000e+00 1.000000000000000000e+00
6.910000000000000000e+02 2.500000000000000000e+01 4.000000000000000000e+01 0.000000000000000000e+00 1.000000000000000000e+00
6.930000000000000000e+02 2.400000000000000000e+01 3.100000000000000000e+01 0.000000000000000000e+00 1.000000000000000000e+00
6.940000000000000000e+02 1.600000000000000000e+01 4.200000000000000000e+01 0.000000000000000000e+00 1.000000000000000000e+00
6.940000000000000000e+02 1.100000000000000000e+01 3.700000000000000000e+01 0.000000000000000000e+00 1.000000000000000000e+00
6.940000000000000000e+02 1.900000000000000000e+01 3.300000000000000000e+01 0.000000000000000000e+00 1.000000000000000000e+00
6.990000000000000000e+02 1.800000000000000000e+01 2.000000000000000000e+01 0.000000000000000000e+00 1.000000000000000000e+00
6.990000000000000000e+02 1.100000000000000000e+01 3.600000000000000000e+01 0.000000000000000000e+00 1.000000000000000000e+00
7.000000000000000000e+02 1.900000000000000000e+01 2.100000000000000000e+01 1.000000000000000000e+00 1.000000000000000000e+00
7.020000000000000000e+02 1.900000000000000000e+01 1.300000000000000000e+01 0.000000000000000000e+00 1.000000000000000000e+00
7.080000000000000000e+02 1.000000000000000000e+01 2.400000000000000000e+01 1.000000000000000000e+00 1.000000000000000000e+00
7.280000000000000000e+02 1.800000000000000000e+01 4.200000000000000000e+01 0.000000000000000000e+00 1.000000000000000000e+00
7.430000000000000000e+02 1.500000000000000000e+01 3.000000000000000000e+01 0.000000000000000000e+00 1.000000000000000000e+00
7.480000000000000000e+02 8.000000000000000000e+00 3.900000000000000000e+01 0.000000000000000000e+00 1.000000000000000000e+00
7.480000000000000000e+02 1.500000000000000000e+01 2.400000000000000000e+01 0.000000000000000000e+00 1.000000000000000000e+00
7.490000000000000000e+02 1.500000000000000000e+01 4.000000000000000000e+01 0.000000000000000000e+00 1.000000000000000000e+00
7.490000000000000000e+02 2.400000000000000000e+01 4.100000000000000000e+01 0.000000000000000000e+00 1.000000000000000000e+00
7.530000000000000000e+02 5.000000000000000000e+00 3.600000000000000000e+01 1.000000000000000000e+00 1.000000000000000000e+00
7.570000000000000000e+02 2.600000000000000000e+01 3.600000000000000000e+01 0.000000000000000000e+00 1.000000000000000000e+00
7.590000000000000000e+02 1.300000000000000000e+01 3.600000000000000000e+01 0.000000000000000000e+00 1.000000000000000000e+00
7.590000000000000000e+02 2.700000000000000000e+01 3.400000000000000000e+01 0.000000000000000000e+00 1.000000000000000000e+00
7.670000000000000000e+02 1.600000000000000000e+01 1.900000000000000000e+01 1.000000000000000000e+00 1.000000000000000000e+00
7.700000000000000000e+02 1.400000000000000000e+01 1.400000000000000000e+01 1.000000000000000000e+00 1.000000000000000000e+00
7.730000000000000000e+02 2.000000000000000000e+01 2.700000000000000000e+01 0.000000000000000000e+00 1.000000000000000000e+00
7.740000000000000000e+02 1.000000000000000000e+01 2.300000000000000000e+01 1.000000000000000000e+00 1.000000000000000000e+00
7.740000000000000000e+02 5.000000000000000000e+00 2.900000000000000000e+01 1.000000000000000000e+00 1.000000000000000000e+00
7.870000000000000000e+02 2.700000000000000000e+01 3.700000000000000000e+01 0.000000000000000000e+00 1.000000000000000000e+00
7.870000000000000000e+02 2.000000000000000000e+01 5.000000000000000000e+00 0.000000000000000000e+00 1.000000000000000000e+00
7.880000000000000000e+02 1.900000000000000000e+01 2.200000000000000000e+01 1.000000000000000000e+00 1.000000000000000000e+00
7.900000000000000000e+02 8.000000000000000000e+00 2.500000000000000000e+01 1.000000000000000000e+00 1.000000000000000000e+00
8.000000000000000000e+02 1.000000000000000000e+01 4.100000000000000000e+01 0.000000000000000000e+00 1.000000000000000000e+00
8.000000000000000000e+02 1.100000000000000000e+01 4.300000000000000000e+01 0.000000000000000000e+00 1.000000000000000000e+00
8.000000000000000000e+02 2.200000000000000000e+01 2.200000000000000000e+01 1.000000000000000000e+00 1.000000000000000000e+00
8.000000000000000000e+02 1.700000000000000000e+01 1.600000000000000000e+01 1.000000000000000000e+00 1.000000000000000000e+00
8.010000000000000000e+02 1.700000000000000000e+01 1.600000000000000000e+01 1.000000000000000000e+00 1.000000000000000000e+00
8.040000000000000000e+02 2.200000000000000000e+01 2.600000000000000000e+01 0.000000000000000000e+00 1.000000000000000000e+00
8.040000000000000000e+02 2.000000000000000000e+01 2.500000000000000000e+01 0.000000000000000000e+00 1.000000000000000000e+00
8.060000000000000000e+02 1.200000000000000000e+01 3.800000000000000000e+01 0.000000000000000000e+00 1.000000000000000000e+00
8.090000000000000000e+02 5.000000000000000000e+00 2.000000000000000000e+01 0.000000000000000000e+00 1.000000000000000000e+00
8.100000000000000000e+02 2.700000000000000000e+01 3.300000000000000000e+01 0.000000000000000000e+00 1.000000000000000000e+00
8.120000000000000000e+02 7.000000000000000000e+00 2.600000000000000000e+01 1.000000000000000000e+00 1.000000000000000000e+00
8.130000000000000000e+02 7.000000000000000000e+00 2.600000000000000000e+01 1.000000000000000000e+00 1.000000000000000000e+00
8.140000000000000000e+02 5.000000000000000000e+00 3.200000000000000000e+01 1.000000000000000000e+00 1.000000000000000000e+00
8.150000000000000000e+02 2.700000000000000000e+01 3.500000000000000000e+01 0.000000000000000000e+00 1.000000000000000000e+00
8.200000000000000000e+02 1.100000000000000000e+01 3.700000000000000000e+01 1.000000000000000000e+00 1.000000000000000000e+00
8.200000000000000000e+02 1.100000000000000000e+01 2.200000000000000000e+01 1.000000000000000000e+00 1.000000000000000000e+00
8.260000000000000000e+02 9.000000000000000000e+00 2.000000000000000000e+01 1.000000000000000000e+00 1.000000000000000000e+00
8.270000000000000000e+02 1.700000000000000000e+01 1.500000000000000000e+01 1.000000000000000000e+00 1.000000000000000000e+00
8.300000000000000000e+02 1.100000000000000000e+01 3.500000000000000000e+01 0.000000000000000000e+00 1.000000000000000000e+00
8.320000000000000000e+02 5.000000000000000000e+00 3.100000000000000000e+01 1.000000000000000000e+00 1.000000000000000000e+00
8.350000000000000000e+02 1.700000000000000000e+01 1.800000000000000000e+01 1.000000000000000000e+00 1.000000000000000000e+00
8.410000000000000000e+02 5.000000000000000000e+00 3.000000000000000000e+01 1.000000000000000000e+00 1.000000000000000000e+00
8.430000000000000000e+02 2.300000000000000000e+01 4.200000000000000000e+01 0.000000000000000000e+00 1.000000000000000000e+00
8.440000000000000000e+02 4.000000000000000000e+00 3.400000000000000000e+01 1.000000000000000000e+00 1.000000000000000000e+00
8.470000000000000000e+02 9.000000000000000000e+00 3.400000000000000000e+01 0.000000000000000000e+00 1.000000000000000000e+00
8.510000000000000000e+02 9.000000000000000000e+00 2.400000000000000000e+01 1.000000000000000000e+00 1.000000000000000000e+00
8.510000000000000000e+02 1.800000000000000000e+01 8.000000000000000000e+00 1.000000000000000000e+00 1.000000000000000000e+00
8.520000000000000000e+02 1.800000000000000000e+01 8.000000000000000000e+00 1.000000000000000000e+00 1.000000000000000000e+00
8.610000000000000000e+02 1.900000000000000000e+01 1.500000000000000000e+01 0.000000000000000000e+00 1.000000000000000000e+00
8.610000000000000000e+02 5.000000000000000000e+00 3.500000000000000000e+01 1.000000000000000000e+00 1.000000000000000000e+00
8.710000000000000000e+02 1.700000000000000000e+01 1.900000000000000000e+01 1.000000000000000000e+00 1.000000000000000000e+00
8.710000000000000000e+02 2.000000000000000000e+01 4.000000000000000000e+00 0.000000000000000000e+00 1.000000000000000000e+00
8.790000000000000000e+02 1.500000000000000000e+01 2.600000000000000000e+01 0.000000000000000000e+00 1.000000000000000000e+00
8.800000000000000000e+02 1.000000000000000000e+01 3.000000000000000000e+01 0.000000000000000000e+00 1.000000000000000000e+00
8.830000000000000000e+02 4.000000000000000000e+00 3.200000000000000000e+01 1.000000000000000000e+00 1.000000000000000000e+00
8.850000000000000000e+02 2.000000000000000000e+01 2.000000000000000000e+00 0.000000000000000000e+00 1.000000000000000000e+00
8.900000000000000000e+02 1.300000000000000000e+01 3.100000000000000000e+01 0.000000000000000000e+00 1.000000000000000000e+00
9.000000000000000000e+02 1.300000000000000000e+01 2.500000000000000000e+01 0.000000000000000000e+00 1.000000000000000000e+00
9.010000000000000000e+02 1.800000000000000000e+01 5.000000000000000000e+00 1.000000000000000000e+00 1.000000000000000000e+00
9.020000000000000000e+02 2.700000000000000000e+01 2.900000000000000000e+01 0.000000000000000000e+00 1.000000000000000000e+00
9.030000000000000000e+02 1.000000000000000000e+01 2.100000000000000000e+01 1.000000000000000000e+00 1.000000000000000000e+00
9.040000000000000000e+02 2.200000000000000000e+01 4.200000000000000000e+01 0.000000000000000000e+00 1.000000000000000000e+00
9.080000000000000000e+02 1.200000000000000000e+01 2.200000000000000000e+01 1.000000000000000000e+00 1.000000000000000000e+00
9.090000000000000000e+02 2.200000000000000000e+01 2.700000000000000000e+01 0.000000000000000000e+00 1.000000000000000000e+00
9.100000000000000000e+02 1.300000000000000000e+01 2.200000000000000000e+01 1.000000000000000000e+00 1.000000000000000000e+00
9.110000000000000000e+02 1.400000000000000000e+01 2.100000000000000000e+01 1.000000000000000000e+00 1.000000000000000000e+00
9.110000000000000000e+02 1.900000000000000000e+01 1.400000000000000000e+01 0.000000000000000000e+00 1.000000000000000000e+00
9.130000000000000000e+02 2.700000000000000000e+01 3.000000000000000000e+01 0.000000000000000000e+00 1.000000000000000000e+00
9.130000000000000000e+02 4.000000000000000000e+00 3.100000000000000000e+01 1.000000000000000000e+00 1.000000000000000000e+00
9.140000000000000000e+02 1.900000000000000000e+01 9.000000000000000000e+00 0.000000000000000000e+00 1.000000000000000000e+00
9.140000000000000000e+02 2.600000000000000000e+01 3.800000000000000000e+01 0.000000000000000000e+00 1.000000000000000000e+00
9.140000000000000000e+02 3.000000000000000000e+00 2.900000000000000000e+01 1.000000000000000000e+00 1.000000000000000000e+00
9.150000000000000000e+02 1.400000000000000000e+01 4.400000000000000000e+01 0.000000000000000000e+00 1.000000000000000000e+00
9.220000000000000000e+02 2.000000000000000000e+01 6.000000000000000000e+00 0.000000000000000000e+00 1.000000000000000000e+00
9.220000000000000000e+02 1.500000000000000000e+01 4.300000000000000000e+01 0.000000000000000000e+00 1.000000000000000000e+00
9.220000000000000000e+02 2.000000000000000000e+01 4.000000000000000000e+01 0.000000000000000000e+00 1.000000000000000000e+00
9.230000000000000000e+02 1.000000000000000000e+01 2.400000000000000000e+01 1.000000000000000000e+00 1.000000000000000000e+00
9.240000000000000000e+02 1.500000000000000000e+01 4.400000000000000000e+01 0.000000000000000000e+00 1.000000000000000000e+00
9.250000000000000000e+02 2.000000000000000000e+01 4.400000000000000000e+01 0.000000000000000000e+00 1.000000000000000000e+00
9.300000000000000000e+02 1.900000000000000000e+01 0.000000000000000000e+00 1.000000000000000000e+00 1.000000000000000000e+00
9.360000000000000000e+02 2.100000000000000000e+01 4.300000000000000000e+01 0.000000000000000000e+00 1.000000000000000000e+00
9.360000000000000000e+02 1.000000000000000000e+01 2.900000000000000000e+01 0.000000000000000000e+00 1.000000000000000000e+00
9.360000000000000000e+02 1.100000000000000000e+01 2.500000000000000000e+01 0.000000000000000000e+00 1.000000000000000000e+00
9.430000000000000000e+02 1.800000000000000000e+01 1.700000000000000000e+01 0.000000000000000000e+00 1.000000000000000000e+00
9.430000000000000000e+02 1.800000000000000000e+01 9.000000000000000000e+00 1.000000000000000000e+00 1.000000000000000000e+00
9.440000000000000000e+02 1.100000000000000000e+01 2.300000000000000000e+01 1.000000000000000000e+00 1.000000000000000000e+00
9.450000000000000000e+02 1.300000000000000000e+01 4.100000000000000000e+01 0.000000000000000000e+00 1.000000000000000000e+00
9.450000000000000000e+02 1.300000000000000000e+01 3.400000000000000000e+01 0.000000000000000000e+00 1.000000000000000000e+00
9.460000000000000000e+02 1.100000000000000000e+01 3.300000000000000000e+01 0.000000000000000000e+00 1.000000000000000000e+00
9.510000000000000000e+02 1.600000000000000000e+01 4.400000000000000000e+01 0.000000000000000000e+00 1.000000000000000000e+00
9.560000000000000000e+02 1.600000000000000000e+01 3.700000000000000000e+01 0.000000000000000000e+00 1.000000000000000000e+00
9.580000000000000000e+02 2.000000000000000000e+01 7.000000000000000000e+00 0.000000000000000000e+00 1.000000000000000000e+00
9.630000000000000000e+02 1.900000000000000000e+01 5.000000000000000000e+00 0.000000000000000000e+00 1.000000000000000000e+00
9.640000000000000000e+02 2.500000000000000000e+01 3.900000000000000000e+01 0.000000000000000000e+00 1.000000000000000000e+00
9.640000000000000000e+02 2.500000000000000000e+01 3.700000000000000000e+01 0.000000000000000000e+00 1.000000000000000000e+00
9.650000000000000000e+02 9.000000000000000000e+00 3.600000000000000000e+01 0.000000000000000000e+00 1.000000000000000000e+00
9.660000000000000000e+02 1.800000000000000000e+01 2.800000000000000000e+01 0.000000000000000000e+00 1.000000000000000000e+00
9.730000000000000000e+02 1.300000000000000000e+01 1.900000000000000000e+01 1.000000000000000000e+00 1.000000000000000000e+00
9.740000000000000000e+02 1.800000000000000000e+01 3.400000000000000000e+01 0.000000000000000000e+00 1.000000000000000000e+00
9.780000000000000000e+02 2.200000000000000000e+01 4.300000000000000000e+01 0.000000000000000000e+00 1.000000000000000000e+00
9.810000000000000000e+02 1.200000000000000000e+01 3.300000000000000000e+01 0.000000000000000000e+00 1.000000000000000000e+00
9.810000000000000000e+02 1.700000000000000000e+01 4.400000000000000000e+01 0.000000000000000000e+00 1.000000000000000000e+00
9.860000000000000000e+02 1.600000000000000000e+01 2.000000000000000000e+01 1.000000000000000000e+00 1.000000000000000000e+00
9.910000000000000000e+02 1.700000000000000000e+01 4.500000000000000000e+01 0.000000000000000000e+00 1.000000000000000000e+00
9.930000000000000000e+02 1.600000000000000000e+01 2.500000000000000000e+01 0.000000000000000000e+00 1.000000000000000000e+00
9.940000000000000000e+02 1.000000000000000000e+01 4.100000000000000000e+01 0.000000000000000000e+00 1.000000000000000000e+00
9.950000000000000000e+02 1.800000000000000000e+01 4.100000000000000000e+01 0.000000000000000000e+00 1.000000000000000000e+00
9.980000000000000000e+02 9.000000000000000000e+00 3.100000000000000000e+01 0.000000000000000000e+00 1.000000000000000000e+00
