2.580000000000000071e+00 5.300000000000000000e+01 3.100000000000000000e+01 0.000000000000000000e+00 0.000000000000000000e+00
4.589999999999999858e+00 5.300000000000000000e+01 3.200000000000000000e+01 0.000000000000000000e+00 0.000000000000000000e+00
6.040000000000000036e+00 5.500000000000000000e+01 3.600000000000000000e+01 0.000000000000000000e+00 0.000000000000000000e+00
6.440000000000000391e+00 5.700000000000000000e+01 3.600000000000000000e+01 1.000000000000000000e+00 0.000000000000000000e+00
7.879999999999999893e+00 5.200000000000000000e+01 4.100000000000000000e+01 1.000000000000000000e+00 0.000000000000000000e+00
8.039999999999999147e+00 5.900000000000000000e+01 4.100000000000000000e+01 1.000000000000000000e+00 0.000000000000000000e+00
8.050000000000000711e+00 5.900000000000000000e+01 4.100000000000000000e+01 1.000000000000000000e+00 0.000000000000000000e+00
1.023000000000000043e+01 5.000000000000000000e+01 3.700000000000000000e+01 1.000000000000000000e+00 0.000000000000000000e+00
1.223000000000000043e+01 5.800000000000000000e+01 3.500000000000000000e+01 1.000000000000000000e+00 0.000000000000000000e+00
1.322000000000000064e+01 5.800000000000000000e+01 3.100000000000000000e+01 0.000000000000000000e+00 0.000000000000000000e+00
1.467999999999999972e+01 5.700000000000000000e+01 3.000000000000000000e+01 0.000000000000000000e+00 0.000000000000000000e+00
1.862000000000000099e+01 5.100000000000000000e+01 4.000000000000000000e+01 1.000000000000000000e+00 0.000000000000000000e+00
2.351000000000000156e+01 5.600000000000000000e+01 4.100000000000000000e+01 1.000000000000000000e+00 0.000000000000000000e+00
2.364999999999999858e+01 5.200000000000000000e+01 3.200000000000000000e+01 0.000000000000000000e+00 0.000000000000000000e+00
2.421999999999999886e+01 5.600000000000000000e+01 4.000000000000000000e+01 1.000000000000000000e+00 0.000000000000000000e+00
2.433999999999999986e+01 5.400000000000000000e+01 3.100000000000000000e+01 0.000000000000000000e+00 0.000000000000000000e+00
2.451999999999999957e+01 6.000000000000000000e+01 3.200000000000000000e+01 0.000000000000000000e+00 0.000000000000000000e+00
2.564000000000000057e+01 5.300000000000000000e+01 4.300000000000000000e+01 1.000000000000000000e+00 0.000000000000000000e+00
3.247999999999999687e+01 5.300000000000000000e+01 3.100000000000000000e+01 0.000000000000000000e+00 0.000000000000000000e+00
3.259000000000000341e+01 5.700000000000000000e+01 4.200000000000000000e+01 1.000000000000000000e+00 0.000000000000000000e+00
3.382999999999999829e+01 5.100000000000000000e+01 3.300000000000000000e+01 0.000000000000000000e+00 0.000000000000000000e+00
3.417000000000000171e+01 5.600000000000000000e+01 3.900000000000000000e+01 1.000000000000000000e+00 0.000000000000000000e+00
3.436999999999999744e+01 5.600000000000000000e+01 8.000000000000000000e+00 0.000000000000000000e+00 0.000000000000000000e+00
3.517000000000000171e+01 5.500000000000000000e+01 4.200000000000000000e+01 1.000000000000000000e+00 0.000000000000000000e+00
3.517999999999999972e+01 5.500000000000000000e+01 4.200000000000000000e+01 1.000000000000000000e+00 0.000000000000000000e+00
3.524000000000000199e+01 6.000000000000000000e+01 3.600000000000000000e+01 1.000000000000000000e+00 0.000000000000000000e+00
3.665999999999999659e+01 6.100000000000000000e+01 4.000000000000000000e+01 1.000000000000000000e+00 0.000000000000000000e+00
3.667000000000000171e+01 6.100000000000000000e+01 4.000000000000000000e+01 1.000000000000000000e+00 0.000000000000000000e+00
3.771999999999999886e+01 5.300000000000000000e+01 4.100000000000000000e+01 1.000000000000000000e+00 0.000000000000000000e+00
3.772999999999999687e+01 5.300000000000000000e+01 4.100000000000000000e+01 1.000000000000000000e+00 0.000000000000000000e+00
3.845000000000000284e+01 5.600000000000000000e+01 4.200000000000000000e+01 1.000000000000000000e+00 0.000000000000000000e+00
3.909000000000000341e+01 5.600000000000000000e+01 1.100000000000000000e+01 0.000000000000000000e+00 0.000000000000000000e+00
4.297999999999999687e+01 6.000000000000000000e+01 4.000000000000000000e+01 1.000000000000000000e+00 0.000000000000000000e+00
4.364999999999999858e+01 5.200000000000000000e+01 4.000000000000000000e+01 1.000000000000000000e+00 0.000000000000000000e+00
4.507000000000000028e+01 5.200000000000000000e+01 3.200000000000000000e+01 0.000000000000000000e+00 0.000000000000000000e+00
4.631000000000000227e+01 5.800000000000000000e+01 4.000000000000000000e+01 1.000000000000000000e+00 0.000000000000000000e+00
4.632000000000000028e+01 5.800000000000000000e+01 4.000000000000000000e+01 1.000000000000000000e+00 0.000000000000000000e+00
4.706000000000000227e+01 5.600000000000000000e+01 3.100000000000000000e+01 0.000000000000000000e+00 0.000000000000000000e+00
4.786999999999999744e+01 5.600000000000000000e+01 1.000000000000000000e+00 0.000000000000000000e+00 0.000000000000000000e+00
4.906000000000000227e+01 4.900000000000000000e+01 4.000000000000000000e+01 1.000000000000000000e+00 0.000000000000000000e+00
4.907000000000000028e+01 4.900000000000000000e+01 4.000000000000000000e+01 1.000000000000000000e+00 0.000000000000000000e+00
5.061999999999999744e+01 5.400000000000000000e+01 4.100000000000000000e+01 1.000000000000000000e+00 0.000000000000000000e+00
5.378000000000000114e+01 5.500000000000000000e+01 4.100000000000000000e+01 1.000000000000000000e+00 0.000000000000000000e+00
5.379999999999999716e+01 5.100000000000000000e+01 3.900000000000000000e+01 1.000000000000000000e+00 0.000000000000000000e+00
5.596999999999999886e+01 5.300000000000000000e+01 3.100000000000000000e+01 0.000000000000000000e+00 0.000000000000000000e+00
5.689000000000000057e+01 5.600000000000000000e+01 4.000000000000000000e+00 0.000000000000000000e+00 0.000000000000000000e+00
6.032000000000000028e+01 6.100000000000000000e+01 3.900000000000000000e+01 1.000000000000000000e+00 0.000000000000000000e+00
6.221999999999999886e+01 5.800000000000000000e+01 4.300000000000000000e+01 1.000000000000000000e+00 0.000000000000000000e+00
6.239999999999999858e+01 5.900000000000000000e+01 3.100000000000000000e+01 0.000000000000000000e+00 0.000000000000000000e+00
6.375000000000000000e+01 5.700000000000000000e+01 3.000000000000000000e+01 0.000000000000000000e+00 0.000000000000000000e+00
6.537000000000000455e+01 5.900000000000000000e+01 4.100000000000000000e+01 1.000000000000000000e+00 0.000000000000000000e+00
6.732999999999999829e+01 5.300000000000000000e+01 4.000000000000000000e+01 1.000000000000000000e+00 0.000000000000000000e+00
7.323999999999999488e+01 6.000000000000000000e+01 3.200000000000000000e+01 0.000000000000000000e+00 0.000000000000000000e+00
7.345999999999999375e+01 5.800000000000000000e+01 4.100000000000000000e+01 1.000000000000000000e+00 0.000000000000000000e+00
7.346999999999999886e+01 5.800000000000000000e+01 4.100000000000000000e+01 1.000000000000000000e+00 0.000000000000000000e+00
7.518999999999999773e+01 5.900000000000000000e+01 4.200000000000000000e+01 1.000000000000000000e+00 0.000000000000000000e+00
7.551999999999999602e+01 5.400000000000000000e+01 3.500000000000000000e+01 1.000000000000000000e+00 0.000000000000000000e+00
7.553000000000000114e+01 5.400000000000000000e+01 3.500000000000000000e+01 1.000000000000000000e+00 0.000000000000000000e+00
7.646999999999999886e+01 5.800000000000000000e+01 3.500000000000000000e+01 1.000000000000000000e+00 0.000000000000000000e+00
7.787000000000000455e+01 5.700000000000000000e+01 4.900000000000000000e+01 1.000000000000000000e+00 0.000000000000000000e+00
7.823000000000000398e+01 5.500000000000000000e+01 3.000000000000000000e+01 0.000000000000000000e+00 0.000000000000000000e+00
7.885999999999999943e+01 5.600000000000000000e+01 1.400000000000000000e+01 0.000000000000000000e+00 0.000000000000000000e+00
8.112999999999999545e+01 5.900000000000000000e+01 3.700000000000000000e+01 1.000000000000000000e+00 0.000000000000000000e+00
8.146999999999999886e+01 5.300000000000000000e+01 3.100000000000000000e+01 0.000000000000000000e+00 0.000000000000000000e+00
8.220999999999999375e+01 5.300000000000000000e+01 3.800000000000000000e+01 1.000000000000000000e+00 0.000000000000000000e+00
8.398999999999999488e+01 5.200000000000000000e+01 4.200000000000000000e+01 1.000000000000000000e+00 0.000000000000000000e+00
8.410999999999999943e+01 5.500000000000000000e+01 3.500000000000000000e+01 1.000000000000000000e+00 0.000000000000000000e+00
8.460999999999999943e+01 5.000000000000000000e+01 3.800000000000000000e+01 1.000000000000000000e+00 0.000000000000000000e+00
8.462000000000000455e+01 5.000000000000000000e+01 3.800000000000000000e+01 1.000000000000000000e+00 0.000000000000000000e+00
8.484000000000000341e+01 5.500000000000000000e+01 3.200000000000000000e+01 0.000000000000000000e+00 0.000000000000000000e+00
8.532999999999999829e+01 5.100000000000000000e+01 3.300000000000000000e+01 0.000000000000000000e+00 0.000000000000000000e+00
8.587999999999999545e+01 5.200000000000000000e+01 4.000000000000000000e+01 1.000000000000000000e+00 0.000000000000000000e+00
8.696999999999999886e+01 6.100000000000000000e+01 3.300000000000000000e+01 0.000000000000000000e+00 0.000000000000000000e+00
8.767000000000000171e+01 6.100000000000000000e+01 3.400000000000000000e+01 0.000000000000000000e+00 0.000000000000000000e+00
8.845000000000000284e+01 5.600000000000000000e+01 5.000000000000000000e+01 1.000000000000000000e+00 0.000000000000000000e+00
9.046999999999999886e+01 5.300000000000000000e+01 4.200000000000000000e+01 1.000000000000000000e+00 0.000000000000000000e+00
9.067000000000000171e+01 5.400000000000000000e+01 4.200000000000000000e+01 1.000000000000000000e+00 0.000000000000000000e+00
9.068000000000000682e+01 5.400000000000000000e+01 4.200000000000000000e+01 1.000000000000000000e+00 0.000000000000000000e+00
9.079000000000000625e+01 5.700000000000000000e+01 3.700000000000000000e+01 0.000000000000000000e+00 0.000000000000000000e+00
9.095000000000000284e+01 5.400000000000000000e+01 4.100000000000000000e+01 1.000000000000000000e+00 0.000000000000000000e+00
9.531999999999999318e+01 6.200000000000000000e+01 3.800000000000000000e+01 1.000000000000000000e+00 0.000000000000000000e+00
9.931000000000000227e+01 5.100000000000000000e+01 3.900000000000000000e+01 1.000000000000000000e+00 0.000000000000000000e+00
9.931999999999999318e+01 5.100000000000000000e+01 3.900000000000000000e+01 1.000000000000000000e+00 0.000000000000000000e+00
9.943000000000000682e+01 6.000000000000000000e+01 3.500000000000000000e+01 0.000000000000000000e+00 0.000000000000000000e+00
9.975000000000000000e+01 5.800000000000000000e+01 3.100000000000000000e+01 0.000000000000000000e+00 0.000000000000000000e+00
1.009500000000000028e+02 5.600000000000000000e+01 3.500000000000000000e+01 1.000000000000000000e+00 0.000000000000000000e+00
1.027000000000000028e+02 5.000000000000000000e+01 3.700000000000000000e+01 1.000000000000000000e+00 0.000000000000000000e+00
1.035999999999999943e+02 5.300000000000000000e+01 4.100000000000000000e+01 1.000000000000000000e+00 0.000000000000000000e+00
1.053799999999999955e+02 5.600000000000000000e+01 7.000000000000000000e+00 0.000000000000000000e+00 0.000000000000000000e+00
1.054300000000000068e+02 5.600000000000000000e+01 3.200000000000000000e+01 0.000000000000000000e+00 0.000000000000000000e+00
1.094099999999999966e+02 5.600000000000000000e+01 2.100000000000000000e+01 0.000000000000000000e+00 0.000000000000000000e+00
1.113700000000000045e+02 5.400000000000000000e+01 3.800000000000000000e+01 1.000000000000000000e+00 0.000000000000000000e+00
1.153599999999999994e+02 5.500000000000000000e+01 3.000000000000000000e+01 0.000000000000000000e+00 0.000000000000000000e+00
1.164800000000000040e+02 5.000000000000000000e+01 3.500000000000000000e+01 0.000000000000000000e+00 0.000000000000000000e+00
1.182199999999999989e+02 5.700000000000000000e+01 3.000000000000000000e+01 0.000000000000000000e+00 0.000000000000000000e+00
1.207600000000000051e+02 5.500000000000000000e+01 4.100000000000000000e+01 1.000000000000000000e+00 0.000000000000000000e+00
1.221899999999999977e+02 5.100000000000000000e+01 4.300000000000000000e+01 1.000000000000000000e+00 0.000000000000000000e+00
1.222600000000000051e+02 5.200000000000000000e+01 3.100000000000000000e+01 0.000000000000000000e+00 0.000000000000000000e+00
1.239599999999999937e+02 5.900000000000000000e+01 3.100000000000000000e+01 0.000000000000000000e+00 0.000000000000000000e+00
1.273499999999999943e+02 5.700000000000000000e+01 4.100000000000000000e+01 1.000000000000000000e+00 0.000000000000000000e+00
1.273599999999999994e+02 5.700000000000000000e+01 4.100000000000000000e+01 1.000000000000000000e+00 0.000000000000000000e+00
1.311899999999999977e+02 6.000000000000000000e+01 4.000000000000000000e+01 1.000000000000000000e+00 0.000000000000000000e+00
1.320900000000000034e+02 6.500000000000000000e+01 4.000000000000000000e+01 1.000000000000000000e+00 0.000000000000000000e+00
1.326200000000000045e+02 5.400000000000000000e+01 3.000000000000000000e+01 0.000000000000000000e+00 0.000000000000000000e+00
1.326800000000000068e+02 5.400000000000000000e+01 3.100000000000000000e+01 0.000000000000000000e+00 0.000000000000000000e+00
1.327899999999999920e+02 5.600000000000000000e+01 4.100000000000000000e+01 1.000000000000000000e+00 0.000000000000000000e+00
1.381299999999999955e+02 5.800000000000000000e+01 4.200000000000000000e+01 1.000000000000000000e+00 0.000000000000000000e+00
1.386100000000000136e+02 5.800000000000000000e+01 3.000000000000000000e+01 0.000000000000000000e+00 0.000000000000000000e+00
1.386500000000000057e+02 5.500000000000000000e+01 3.000000000000000000e+01 0.000000000000000000e+00 0.000000000000000000e+00
1.386800000000000068e+02 5.900000000000000000e+01 3.600000000000000000e+01 0.000000000000000000e+00 0.000000000000000000e+00
1.387899999999999920e+02 5.100000000000000000e+01 3.700000000000000000e+01 1.000000000000000000e+00 0.000000000000000000e+00
1.388000000000000114e+02 5.800000000000000000e+01 3.900000000000000000e+01 1.000000000000000000e+00 0.000000000000000000e+00
1.393400000000000034e+02 5.300000000000000000e+01 3.100000000000000000e+01 0.000000000000000000e+00 0.000000000000000000e+00
1.402299999999999898e+02 5.200000000000000000e+01 3.200000000000000000e+01 0.000000000000000000e+00 0.000000000000000000e+00
1.403499999999999943e+02 5.100000000000000000e+01 3.800000000000000000e+01 1.000000000000000000e+00 0.000000000000000000e+00
1.451399999999999864e+02 5.600000000000000000e+01 1.300000000000000000e+01 0.000000000000000000e+00 0.000000000000000000e+00
1.452199999999999989e+02 5.100000000000000000e+01 3.300000000000000000e+01 0.000000000000000000e+00 0.000000000000000000e+00
1.452899999999999920e+02 5.400000000000000000e+01 4.100000000000000000e+01 1.000000000000000000e+00 0.000000000000000000e+00
1.455200000000000102e+02 5.300000000000000000e+01 3.500000000000000000e+01 1.000000000000000000e+00 0.000000000000000000e+00
1.463400000000000034e+02 5.900000000000000000e+01 4.000000000000000000e+01 1.000000000000000000e+00 0.000000000000000000e+00
1.467899999999999920e+02 5.400000000000000000e+01 3.500000000000000000e+01 0.000000000000000000e+00 0.000000000000000000e+00
1.492500000000000000e+02 5.600000000000000000e+01 2.000000000000000000e+00 0.000000000000000000e+00 0.000000000000000000e+00
1.519600000000000080e+02 5.800000000000000000e+01 3.600000000000000000e+01 1.000000000000000000e+00 0.000000000000000000e+00
1.522100000000000080e+02 5.700000000000000000e+01 3.000000000000000000e+01 0.000000000000000000e+00 0.000000000000000000e+00
1.544799999999999898e+02 5.400000000000000000e+01 3.000000000000000000e+01 0.000000000000000000e+00 0.000000000000000000e+00
1.546999999999999886e+02 5.600000000000000000e+01 3.000000000000000000e+01 0.000000000000000000e+00 0.000000000000000000e+00
1.596399999999999864e+02 5.500000000000000000e+01 3.100000000000000000e+01 0.000000000000000000e+00 0.000000000000000000e+00
1.604099999999999966e+02 5.100000000000000000e+01 3.200000000000000000e+01 0.000000000000000000e+00 0.000000000000000000e+00
1.618300000000000125e+02 5.300000000000000000e+01 4.000000000000000000e+01 1.000000000000000000e+00 0.000000000000000000e+00
1.639399999999999977e+02 5.700000000000000000e+01 3.400000000000000000e+01 1.000000000000000000e+00 0.000000000000000000e+00
1.639499999999999886e+02 5.700000000000000000e+01 3.400000000000000000e+01 1.000000000000000000e+00 0.000000000000000000e+00
1.641200000000000045e+02 5.200000000000000000e+01 4.000000000000000000e+01 1.000000000000000000e+00 0.000000000000000000e+00
1.655300000000000011e+02 6.000000000000000000e+01 3.200000000000000000e+01 0.000000000000000000e+00 0.000000000000000000e+00
1.676999999999999886e+02 5.900000000000000000e+01 3.800000000000000000e+01 0.000000000000000000e+00 0.000000000000000000e+00
1.726599999999999966e+02 5.200000000000000000e+01 3.100000000000000000e+01 0.000000000000000000e+00 0.000000000000000000e+00
1.727700000000000102e+02 5.900000000000000000e+01 3.500000000000000000e+01 1.000000000000000000e+00 0.000000000000000000e+00
1.744900000000000091e+02 5.800000000000000000e+01 3.500000000000000000e+01 0.000000000000000000e+00 0.000000000000000000e+00
1.745399999999999920e+02 5.900000000000000000e+01 4.400000000000000000e+01 1.000000000000000000e+00 0.000000000000000000e+00
1.745900000000000034e+02 5.400000000000000000e+01 4.000000000000000000e+01 1.000000000000000000e+00 0.000000000000000000e+00
1.783000000000000114e+02 5.500000000000000000e+01 4.100000000000000000e+01 1.000000000000000000e+00 0.000000000000000000e+00
1.783100000000000023e+02 5.500000000000000000e+01 4.100000000000000000e+01 1.000000000000000000e+00 0.000000000000000000e+00
1.790699999999999932e+02 5.100000000000000000e+01 3.900000000000000000e+01 1.000000000000000000e+00 0.000000000000000000e+00
1.791599999999999966e+02 6.100000000000000000e+01 3.800000000000000000e+01 1.000000000000000000e+00 0.000000000000000000e+00
1.791699999999999875e+02 6.100000000000000000e+01 3.800000000000000000e+01 1.000000000000000000e+00 0.000000000000000000e+00
1.791800000000000068e+02 6.100000000000000000e+01 3.800000000000000000e+01 1.000000000000000000e+00 0.000000000000000000e+00
1.815300000000000011e+02 5.400000000000000000e+01 3.500000000000000000e+01 0.000000000000000000e+00 0.000000000000000000e+00
1.824799999999999898e+02 6.100000000000000000e+01 3.700000000000000000e+01 1.000000000000000000e+00 0.000000000000000000e+00
1.854000000000000057e+02 6.400000000000000000e+01 4.100000000000000000e+01 1.000000000000000000e+00 0.000000000000000000e+00
1.854099999999999966e+02 6.400000000000000000e+01 4.100000000000000000e+01 1.000000000000000000e+00 0.000000000000000000e+00
1.867400000000000091e+02 5.600000000000000000e+01 5.000000000000000000e+00 0.000000000000000000e+00 0.000000000000000000e+00
1.901599999999999966e+02 5.600000000000000000e+01 0.000000000000000000e+00 0.000000000000000000e+00 0.000000000000000000e+00
1.913499999999999943e+02 5.800000000000000000e+01 3.000000000000000000e+01 0.000000000000000000e+00 0.000000000000000000e+00
1.920200000000000102e+02 5.100000000000000000e+01 3.800000000000000000e+01 1.000000000000000000e+00 0.000000000000000000e+00
1.920699999999999932e+02 5.600000000000000000e+01 2.800000000000000000e+01 0.000000000000000000e+00 0.000000000000000000e+00
1.932199999999999989e+02 5.200000000000000000e+01 3.900000000000000000e+01 1.000000000000000000e+00 0.000000000000000000e+00
1.932299999999999898e+02 5.200000000000000000e+01 3.900000000000000000e+01 1.000000000000000000e+00 0.000000000000000000e+00
1.932899999999999920e+02 5.200000000000000000e+01 3.100000000000000000e+01 0.000000000000000000e+00 0.000000000000000000e+00
1.937800000000000011e+02 5.100000000000000000e+01 3.400000000000000000e+01 0.000000000000000000e+00 0.000000000000000000e+00
1.945800000000000125e+02 5.700000000000000000e+01 2.900000000000000000e+01 0.000000000000000000e+00 0.000000000000000000e+00
1.956899999999999977e+02 5.800000000000000000e+01 4.100000000000000000e+01 1.000000000000000000e+00 0.000000000000000000e+00
1.965699999999999932e+02 5.400000000000000000e+01 3.000000000000000000e+01 0.000000000000000000e+00 0.000000000000000000e+00
1.970500000000000114e+02 5.300000000000000000e+01 3.900000000000000000e+01 1.000000000000000000e+00 0.000000000000000000e+00
1.970999999999999943e+02 6.000000000000000000e+01 3.900000000000000000e+01 1.000000000000000000e+00 0.000000000000000000e+00
1.980900000000000034e+02 5.400000000000000000e+01 3.500000000000000000e+01 0.000000000000000000e+00 0.000000000000000000e+00
1.987299999999999898e+02 5.600000000000000000e+01 4.100000000000000000e+01 1.000000000000000000e+00 0.000000000000000000e+00
1.998300000000000125e+02 5.600000000000000000e+01 6.000000000000000000e+00 0.000000000000000000e+00 0.000000000000000000e+00
2.028899999999999864e+02 5.700000000000000000e+01 4.100000000000000000e+01 1.000000000000000000e+00 0.000000000000000000e+00
2.029000000000000057e+02 5.700000000000000000e+01 4.100000000000000000e+01 1.000000000000000000e+00 0.000000000000000000e+00
2.052199999999999989e+02 5.600000000000000000e+01 3.100000000000000000e+01 0.000000000000000000e+00 0.000000000000000000e+00
2.060999999999999943e+02 5.700000000000000000e+01 4.000000000000000000e+01 1.000000000000000000e+00 0.000000000000000000e+00
2.079300000000000068e+02 5.200000000000000000e+01 3.700000000000000000e+01 1.000000000000000000e+00 0.000000000000000000e+00
2.084600000000000080e+02 2.600000000000000000e+01 7.500000000000000000e+01 0.000000000000000000e+00 0.000000000000000000e+00
2.138100000000000023e+02 5.800000000000000000e+01 4.800000000000000000e+01 1.000000000000000000e+00 0.000000000000000000e+00
2.194699999999999989e+02 5.600000000000000000e+01 3.500000000000000000e+01 1.000000000000000000e+00 0.000000000000000000e+00
2.240800000000000125e+02 5.300000000000000000e+01 4.000000000000000000e+01 1.000000000000000000e+00 0.000000000000000000e+00
2.241399999999999864e+02 5.900000000000000000e+01 4.000000000000000000e+01 1.000000000000000000e+00 0.000000000000000000e+00
2.309600000000000080e+02 5.900000000000000000e+01 4.000000000000000000e+01 1.000000000000000000e+00 0.000000000000000000e+00
2.310800000000000125e+02 5.600000000000000000e+01 1.000000000000000000e+01 0.000000000000000000e+00 0.000000000000000000e+00
2.350600000000000023e+02 5.700000000000000000e+01 3.000000000000000000e+01 0.000000000000000000e+00 0.000000000000000000e+00
2.352100000000000080e+02 5.800000000000000000e+01 3.000000000000000000e+01 0.000000000000000000e+00 0.000000000000000000e+00
2.367700000000000102e+02 5.200000000000000000e+01 3.100000000000000000e+01 0.000000000000000000e+00 0.000000000000000000e+00
2.386699999999999875e+02 5.100000000000000000e+01 3.200000000000000000e+01 0.000000000000000000e+00 0.000000000000000000e+00
2.396699999999999875e+02 5.300000000000000000e+01 3.000000000000000000e+01 0.000000000000000000e+00 0.000000000000000000e+00
2.400099999999999909e+02 5.400000000000000000e+01 4.000000000000000000e+01 1.000000000000000000e+00 0.000000000000000000e+00
2.416599999999999966e+02 5.300000000000000000e+01 3.700000000000000000e+01 1.000000000000000000e+00 0.000000000000000000e+00
2.431299999999999955e+02 5.500000000000000000e+01 4.000000000000000000e+01 1.000000000000000000e+00 0.000000000000000000e+00
2.463400000000000034e+02 6.000000000000000000e+01 3.100000000000000000e+01 0.000000000000000000e+00 0.000000000000000000e+00
2.470500000000000114e+02 5.800000000000000000e+01 4.000000000000000000e+01 1.000000000000000000e+00 0.000000000000000000e+00
2.470600000000000023e+02 5.800000000000000000e+01 4.000000000000000000e+01 1.000000000000000000e+00 0.000000000000000000e+00
2.479300000000000068e+02 5.600000000000000000e+01 4.000000000000000000e+01 1.000000000000000000e+00 0.000000000000000000e+00
2.494399999999999977e+02 5.900000000000000000e+01 3.100000000000000000e+01 0.000000000000000000e+00 0.000000000000000000e+00
2.503199999999999932e+02 6.100000000000000000e+01 3.700000000000000000e+01 1.000000000000000000e+00 0.000000000000000000e+00
2.524699999999999989e+02 5.100000000000000000e+01 3.800000000000000000e+01 1.000000000000000000e+00 0.000000000000000000e+00
2.530399999999999920e+02 5.200000000000000000e+01 3.900000000000000000e+01 1.000000000000000000e+00 0.000000000000000000e+00
2.553899999999999864e+02 5.300000000000000000e+01 3.400000000000000000e+01 1.000000000000000000e+00 0.000000000000000000e+00
2.555900000000000034e+02 5.600000000000000000e+01 2.900000000000000000e+01 1.000000000000000000e+00 0.000000000000000000e+00
2.566299999999999955e+02 5.500000000000000000e+01 3.100000000000000000e+01 0.000000000000000000e+00 0.000000000000000000e+00
2.567099999999999795e+02 5.800000000000000000e+01 3.400000000000000000e+01 1.000000000000000000e+00 0.000000000000000000e+00
2.578399999999999750e+02 5.300000000000000000e+01 3.100000000000000000e+01 0.000000000000000000e+00 0.000000000000000000e+00
2.606999999999999886e+02 5.700000000000000000e+01 2.900000000000000000e+01 0.000000000000000000e+00 0.000000000000000000e+00
2.640199999999999818e+02 5.400000000000000000e+01 4.100000000000000000e+01 1.000000000000000000e+00 0.000000000000000000e+00
2.640299999999999727e+02 5.400000000000000000e+01 4.100000000000000000e+01 1.000000000000000000e+00 0.000000000000000000e+00
2.648600000000000136e+02 5.400000000000000000e+01 3.700000000000000000e+01 1.000000000000000000e+00 0.000000000000000000e+00
2.654100000000000250e+02 5.600000000000000000e+01 3.800000000000000000e+01 1.000000000000000000e+00 0.000000000000000000e+00
2.658299999999999841e+02 5.900000000000000000e+01 3.600000000000000000e+01 1.000000000000000000e+00 0.000000000000000000e+00
2.662500000000000000e+02 5.600000000000000000e+01 9.000000000000000000e+00 0.000000000000000000e+00 0.000000000000000000e+00
2.666999999999999886e+02 5.500000000000000000e+01 3.900000000000000000e+01 1.000000000000000000e+00 0.000000000000000000e+00
2.667200000000000273e+02 4.400000000000000000e+01 4.000000000000000000e+01 1.000000000000000000e+00 0.000000000000000000e+00
2.681999999999999886e+02 6.100000000000000000e+01 3.300000000000000000e+01 0.000000000000000000e+00 0.000000000000000000e+00
2.701899999999999977e+02 5.900000000000000000e+01 3.000000000000000000e+01 0.000000000000000000e+00 0.000000000000000000e+00
2.732699999999999818e+02 5.400000000000000000e+01 3.400000000000000000e+01 1.000000000000000000e+00 0.000000000000000000e+00
2.800899999999999750e+02 5.400000000000000000e+01 3.400000000000000000e+01 1.000000000000000000e+00 0.000000000000000000e+00
2.803399999999999750e+02 5.100000000000000000e+01 3.200000000000000000e+01 0.000000000000000000e+00 0.000000000000000000e+00
2.804100000000000250e+02 5.500000000000000000e+01 2.900000000000000000e+01 0.000000000000000000e+00 0.000000000000000000e+00
2.861399999999999864e+02 5.800000000000000000e+01 3.900000000000000000e+01 1.000000000000000000e+00 0.000000000000000000e+00
2.879800000000000182e+02 5.300000000000000000e+01 3.000000000000000000e+01 0.000000000000000000e+00 0.000000000000000000e+00
2.883899999999999864e+02 5.600000000000000000e+01 3.000000000000000000e+01 0.000000000000000000e+00 0.000000000000000000e+00
2.930400000000000205e+02 5.600000000000000000e+01 3.400000000000000000e+01 1.000000000000000000e+00 0.000000000000000000e+00
2.932099999999999795e+02 5.700000000000000000e+01 4.000000000000000000e+01 1.000000000000000000e+00 0.000000000000000000e+00
2.932200000000000273e+02 5.700000000000000000e+01 4.000000000000000000e+01 1.000000000000000000e+00 0.000000000000000000e+00
2.935199999999999818e+02 5.200000000000000000e+01 3.100000000000000000e+01 0.000000000000000000e+00 0.000000000000000000e+00
2.937900000000000205e+02 5.600000000000000000e+01 4.000000000000000000e+00 0.000000000000000000e+00 0.000000000000000000e+00
2.959499999999999886e+02 5.700000000000000000e+01 3.800000000000000000e+01 1.000000000000000000e+00 0.000000000000000000e+00
2.963399999999999750e+02 5.400000000000000000e+01 4.000000000000000000e+01 1.000000000000000000e+00 0.000000000000000000e+00
2.965199999999999818e+02 5.300000000000000000e+01 3.900000000000000000e+01 1.000000000000000000e+00 0.000000000000000000e+00
2.967500000000000000e+02 6.000000000000000000e+01 3.100000000000000000e+01 0.000000000000000000e+00 0.000000000000000000e+00
2.967799999999999727e+02 5.900000000000000000e+01 3.900000000000000000e+01 1.000000000000000000e+00 0.000000000000000000e+00
2.983399999999999750e+02 5.100000000000000000e+01 3.200000000000000000e+01 0.000000000000000000e+00 0.000000000000000000e+00
3.001800000000000068e+02 5.500000000000000000e+01 4.400000000000000000e+01 1.000000000000000000e+00 0.000000000000000000e+00
3.012900000000000205e+02 5.700000000000000000e+01 2.900000000000000000e+01 0.000000000000000000e+00 0.000000000000000000e+00
3.034499999999999886e+02 6.000000000000000000e+01 3.900000000000000000e+01 1.000000000000000000e+00 0.000000000000000000e+00
3.044499999999999886e+02 5.600000000000000000e+01 1.600000000000000000e+01 0.000000000000000000e+00 0.000000000000000000e+00
3.048399999999999750e+02 5.400000000000000000e+01 3.000000000000000000e+01 0.000000000000000000e+00 0.000000000000000000e+00
3.053999999999999773e+02 5.500000000000000000e+01 2.900000000000000000e+01 0.000000000000000000e+00 0.000000000000000000e+00
3.057799999999999727e+02 6.000000000000000000e+01 3.500000000000000000e+01 1.000000000000000000e+00 0.000000000000000000e+00
3.078500000000000227e+02 4.800000000000000000e+01 4.100000000000000000e+01 1.000000000000000000e+00 0.000000000000000000e+00
3.078999999999999773e+02 5.400000000000000000e+01 3.900000000000000000e+01 1.000000000000000000e+00 0.000000000000000000e+00
3.085699999999999932e+02 5.600000000000000000e+01 4.300000000000000000e+01 1.000000000000000000e+00 0.000000000000000000e+00
3.101000000000000227e+02 5.200000000000000000e+01 3.900000000000000000e+01 1.000000000000000000e+00 0.000000000000000000e+00
3.106100000000000136e+02 4.600000000000000000e+01 3.800000000000000000e+01 1.000000000000000000e+00 0.000000000000000000e+00
3.118299999999999841e+02 5.500000000000000000e+01 4.000000000000000000e+01 1.000000000000000000e+00 0.000000000000000000e+00
3.118399999999999750e+02 5.500000000000000000e+01 4.000000000000000000e+01 1.000000000000000000e+00 0.000000000000000000e+00
3.119700000000000273e+02 5.600000000000000000e+01 3.900000000000000000e+01 1.000000000000000000e+00 0.000000000000000000e+00
3.133399999999999750e+02 5.600000000000000000e+01 1.000000000000000000e+00 0.000000000000000000e+00 0.000000000000000000e+00
3.150099999999999909e+02 6.100000000000000000e+01 3.600000000000000000e+01 1.000000000000000000e+00 0.000000000000000000e+00
3.154399999999999977e+02 5.200000000000000000e+01 3.100000000000000000e+01 0.000000000000000000e+00 0.000000000000000000e+00
3.163500000000000227e+02 5.500000000000000000e+01 3.400000000000000000e+01 1.000000000000000000e+00 0.000000000000000000e+00
3.168700000000000045e+02 5.100000000000000000e+01 3.800000000000000000e+01 1.000000000000000000e+00 0.000000000000000000e+00
3.171200000000000045e+02 5.900000000000000000e+01 3.000000000000000000e+01 0.000000000000000000e+00 0.000000000000000000e+00
3.171899999999999977e+02 5.500000000000000000e+01 4.100000000000000000e+01 1.000000000000000000e+00 0.000000000000000000e+00
3.173000000000000114e+02 5.100000000000000000e+01 3.700000000000000000e+01 1.000000000000000000e+00 0.000000000000000000e+00
3.173899999999999864e+02 5.600000000000000000e+01 4.000000000000000000e+01 1.000000000000000000e+00 0.000000000000000000e+00
3.179399999999999977e+02 5.700000000000000000e+01 3.500000000000000000e+01 1.000000000000000000e+00 0.000000000000000000e+00
3.193299999999999841e+02 5.100000000000000000e+01 3.200000000000000000e+01 0.000000000000000000e+00 0.000000000000000000e+00
3.213600000000000136e+02 5.500000000000000000e+01 3.500000000000000000e+01 0.000000000000000000e+00 0.000000000000000000e+00
3.220500000000000114e+02 5.600000000000000000e+01 2.900000000000000000e+01 0.000000000000000000e+00 0.000000000000000000e+00
3.287200000000000273e+02 5.200000000000000000e+01 3.800000000000000000e+01 1.000000000000000000e+00 0.000000000000000000e+00
3.287300000000000182e+02 5.200000000000000000e+01 3.800000000000000000e+01 1.000000000000000000e+00 0.000000000000000000e+00
3.288100000000000023e+02 5.600000000000000000e+01 1.100000000000000000e+01 0.000000000000000000e+00 0.000000000000000000e+00
3.305600000000000023e+02 5.200000000000000000e+01 4.500000000000000000e+01 1.000000000000000000e+00 0.000000000000000000e+00
3.327200000000000273e+02 5.600000000000000000e+01 4.100000000000000000e+01 1.000000000000000000e+00 0.000000000000000000e+00
3.395500000000000114e+02 5.600000000000000000e+01 4.100000000000000000e+01 1.000000000000000000e+00 0.000000000000000000e+00
3.405699999999999932e+02 6.000000000000000000e+01 3.100000000000000000e+01 0.000000000000000000e+00 0.000000000000000000e+00
3.413299999999999841e+02 5.600000000000000000e+01 3.500000000000000000e+01 0.000000000000000000e+00 0.000000000000000000e+00
3.429900000000000091e+02 5.500000000000000000e+01 2.900000000000000000e+01 0.000000000000000000e+00 0.000000000000000000e+00
3.436200000000000045e+02 6.100000000000000000e+01 3.300000000000000000e+01 0.000000000000000000e+00 0.000000000000000000e+00
3.444499999999999886e+02 5.900000000000000000e+01 4.100000000000000000e+01 1.000000000000000000e+00 0.000000000000000000e+00
3.448700000000000045e+02 5.100000000000000000e+01 3.300000000000000000e+01 0.000000000000000000e+00 0.000000000000000000e+00
3.453899999999999864e+02 5.300000000000000000e+01 3.000000000000000000e+01 0.000000000000000000e+00 0.000000000000000000e+00
3.475699999999999932e+02 5.500000000000000000e+01 3.900000000000000000e+01 1.000000000000000000e+00 0.000000000000000000e+00
3.486200000000000045e+02 5.300000000000000000e+01 4.700000000000000000e+01 1.000000000000000000e+00 0.000000000000000000e+00
3.489800000000000182e+02 6.100000000000000000e+01 3.700000000000000000e+01 1.000000000000000000e+00 0.000000000000000000e+00
3.512099999999999795e+02 5.900000000000000000e+01 3.000000000000000000e+01 0.000000000000000000e+00 0.000000000000000000e+00
3.515299999999999727e+02 5.500000000000000000e+01 3.700000000000000000e+01 1.000000000000000000e+00 0.000000000000000000e+00
3.540000000000000000e+02 5.600000000000000000e+01 3.400000000000000000e+01 1.000000000000000000e+00 0.000000000000000000e+00
3.541800000000000068e+02 6.000000000000000000e+01 3.800000000000000000e+01 1.000000000000000000e+00 0.000000000000000000e+00
3.541899999999999977e+02 6.000000000000000000e+01 3.800000000000000000e+01 1.000000000000000000e+00 0.000000000000000000e+00
3.541999999999999886e+02 6.000000000000000000e+01 3.800000000000000000e+01 1.000000000000000000e+00 0.000000000000000000e+00
3.543700000000000045e+02 5.700000000000000000e+01 4.000000000000000000e+01 1.000000000000000000e+00 0.000000000000000000e+00
3.546499999999999773e+02 5.300000000000000000e+01 3.800000000000000000e+01 1.000000000000000000e+00 0.000000000000000000e+00
3.553399999999999750e+02 5.300000000000000000e+01 3.200000000000000000e+01 0.000000000000000000e+00 0.000000000000000000e+00
3.557099999999999795e+02 5.900000000000000000e+01 3.900000000000000000e+01 1.000000000000000000e+00 0.000000000000000000e+00
3.561299999999999955e+02 5.100000000000000000e+01 3.200000000000000000e+01 0.000000000000000000e+00 0.000000000000000000e+00
3.561700000000000159e+02 5.200000000000000000e+01 3.100000000000000000e+01 0.000000000000000000e+00 0.000000000000000000e+00
3.589900000000000091e+02 5.500000000000000000e+01 3.800000000000000000e+01 1.000000000000000000e+00 0.000000000000000000e+00
3.600600000000000023e+02 5.300000000000000000e+01 3.900000000000000000e+01 1.000000000000000000e+00 0.000000000000000000e+00
3.606100000000000136e+02 2.600000000000000000e+01 5.800000000000000000e+01 0.000000000000000000e+00 0.000000000000000000e+00
3.626000000000000227e+02 5.700000000000000000e+01 2.900000000000000000e+01 0.000000000000000000e+00 0.000000000000000000e+00
3.637699999999999818e+02 5.400000000000000000e+01 2.900000000000000000e+01 0.000000000000000000e+00 0.000000000000000000e+00
3.652699999999999818e+02 5.600000000000000000e+01 2.600000000000000000e+01 0.000000000000000000e+00 0.000000000000000000e+00
3.654900000000000091e+02 5.800000000000000000e+01 3.000000000000000000e+01 0.000000000000000000e+00 0.000000000000000000e+00
3.661200000000000045e+02 5.700000000000000000e+01 3.300000000000000000e+01 1.000000000000000000e+00 0.000000000000000000e+00
3.661999999999999886e+02 5.400000000000000000e+01 3.000000000000000000e+01 0.000000000000000000e+00 0.000000000000000000e+00
3.675500000000000114e+02 5.300000000000000000e+01 3.000000000000000000e+01 0.000000000000000000e+00 0.000000000000000000e+00
3.686600000000000250e+02 5.400000000000000000e+01 3.100000000000000000e+01 1.000000000000000000e+00 0.000000000000000000e+00
3.692099999999999795e+02 5.100000000000000000e+01 3.700000000000000000e+01 1.000000000000000000e+00 0.000000000000000000e+00
3.706399999999999864e+02 5.200000000000000000e+01 3.000000000000000000e+01 0.000000000000000000e+00 0.000000000000000000e+00
3.707099999999999795e+02 5.200000000000000000e+01 3.100000000000000000e+01 0.000000000000000000e+00 0.000000000000000000e+00
3.749100000000000250e+02 5.900000000000000000e+01 3.400000000000000000e+01 1.000000000000000000e+00 0.000000000000000000e+00
3.817400000000000091e+02 5.900000000000000000e+01 3.400000000000000000e+01 1.000000000000000000e+00 0.000000000000000000e+00
3.821000000000000227e+02 5.500000000000000000e+01 4.000000000000000000e+01 1.000000000000000000e+00 0.000000000000000000e+00
3.826800000000000068e+02 5.400000000000000000e+01 4.000000000000000000e+01 1.000000000000000000e+00 0.000000000000000000e+00
3.829399999999999977e+02 5.400000000000000000e+01 2.900000000000000000e+01 0.000000000000000000e+00 0.000000000000000000e+00
3.829599999999999795e+02 5.300000000000000000e+01 4.000000000000000000e+01 1.000000000000000000e+00 0.000000000000000000e+00
3.845500000000000114e+02 5.400000000000000000e+01 3.400000000000000000e+01 0.000000000000000000e+00 0.000000000000000000e+00
3.859100000000000250e+02 5.600000000000000000e+01 2.600000000000000000e+01 1.000000000000000000e+00 0.000000000000000000e+00
3.888899999999999864e+02 5.800000000000000000e+01 3.800000000000000000e+01 1.000000000000000000e+00 0.000000000000000000e+00
3.907099999999999795e+02 5.500000000000000000e+01 2.900000000000000000e+01 0.000000000000000000e+00 0.000000000000000000e+00
3.907599999999999909e+02 5.600000000000000000e+01 4.000000000000000000e+01 1.000000000000000000e+00 0.000000000000000000e+00
3.912400000000000091e+02 5.200000000000000000e+01 3.800000000000000000e+01 1.000000000000000000e+00 0.000000000000000000e+00
3.913100000000000023e+02 5.500000000000000000e+01 3.400000000000000000e+01 0.000000000000000000e+00 0.000000000000000000e+00
3.922300000000000182e+02 5.600000000000000000e+01 2.700000000000000000e+01 0.000000000000000000e+00 0.000000000000000000e+00
3.967200000000000273e+02 4.700000000000000000e+01 4.600000000000000000e+01 1.000000000000000000e+00 0.000000000000000000e+00
3.972500000000000000e+02 5.800000000000000000e+01 2.900000000000000000e+01 0.000000000000000000e+00 0.000000000000000000e+00
3.973899999999999864e+02 5.400000000000000000e+01 3.900000000000000000e+01 1.000000000000000000e+00 0.000000000000000000e+00
3.973999999999999773e+02 5.400000000000000000e+01 3.900000000000000000e+01 1.000000000000000000e+00 0.000000000000000000e+00
3.984300000000000068e+02 4.800000000000000000e+01 4.700000000000000000e+01 1.000000000000000000e+00 0.000000000000000000e+00
3.984499999999999886e+02 4.800000000000000000e+01 4.700000000000000000e+01 1.000000000000000000e+00 0.000000000000000000e+00
3.987799999999999727e+02 5.300000000000000000e+01 3.600000000000000000e+01 1.000000000000000000e+00 0.000000000000000000e+00
3.987900000000000205e+02 5.300000000000000000e+01 3.600000000000000000e+01 1.000000000000000000e+00 0.000000000000000000e+00
3.989499999999999886e+02 5.600000000000000000e+01 1.800000000000000000e+01 0.000000000000000000e+00 0.000000000000000000e+00
3.995899999999999750e+02 5.100000000000000000e+01 3.200000000000000000e+01 0.000000000000000000e+00 0.000000000000000000e+00
4.036200000000000045e+02 5.100000000000000000e+01 3.100000000000000000e+01 0.000000000000000000e+00 0.000000000000000000e+00
4.043100000000000023e+02 5.900000000000000000e+01 3.400000000000000000e+01 1.000000000000000000e+00 0.000000000000000000e+00
4.066299999999999955e+02 5.600000000000000000e+01 2.600000000000000000e+01 0.000000000000000000e+00 0.000000000000000000e+00
4.076399999999999864e+02 6.100000000000000000e+01 3.600000000000000000e+01 1.000000000000000000e+00 0.000000000000000000e+00
4.076499999999999773e+02 6.100000000000000000e+01 3.600000000000000000e+01 1.000000000000000000e+00 0.000000000000000000e+00
4.078100000000000023e+02 5.600000000000000000e+01 0.000000000000000000e+00 0.000000000000000000e+00 0.000000000000000000e+00
4.079100000000000250e+02 5.700000000000000000e+01 3.900000000000000000e+01 1.000000000000000000e+00 0.000000000000000000e+00
4.079300000000000068e+02 5.700000000000000000e+01 3.900000000000000000e+01 1.000000000000000000e+00 0.000000000000000000e+00
4.097200000000000273e+02 5.600000000000000000e+01 3.500000000000000000e+01 0.000000000000000000e+00 0.000000000000000000e+00
4.104499999999999886e+02 6.100000000000000000e+01 3.500000000000000000e+01 1.000000000000000000e+00 0.000000000000000000e+00
4.113000000000000114e+02 5.200000000000000000e+01 3.000000000000000000e+01 0.000000000000000000e+00 0.000000000000000000e+00
4.120000000000000000e+02 5.100000000000000000e+01 3.600000000000000000e+01 1.000000000000000000e+00 0.000000000000000000e+00
4.120099999999999909e+02 5.100000000000000000e+01 3.600000000000000000e+01 1.000000000000000000e+00 0.000000000000000000e+00
4.128100000000000023e+02 5.700000000000000000e+01 4.200000000000000000e+01 1.000000000000000000e+00 0.000000000000000000e+00
4.144900000000000091e+02 5.100000000000000000e+01 3.700000000000000000e+01 1.000000000000000000e+00 0.000000000000000000e+00
4.148600000000000136e+02 5.300000000000000000e+01 4.900000000000000000e+01 1.000000000000000000e+00 0.000000000000000000e+00
4.158100000000000023e+02 5.800000000000000000e+01 3.900000000000000000e+01 1.000000000000000000e+00 0.000000000000000000e+00
4.185400000000000205e+02 5.600000000000000000e+01 2.700000000000000000e+01 0.000000000000000000e+00 0.000000000000000000e+00
4.201600000000000250e+02 6.000000000000000000e+01 3.600000000000000000e+01 1.000000000000000000e+00 0.000000000000000000e+00
4.201700000000000159e+02 6.000000000000000000e+01 3.600000000000000000e+01 1.000000000000000000e+00 0.000000000000000000e+00
4.204399999999999977e+02 5.400000000000000000e+01 3.600000000000000000e+01 1.000000000000000000e+00 0.000000000000000000e+00
4.206399999999999864e+02 6.000000000000000000e+01 4.100000000000000000e+01 1.000000000000000000e+00 0.000000000000000000e+00
4.208199999999999932e+02 5.800000000000000000e+01 2.900000000000000000e+01 0.000000000000000000e+00 0.000000000000000000e+00
4.210299999999999727e+02 5.800000000000000000e+01 3.500000000000000000e+01 1.000000000000000000e+00 0.000000000000000000e+00
4.265600000000000023e+02 5.300000000000000000e+01 3.900000000000000000e+01 1.000000000000000000e+00 0.000000000000000000e+00
4.286000000000000227e+02 6.000000000000000000e+01 4.200000000000000000e+01 1.000000000000000000e+00 0.000000000000000000e+00
4.286899999999999977e+02 5.200000000000000000e+01 3.800000000000000000e+01 1.000000000000000000e+00 0.000000000000000000e+00
4.313199999999999932e+02 5.100000000000000000e+01 3.100000000000000000e+01 0.000000000000000000e+00 0.000000000000000000e+00
4.330099999999999909e+02 5.700000000000000000e+01 3.300000000000000000e+01 1.000000000000000000e+00 0.000000000000000000e+00
4.344399999999999977e+02 5.800000000000000000e+01 4.000000000000000000e+01 1.000000000000000000e+00 0.000000000000000000e+00
4.354599999999999795e+02 4.700000000000000000e+01 4.400000000000000000e+01 1.000000000000000000e+00 0.000000000000000000e+00
4.367200000000000273e+02 5.500000000000000000e+01 3.000000000000000000e+01 0.000000000000000000e+00 0.000000000000000000e+00
4.370699999999999932e+02 5.300000000000000000e+01 2.900000000000000000e+01 0.000000000000000000e+00 0.000000000000000000e+00
4.375699999999999932e+02 5.600000000000000000e+01 2.900000000000000000e+01 0.000000000000000000e+00 0.000000000000000000e+00
4.406899999999999977e+02 5.600000000000000000e+01 3.700000000000000000e+01 1.000000000000000000e+00 0.000000000000000000e+00
4.411800000000000068e+02 5.600000000000000000e+01 3.900000000000000000e+01 1.000000000000000000e+00 0.000000000000000000e+00
4.423700000000000045e+02 5.300000000000000000e+01 3.800000000000000000e+01 1.000000000000000000e+00 0.000000000000000000e+00
4.428999999999999773e+02 5.600000000000000000e+01 2.000000000000000000e+00 0.000000000000000000e+00 0.000000000000000000e+00
4.434499999999999886e+02 5.700000000000000000e+01 2.800000000000000000e+01 0.000000000000000000e+00 0.000000000000000000e+00
4.440600000000000023e+02 5.800000000000000000e+01 2.900000000000000000e+01 0.000000000000000000e+00 0.000000000000000000e+00
4.481800000000000068e+02 5.400000000000000000e+01 3.900000000000000000e+01 1.000000000000000000e+00 0.000000000000000000e+00
4.496100000000000136e+02 5.200000000000000000e+01 3.000000000000000000e+01 0.000000000000000000e+00 0.000000000000000000e+00
4.526999999999999886e+02 5.300000000000000000e+01 3.400000000000000000e+01 1.000000000000000000e+00 0.000000000000000000e+00
4.588199999999999932e+02 6.500000000000000000e+01 4.300000000000000000e+01 1.000000000000000000e+00 0.000000000000000000e+00
4.590299999999999727e+02 5.100000000000000000e+01 3.100000000000000000e+01 0.000000000000000000e+00 0.000000000000000000e+00
4.614499999999999886e+02 5.400000000000000000e+01 2.900000000000000000e+01 0.000000000000000000e+00 0.000000000000000000e+00
4.632699999999999818e+02 5.100000000000000000e+01 3.600000000000000000e+01 1.000000000000000000e+00 0.000000000000000000e+00
4.643799999999999955e+02 5.700000000000000000e+01 3.500000000000000000e+01 0.000000000000000000e+00 0.000000000000000000e+00
4.675699999999999932e+02 5.700000000000000000e+01 3.400000000000000000e+01 1.000000000000000000e+00 0.000000000000000000e+00
4.707099999999999795e+02 5.800000000000000000e+01 3.300000000000000000e+01 1.000000000000000000e+00 0.000000000000000000e+00
4.716000000000000227e+02 5.100000000000000000e+01 3.200000000000000000e+01 0.000000000000000000e+00 0.000000000000000000e+00
4.726700000000000159e+02 5.900000000000000000e+01 3.800000000000000000e+01 1.000000000000000000e+00 0.000000000000000000e+00
4.740899999999999750e+02 6.000000000000000000e+01 3.700000000000000000e+01 1.000000000000000000e+00 0.000000000000000000e+00
4.760799999999999841e+02 6.000000000000000000e+01 3.300000000000000000e+01 0.000000000000000000e+00 0.000000000000000000e+00
4.784499999999999886e+02 5.100000000000000000e+01 3.700000000000000000e+01 1.000000000000000000e+00 0.000000000000000000e+00
4.789599999999999795e+02 6.000000000000000000e+01 3.000000000000000000e+01 0.000000000000000000e+00 0.000000000000000000e+00
4.816800000000000068e+02 5.700000000000000000e+01 2.800000000000000000e+01 0.000000000000000000e+00 0.000000000000000000e+00
4.825299999999999727e+02 5.700000000000000000e+01 3.900000000000000000e+01 1.000000000000000000e+00 0.000000000000000000e+00
4.863999999999999773e+02 5.500000000000000000e+01 3.900000000000000000e+01 1.000000000000000000e+00 0.000000000000000000e+00
4.864100000000000250e+02 5.500000000000000000e+01 3.900000000000000000e+01 1.000000000000000000e+00 0.000000000000000000e+00
4.868600000000000136e+02 5.300000000000000000e+01 2.900000000000000000e+01 0.000000000000000000e+00 0.000000000000000000e+00
4.874900000000000091e+02 5.500000000000000000e+01 3.300000000000000000e+01 1.000000000000000000e+00 0.000000000000000000e+00
4.883700000000000045e+02 5.900000000000000000e+01 2.900000000000000000e+01 0.000000000000000000e+00 0.000000000000000000e+00
4.884800000000000182e+02 5.700000000000000000e+01 2.900000000000000000e+01 0.000000000000000000e+00 0.000000000000000000e+00
4.929700000000000273e+02 5.000000000000000000e+01 3.600000000000000000e+01 1.000000000000000000e+00 0.000000000000000000e+00
4.929800000000000182e+02 5.000000000000000000e+01 3.600000000000000000e+01 1.000000000000000000e+00 0.000000000000000000e+00
4.939700000000000273e+02 5.400000000000000000e+01 3.300000000000000000e+01 1.000000000000000000e+00 0.000000000000000000e+00
4.939800000000000182e+02 5.400000000000000000e+01 3.300000000000000000e+01 1.000000000000000000e+00 0.000000000000000000e+00
4.945600000000000023e+02 5.600000000000000000e+01 3.400000000000000000e+01 1.000000000000000000e+00 0.000000000000000000e+00
4.986999999999999886e+02 5.600000000000000000e+01 3.300000000000000000e+01 1.000000000000000000e+00 0.000000000000000000e+00
4.990600000000000023e+02 5.200000000000000000e+01 3.000000000000000000e+01 0.000000000000000000e+00 0.000000000000000000e+00
5.014800000000000182e+02 6.100000000000000000e+01 3.600000000000000000e+01 1.000000000000000000e+00 0.000000000000000000e+00
5.021700000000000159e+02 6.100000000000000000e+01 4.600000000000000000e+01 1.000000000000000000e+00 0.000000000000000000e+00
5.023100000000000023e+02 5.500000000000000000e+01 2.800000000000000000e+01 0.000000000000000000e+00 0.000000000000000000e+00
5.050600000000000023e+02 6.000000000000000000e+01 3.800000000000000000e+01 1.000000000000000000e+00 0.000000000000000000e+00
5.057200000000000273e+02 5.500000000000000000e+01 3.800000000000000000e+01 1.000000000000000000e+00 0.000000000000000000e+00
5.090699999999999932e+02 5.600000000000000000e+01 3.900000000000000000e+01 1.000000000000000000e+00 0.000000000000000000e+00
5.092099999999999795e+02 5.400000000000000000e+01 3.900000000000000000e+01 1.000000000000000000e+00 0.000000000000000000e+00
5.092200000000000273e+02 5.400000000000000000e+01 3.900000000000000000e+01 1.000000000000000000e+00 0.000000000000000000e+00
5.098399999999999750e+02 5.300000000000000000e+01 2.900000000000000000e+01 0.000000000000000000e+00 0.000000000000000000e+00
5.115699999999999932e+02 5.200000000000000000e+01 3.700000000000000000e+01 1.000000000000000000e+00 0.000000000000000000e+00
5.115799999999999841e+02 5.200000000000000000e+01 3.700000000000000000e+01 1.000000000000000000e+00 0.000000000000000000e+00
5.132000000000000455e+02 5.800000000000000000e+01 2.900000000000000000e+01 0.000000000000000000e+00 0.000000000000000000e+00
5.137200000000000273e+02 5.100000000000000000e+01 3.100000000000000000e+01 0.000000000000000000e+00 0.000000000000000000e+00
5.140199999999999818e+02 5.600000000000000000e+01 2.900000000000000000e+01 0.000000000000000000e+00 0.000000000000000000e+00
5.141699999999999591e+02 5.700000000000000000e+01 3.700000000000000000e+01 1.000000000000000000e+00 0.000000000000000000e+00
5.147599999999999909e+02 5.900000000000000000e+01 3.500000000000000000e+01 1.000000000000000000e+00 0.000000000000000000e+00
5.149500000000000455e+02 5.900000000000000000e+01 2.900000000000000000e+01 0.000000000000000000e+00 0.000000000000000000e+00
5.182599999999999909e+02 6.000000000000000000e+01 3.000000000000000000e+01 0.000000000000000000e+00 0.000000000000000000e+00
5.195000000000000000e+02 6.100000000000000000e+01 3.500000000000000000e+01 1.000000000000000000e+00 0.000000000000000000e+00
5.258799999999999955e+02 5.500000000000000000e+01 2.800000000000000000e+01 0.000000000000000000e+00 0.000000000000000000e+00
5.265800000000000409e+02 5.500000000000000000e+01 3.400000000000000000e+01 0.000000000000000000e+00 0.000000000000000000e+00
5.266299999999999955e+02 5.900000000000000000e+01 3.900000000000000000e+01 1.000000000000000000e+00 0.000000000000000000e+00
5.284299999999999500e+02 5.300000000000000000e+01 3.800000000000000000e+01 1.000000000000000000e+00 0.000000000000000000e+00
5.307300000000000182e+02 6.300000000000000000e+01 4.300000000000000000e+01 1.000000000000000000e+00 0.000000000000000000e+00
5.319500000000000455e+02 5.300000000000000000e+01 2.900000000000000000e+01 0.000000000000000000e+00 0.000000000000000000e+00
5.321900000000000546e+02 5.700000000000000000e+01 2.800000000000000000e+01 0.000000000000000000e+00 0.000000000000000000e+00
5.349600000000000364e+02 5.400000000000000000e+01 2.800000000000000000e+01 0.000000000000000000e+00 0.000000000000000000e+00
5.350700000000000500e+02 5.600000000000000000e+01 9.000000000000000000e+00 0.000000000000000000e+00 0.000000000000000000e+00
5.356900000000000546e+02 5.900000000000000000e+01 3.800000000000000000e+01 1.000000000000000000e+00 0.000000000000000000e+00
5.372300000000000182e+02 5.900000000000000000e+01 2.900000000000000000e+01 0.000000000000000000e+00 0.000000000000000000e+00
5.372999999999999545e+02 5.100000000000000000e+01 3.600000000000000000e+01 1.000000000000000000e+00 0.000000000000000000e+00
5.439299999999999500e+02 5.500000000000000000e+01 3.300000000000000000e+01 1.000000000000000000e+00 0.000000000000000000e+00
5.448600000000000136e+02 5.500000000000000000e+01 3.900000000000000000e+01 1.000000000000000000e+00 0.000000000000000000e+00
5.462200000000000273e+02 5.200000000000000000e+01 3.700000000000000000e+01 1.000000000000000000e+00 0.000000000000000000e+00
5.468300000000000409e+02 5.200000000000000000e+01 3.000000000000000000e+01 0.000000000000000000e+00 0.000000000000000000e+00
5.469500000000000455e+02 5.900000000000000000e+01 3.400000000000000000e+01 0.000000000000000000e+00 0.000000000000000000e+00
5.476299999999999955e+02 5.400000000000000000e+01 3.800000000000000000e+01 1.000000000000000000e+00 0.000000000000000000e+00
5.486799999999999500e+02 5.400000000000000000e+01 2.800000000000000000e+01 0.000000000000000000e+00 0.000000000000000000e+00
5.499500000000000455e+02 4.900000000000000000e+01 4.900000000000000000e+01 1.000000000000000000e+00 0.000000000000000000e+00
5.506499999999999773e+02 6.100000000000000000e+01 3.200000000000000000e+01 0.000000000000000000e+00 0.000000000000000000e+00
5.517699999999999818e+02 5.600000000000000000e+01 2.800000000000000000e+01 0.000000000000000000e+00 0.000000000000000000e+00
5.545900000000000318e+02 5.500000000000000000e+01 3.600000000000000000e+01 1.000000000000000000e+00 0.000000000000000000e+00
5.564199999999999591e+02 5.300000000000000000e+01 3.700000000000000000e+01 1.000000000000000000e+00 0.000000000000000000e+00
5.567899999999999636e+02 5.600000000000000000e+01 2.000000000000000000e+00 0.000000000000000000e+00 0.000000000000000000e+00
5.596499999999999773e+02 5.400000000000000000e+01 2.900000000000000000e+01 0.000000000000000000e+00 0.000000000000000000e+00
5.600099999999999909e+02 6.000000000000000000e+01 3.700000000000000000e+01 1.000000000000000000e+00 0.000000000000000000e+00
5.600199999999999818e+02 6.000000000000000000e+01 3.700000000000000000e+01 1.000000000000000000e+00 0.000000000000000000e+00
5.600299999999999727e+02 6.000000000000000000e+01 3.700000000000000000e+01 1.000000000000000000e+00 0.000000000000000000e+00
5.615900000000000318e+02 5.600000000000000000e+01 4.000000000000000000e+00 0.000000000000000000e+00 0.000000000000000000e+00
5.660700000000000500e+02 5.800000000000000000e+01 3.800000000000000000e+01 1.000000000000000000e+00 0.000000000000000000e+00
5.660800000000000409e+02 5.800000000000000000e+01 3.800000000000000000e+01 1.000000000000000000e+00 0.000000000000000000e+00
5.669900000000000091e+02 5.500000000000000000e+01 2.800000000000000000e+01 0.000000000000000000e+00 0.000000000000000000e+00
5.671900000000000546e+02 5.100000000000000000e+01 3.500000000000000000e+01 1.000000000000000000e+00 0.000000000000000000e+00
5.680099999999999909e+02 5.500000000000000000e+01 4.700000000000000000e+01 1.000000000000000000e+00 0.000000000000000000e+00
5.684700000000000273e+02 5.100000000000000000e+01 3.100000000000000000e+01 0.000000000000000000e+00 0.000000000000000000e+00
5.706699999999999591e+02 5.600000000000000000e+01 2.800000000000000000e+01 0.000000000000000000e+00 0.000000000000000000e+00
5.707300000000000182e+02 5.200000000000000000e+01 3.800000000000000000e+01 1.000000000000000000e+00 0.000000000000000000e+00
5.708200000000000500e+02 5.700000000000000000e+01 3.200000000000000000e+01 1.000000000000000000e+00 0.000000000000000000e+00
5.733700000000000045e+02 5.600000000000000000e+01 3.300000000000000000e+01 1.000000000000000000e+00 0.000000000000000000e+00
5.743300000000000409e+02 5.800000000000000000e+01 3.700000000000000000e+01 1.000000000000000000e+00 0.000000000000000000e+00
5.754500000000000455e+02 5.700000000000000000e+01 3.800000000000000000e+01 1.000000000000000000e+00 0.000000000000000000e+00
5.756100000000000136e+02 5.700000000000000000e+01 2.800000000000000000e+01 0.000000000000000000e+00 0.000000000000000000e+00
5.761000000000000227e+02 5.300000000000000000e+01 3.300000000000000000e+01 1.000000000000000000e+00 0.000000000000000000e+00
5.761100000000000136e+02 5.300000000000000000e+01 3.300000000000000000e+01 1.000000000000000000e+00 0.000000000000000000e+00
5.761200000000000045e+02 6.100000000000000000e+01 3.800000000000000000e+01 1.000000000000000000e+00 0.000000000000000000e+00
5.780900000000000318e+02 5.800000000000000000e+01 3.500000000000000000e+01 0.000000000000000000e+00 0.000000000000000000e+00
5.787799999999999727e+02 5.200000000000000000e+01 2.900000000000000000e+01 0.000000000000000000e+00 0.000000000000000000e+00
5.797200000000000273e+02 5.100000000000000000e+01 3.600000000000000000e+01 1.000000000000000000e+00 0.000000000000000000e+00
5.803899999999999864e+02 5.300000000000000000e+01 4.100000000000000000e+01 1.000000000000000000e+00 0.000000000000000000e+00
5.806100000000000136e+02 5.400000000000000000e+01 2.800000000000000000e+01 0.000000000000000000e+00 0.000000000000000000e+00
5.823999999999999773e+02 5.800000000000000000e+01 3.400000000000000000e+01 1.000000000000000000e+00 0.000000000000000000e+00
5.828500000000000227e+02 5.600000000000000000e+01 3.400000000000000000e+01 0.000000000000000000e+00 0.000000000000000000e+00
5.851299999999999955e+02 5.600000000000000000e+01 3.800000000000000000e+01 1.000000000000000000e+00 0.000000000000000000e+00
5.899700000000000273e+02 5.600000000000000000e+01 3.000000000000000000e+00 0.000000000000000000e+00 0.000000000000000000e+00
5.912599999999999909e+02 5.400000000000000000e+01 3.300000000000000000e+01 0.000000000000000000e+00 0.000000000000000000e+00
5.920800000000000409e+02 6.200000000000000000e+01 4.600000000000000000e+01 1.000000000000000000e+00 0.000000000000000000e+00
5.945000000000000000e+02 5.200000000000000000e+01 3.700000000000000000e+01 1.000000000000000000e+00 0.000000000000000000e+00
5.945099999999999909e+02 5.200000000000000000e+01 3.700000000000000000e+01 1.000000000000000000e+00 0.000000000000000000e+00
5.946299999999999955e+02 5.400000000000000000e+01 2.800000000000000000e+01 0.000000000000000000e+00 0.000000000000000000e+00
5.965599999999999454e+02 5.200000000000000000e+01 3.600000000000000000e+01 1.000000000000000000e+00 0.000000000000000000e+00
5.987699999999999818e+02 5.300000000000000000e+01 3.800000000000000000e+01 1.000000000000000000e+00 0.000000000000000000e+00
6.001399999999999864e+02 6.000000000000000000e+01 3.400000000000000000e+01 1.000000000000000000e+00 0.000000000000000000e+00
6.015000000000000000e+02 5.900000000000000000e+01 3.300000000000000000e+01 1.000000000000000000e+00 0.000000000000000000e+00
6.045800000000000409e+02 5.500000000000000000e+01 3.000000000000000000e+01 0.000000000000000000e+00 0.000000000000000000e+00
6.046599999999999682e+02 5.300000000000000000e+01 3.000000000000000000e+01 0.000000000000000000e+00 0.000000000000000000e+00
6.048099999999999454e+02 5.600000000000000000e+01 1.000000000000000000e+00 0.000000000000000000e+00 0.000000000000000000e+00
6.052100000000000364e+02 5.700000000000000000e+01 4.000000000000000000e+01 1.000000000000000000e+00 0.000000000000000000e+00
6.052200000000000273e+02 5.700000000000000000e+01 4.000000000000000000e+01 1.000000000000000000e+00 0.000000000000000000e+00
6.055900000000000318e+02 5.400000000000000000e+01 3.800000000000000000e+01 1.000000000000000000e+00 0.000000000000000000e+00
6.058899999999999864e+02 5.500000000000000000e+01 3.800000000000000000e+01 1.000000000000000000e+00 0.000000000000000000e+00
6.074099999999999682e+02 5.000000000000000000e+01 3.500000000000000000e+01 1.000000000000000000e+00 0.000000000000000000e+00
6.205399999999999636e+02 5.300000000000000000e+01 3.500000000000000000e+01 1.000000000000000000e+00 0.000000000000000000e+00
6.206699999999999591e+02 5.600000000000000000e+01 3.900000000000000000e+01 1.000000000000000000e+00 0.000000000000000000e+00
6.212999999999999545e+02 5.800000000000000000e+01 2.800000000000000000e+01 0.000000000000000000e+00 0.000000000000000000e+00
6.243999999999999773e+02 6.100000000000000000e+01 3.400000000000000000e+01 1.000000000000000000e+00 0.000000000000000000e+00
6.244099999999999682e+02 6.100000000000000000e+01 3.400000000000000000e+01 1.000000000000000000e+00 0.000000000000000000e+00
6.244199999999999591e+02 6.100000000000000000e+01 3.400000000000000000e+01 1.000000000000000000e+00 0.000000000000000000e+00
6.253300000000000409e+02 5.100000000000000000e+01 3.000000000000000000e+01 0.000000000000000000e+00 0.000000000000000000e+00
6.267999999999999545e+02 5.200000000000000000e+01 2.900000000000000000e+01 0.000000000000000000e+00 0.000000000000000000e+00
6.277400000000000091e+02 5.500000000000000000e+01 4.900000000000000000e+01 1.000000000000000000e+00 0.000000000000000000e+00
6.334800000000000182e+02 5.600000000000000000e+01 2.600000000000000000e+01 0.000000000000000000e+00 0.000000000000000000e+00
6.337300000000000182e+02 5.700000000000000000e+01 3.900000000000000000e+01 1.000000000000000000e+00 0.000000000000000000e+00
6.337400000000000091e+02 5.700000000000000000e+01 3.900000000000000000e+01 1.000000000000000000e+00 0.000000000000000000e+00
6.337699999999999818e+02 5.800000000000000000e+01 3.700000000000000000e+01 1.000000000000000000e+00 0.000000000000000000e+00
6.337799999999999727e+02 5.800000000000000000e+01 3.700000000000000000e+01 1.000000000000000000e+00 0.000000000000000000e+00
6.398700000000000045e+02 5.800000000000000000e+01 3.200000000000000000e+01 1.000000000000000000e+00 0.000000000000000000e+00
6.417500000000000000e+02 5.700000000000000000e+01 3.800000000000000000e+01 1.000000000000000000e+00 0.000000000000000000e+00
6.429500000000000455e+02 5.700000000000000000e+01 2.700000000000000000e+01 0.000000000000000000e+00 0.000000000000000000e+00
6.443999999999999773e+02 5.400000000000000000e+01 3.000000000000000000e+01 1.000000000000000000e+00 0.000000000000000000e+00
6.462699999999999818e+02 5.300000000000000000e+01 2.800000000000000000e+01 0.000000000000000000e+00 0.000000000000000000e+00
6.502100000000000364e+02 5.600000000000000000e+01 8.000000000000000000e+00 0.000000000000000000e+00 0.000000000000000000e+00
6.506599999999999682e+02 5.600000000000000000e+01 1.500000000000000000e+01 0.000000000000000000e+00 0.000000000000000000e+00
6.513799999999999955e+02 6.000000000000000000e+01 3.600000000000000000e+01 1.000000000000000000e+00 0.000000000000000000e+00
6.558099999999999454e+02 5.500000000000000000e+01 3.800000000000000000e+01 1.000000000000000000e+00 0.000000000000000000e+00
6.565399999999999636e+02 5.300000000000000000e+01 3.700000000000000000e+01 1.000000000000000000e+00 0.000000000000000000e+00
6.573200000000000500e+02 5.500000000000000000e+01 2.900000000000000000e+01 0.000000000000000000e+00 0.000000000000000000e+00
6.598700000000000045e+02 5.200000000000000000e+01 2.900000000000000000e+01 0.000000000000000000e+00 0.000000000000000000e+00
6.601100000000000136e+02 5.900000000000000000e+01 3.700000000000000000e+01 1.000000000000000000e+00 0.000000000000000000e+00
6.618400000000000318e+02 5.400000000000000000e+01 3.300000000000000000e+01 0.000000000000000000e+00 0.000000000000000000e+00
6.620399999999999636e+02 5.400000000000000000e+01 2.800000000000000000e+01 0.000000000000000000e+00 0.000000000000000000e+00
6.662200000000000273e+02 5.100000000000000000e+01 3.500000000000000000e+01 1.000000000000000000e+00 0.000000000000000000e+00
6.666000000000000227e+02 5.100000000000000000e+01 3.000000000000000000e+01 0.000000000000000000e+00 0.000000000000000000e+00
6.676699999999999591e+02 5.500000000000000000e+01 3.300000000000000000e+01 0.000000000000000000e+00 0.000000000000000000e+00
6.690900000000000318e+02 5.900000000000000000e+01 3.400000000000000000e+01 1.000000000000000000e+00 0.000000000000000000e+00
6.699400000000000546e+02 6.100000000000000000e+01 3.500000000000000000e+01 1.000000000000000000e+00 0.000000000000000000e+00
6.699500000000000455e+02 6.100000000000000000e+01 3.500000000000000000e+01 1.000000000000000000e+00 0.000000000000000000e+00
6.701799999999999500e+02 5.700000000000000000e+01 2.800000000000000000e+01 0.000000000000000000e+00 0.000000000000000000e+00
6.710299999999999727e+02 5.600000000000000000e+01 3.800000000000000000e+01 1.000000000000000000e+00 0.000000000000000000e+00
6.710399999999999636e+02 5.600000000000000000e+01 3.800000000000000000e+01 1.000000000000000000e+00 0.000000000000000000e+00
6.738700000000000045e+02 5.400000000000000000e+01 3.800000000000000000e+01 1.000000000000000000e+00 0.000000000000000000e+00
6.738799999999999955e+02 5.400000000000000000e+01 3.800000000000000000e+01 1.000000000000000000e+00 0.000000000000000000e+00
6.768999999999999773e+02 5.800000000000000000e+01 2.800000000000000000e+01 0.000000000000000000e+00 0.000000000000000000e+00
6.772699999999999818e+02 5.300000000000000000e+01 2.800000000000000000e+01 0.000000000000000000e+00 0.000000000000000000e+00
6.785399999999999636e+02 5.200000000000000000e+01 3.000000000000000000e+01 0.000000000000000000e+00 0.000000000000000000e+00
6.803099999999999454e+02 5.500000000000000000e+01 2.700000000000000000e+01 0.000000000000000000e+00 0.000000000000000000e+00
6.815900000000000318e+02 5.200000000000000000e+01 3.700000000000000000e+01 1.000000000000000000e+00 0.000000000000000000e+00
6.824600000000000364e+02 5.400000000000000000e+01 3.200000000000000000e+01 1.000000000000000000e+00 0.000000000000000000e+00
6.824700000000000273e+02 5.400000000000000000e+01 3.200000000000000000e+01 1.000000000000000000e+00 0.000000000000000000e+00
6.855499999999999545e+02 6.000000000000000000e+01 2.900000000000000000e+01 0.000000000000000000e+00 0.000000000000000000e+00
6.857200000000000273e+02 5.200000000000000000e+01 3.600000000000000000e+01 1.000000000000000000e+00 0.000000000000000000e+00
6.858999999999999773e+02 5.800000000000000000e+01 3.800000000000000000e+01 1.000000000000000000e+00 0.000000000000000000e+00
6.863999999999999773e+02 5.600000000000000000e+01 2.800000000000000000e+01 0.000000000000000000e+00 0.000000000000000000e+00
6.866699999999999591e+02 5.600000000000000000e+01 3.200000000000000000e+01 1.000000000000000000e+00 0.000000000000000000e+00
6.876100000000000136e+02 5.500000000000000000e+01 3.200000000000000000e+01 1.000000000000000000e+00 0.000000000000000000e+00
6.877500000000000000e+02 6.000000000000000000e+01 3.300000000000000000e+01 1.000000000000000000e+00 0.000000000000000000e+00
6.878999999999999773e+02 5.400000000000000000e+01 3.700000000000000000e+01 1.000000000000000000e+00 0.000000000000000000e+00
6.879099999999999682e+02 5.400000000000000000e+01 3.700000000000000000e+01 1.000000000000000000e+00 0.000000000000000000e+00
6.922999999999999545e+02 5.400000000000000000e+01 3.500000000000000000e+01 1.000000000000000000e+00 0.000000000000000000e+00
6.942100000000000364e+02 5.900000000000000000e+01 2.800000000000000000e+01 0.000000000000000000e+00 0.000000000000000000e+00
6.961799999999999500e+02 5.800000000000000000e+01 3.900000000000000000e+01 1.000000000000000000e+00 0.000000000000000000e+00
6.975199999999999818e+02 5.800000000000000000e+01 2.800000000000000000e+01 0.000000000000000000e+00 0.000000000000000000e+00
6.975499999999999545e+02 5.900000000000000000e+01 3.200000000000000000e+01 1.000000000000000000e+00 0.000000000000000000e+00
6.998200000000000500e+02 5.200000000000000000e+01 3.000000000000000000e+01 0.000000000000000000e+00 0.000000000000000000e+00
7.018300000000000409e+02 5.700000000000000000e+01 2.700000000000000000e+01 0.000000000000000000e+00 0.000000000000000000e+00
7.020099999999999909e+02 5.700000000000000000e+01 3.700000000000000000e+01 1.000000000000000000e+00 0.000000000000000000e+00
7.031900000000000546e+02 5.800000000000000000e+01 3.200000000000000000e+01 1.000000000000000000e+00 0.000000000000000000e+00
7.038500000000000227e+02 5.100000000000000000e+01 3.600000000000000000e+01 1.000000000000000000e+00 0.000000000000000000e+00
7.046000000000000227e+02 5.300000000000000000e+01 2.800000000000000000e+01 0.000000000000000000e+00 0.000000000000000000e+00
7.047400000000000091e+02 5.300000000000000000e+01 3.600000000000000000e+01 1.000000000000000000e+00 0.000000000000000000e+00
7.063200000000000500e+02 5.100000000000000000e+01 3.000000000000000000e+01 0.000000000000000000e+00 0.000000000000000000e+00
7.069600000000000364e+02 5.500000000000000000e+01 2.700000000000000000e+01 0.000000000000000000e+00 0.000000000000000000e+00
7.078200000000000500e+02 5.100000000000000000e+01 3.400000000000000000e+01 1.000000000000000000e+00 0.000000000000000000e+00
7.082200000000000273e+02 5.300000000000000000e+01 3.700000000000000000e+01 1.000000000000000000e+00 0.000000000000000000e+00
7.107599999999999909e+02 5.500000000000000000e+01 3.500000000000000000e+01 1.000000000000000000e+00 0.000000000000000000e+00
7.109800000000000182e+02 5.100000000000000000e+01 3.100000000000000000e+01 0.000000000000000000e+00 0.000000000000000000e+00
7.149700000000000273e+02 5.200000000000000000e+01 2.900000000000000000e+01 0.000000000000000000e+00 0.000000000000000000e+00
7.181200000000000045e+02 5.900000000000000000e+01 2.900000000000000000e+01 0.000000000000000000e+00 0.000000000000000000e+00
7.183300000000000409e+02 5.600000000000000000e+01 3.000000000000000000e+01 0.000000000000000000e+00 0.000000000000000000e+00
7.184299999999999500e+02 5.100000000000000000e+01 4.000000000000000000e+01 1.000000000000000000e+00 0.000000000000000000e+00
7.191900000000000546e+02 5.100000000000000000e+01 3.500000000000000000e+01 1.000000000000000000e+00 0.000000000000000000e+00
7.194400000000000546e+02 5.600000000000000000e+01 2.600000000000000000e+01 0.000000000000000000e+00 0.000000000000000000e+00
7.214900000000000091e+02 4.700000000000000000e+01 3.700000000000000000e+01 1.000000000000000000e+00 0.000000000000000000e+00
7.215800000000000409e+02 5.500000000000000000e+01 3.300000000000000000e+01 0.000000000000000000e+00 0.000000000000000000e+00
7.234700000000000273e+02 5.700000000000000000e+01 3.800000000000000000e+01 1.000000000000000000e+00 0.000000000000000000e+00
7.234900000000000091e+02 5.800000000000000000e+01 3.600000000000000000e+01 1.000000000000000000e+00 0.000000000000000000e+00
7.236900000000000546e+02 5.700000000000000000e+01 2.700000000000000000e+01 0.000000000000000000e+00 0.000000000000000000e+00
7.252000000000000455e+02 5.100000000000000000e+01 2.900000000000000000e+01 0.000000000000000000e+00 0.000000000000000000e+00
7.263899999999999864e+02 5.700000000000000000e+01 3.400000000000000000e+01 0.000000000000000000e+00 0.000000000000000000e+00
7.304099999999999682e+02 5.500000000000000000e+01 2.700000000000000000e+01 0.000000000000000000e+00 0.000000000000000000e+00
7.336100000000000136e+02 5.600000000000000000e+01 3.800000000000000000e+01 1.000000000000000000e+00 0.000000000000000000e+00
7.353899999999999864e+02 6.000000000000000000e+01 2.900000000000000000e+01 0.000000000000000000e+00 0.000000000000000000e+00
7.368099999999999454e+02 5.600000000000000000e+01 2.700000000000000000e+01 0.000000000000000000e+00 0.000000000000000000e+00
7.386399999999999864e+02 5.400000000000000000e+01 3.700000000000000000e+01 1.000000000000000000e+00 0.000000000000000000e+00
7.389900000000000091e+02 6.000000000000000000e+01 3.500000000000000000e+01 1.000000000000000000e+00 0.000000000000000000e+00
7.394099999999999682e+02 5.500000000000000000e+01 4.200000000000000000e+01 1.000000000000000000e+00 0.000000000000000000e+00
7.395700000000000500e+02 5.900000000000000000e+01 2.800000000000000000e+01 0.000000000000000000e+00 0.000000000000000000e+00
7.408799999999999955e+02 6.100000000000000000e+01 3.400000000000000000e+01 1.000000000000000000e+00 0.000000000000000000e+00
7.416399999999999864e+02 5.400000000000000000e+01 2.800000000000000000e+01 0.000000000000000000e+00 0.000000000000000000e+00
7.416399999999999864e+02 6.000000000000000000e+01 3.600000000000000000e+01 1.000000000000000000e+00 0.000000000000000000e+00
7.448600000000000136e+02 5.500000000000000000e+01 3.300000000000000000e+01 0.000000000000000000e+00 0.000000000000000000e+00
7.453600000000000136e+02 5.500000000000000000e+01 3.700000000000000000e+01 1.000000000000000000e+00 0.000000000000000000e+00
7.456299999999999955e+02 5.600000000000000000e+01 3.700000000000000000e+01 1.000000000000000000e+00 0.000000000000000000e+00
7.456399999999999864e+02 5.700000000000000000e+01 3.600000000000000000e+01 1.000000000000000000e+00 0.000000000000000000e+00
7.463200000000000500e+02 5.400000000000000000e+01 3.100000000000000000e+01 0.000000000000000000e+00 0.000000000000000000e+00
7.509199999999999591e+02 5.500000000000000000e+01 3.200000000000000000e+01 1.000000000000000000e+00 0.000000000000000000e+00
7.521200000000000045e+02 5.200000000000000000e+01 3.600000000000000000e+01 1.000000000000000000e+00 0.000000000000000000e+00
7.521299999999999955e+02 5.200000000000000000e+01 3.600000000000000000e+01 1.000000000000000000e+00 0.000000000000000000e+00
7.521399999999999864e+02 5.200000000000000000e+01 3.600000000000000000e+01 1.000000000000000000e+00 0.000000000000000000e+00
7.528200000000000500e+02 5.400000000000000000e+01 2.700000000000000000e+01 0.000000000000000000e+00 0.000000000000000000e+00
7.539600000000000364e+02 5.600000000000000000e+01 3.600000000000000000e+01 1.000000000000000000e+00 0.000000000000000000e+00
7.540700000000000500e+02 5.600000000000000000e+01 2.800000000000000000e+01 0.000000000000000000e+00 0.000000000000000000e+00
7.548600000000000136e+02 5.600000000000000000e+01 3.500000000000000000e+01 1.000000000000000000e+00 0.000000000000000000e+00
7.560299999999999727e+02 5.700000000000000000e+01 2.700000000000000000e+01 0.000000000000000000e+00 0.000000000000000000e+00
7.583300000000000409e+02 5.800000000000000000e+01 3.700000000000000000e+01 1.000000000000000000e+00 0.000000000000000000e+00
7.583500000000000227e+02 5.800000000000000000e+01 3.700000000000000000e+01 1.000000000000000000e+00 0.000000000000000000e+00
7.583700000000000045e+02 6.100000000000000000e+01 3.100000000000000000e+01 0.000000000000000000e+00 0.000000000000000000e+00
7.586399999999999864e+02 6.200000000000000000e+01 3.900000000000000000e+01 1.000000000000000000e+00 0.000000000000000000e+00
7.586499999999999773e+02 6.200000000000000000e+01 3.900000000000000000e+01 1.000000000000000000e+00 0.000000000000000000e+00
7.599500000000000455e+02 5.300000000000000000e+01 2.800000000000000000e+01 0.000000000000000000e+00 0.000000000000000000e+00
7.601699999999999591e+02 5.100000000000000000e+01 3.100000000000000000e+01 0.000000000000000000e+00 0.000000000000000000e+00
7.603999999999999773e+02 5.900000000000000000e+01 3.500000000000000000e+01 0.000000000000000000e+00 0.000000000000000000e+00
7.632000000000000455e+02 5.500000000000000000e+01 2.700000000000000000e+01 0.000000000000000000e+00 0.000000000000000000e+00
7.684299999999999500e+02 6.000000000000000000e+01 3.000000000000000000e+01 0.000000000000000000e+00 0.000000000000000000e+00
7.708899999999999864e+02 5.200000000000000000e+01 3.000000000000000000e+01 0.000000000000000000e+00 0.000000000000000000e+00
7.708999999999999773e+02 5.400000000000000000e+01 2.700000000000000000e+01 0.000000000000000000e+00 0.000000000000000000e+00
7.726799999999999500e+02 5.100000000000000000e+01 3.000000000000000000e+01 0.000000000000000000e+00 0.000000000000000000e+00
7.738500000000000227e+02 5.400000000000000000e+01 3.700000000000000000e+01 1.000000000000000000e+00 0.000000000000000000e+00
7.747799999999999727e+02 5.300000000000000000e+01 2.800000000000000000e+01 0.000000000000000000e+00 0.000000000000000000e+00
7.751299999999999955e+02 5.800000000000000000e+01 3.300000000000000000e+01 1.000000000000000000e+00 0.000000000000000000e+00
7.819600000000000364e+02 5.800000000000000000e+01 3.300000000000000000e+01 1.000000000000000000e+00 0.000000000000000000e+00
7.837300000000000182e+02 5.700000000000000000e+01 2.700000000000000000e+01 0.000000000000000000e+00 0.000000000000000000e+00
7.846100000000000136e+02 5.600000000000000000e+01 2.700000000000000000e+01 0.000000000000000000e+00 0.000000000000000000e+00
7.848099999999999454e+02 5.400000000000000000e+01 2.800000000000000000e+01 0.000000000000000000e+00 0.000000000000000000e+00
7.867000000000000455e+02 5.400000000000000000e+01 3.200000000000000000e+01 0.000000000000000000e+00 0.000000000000000000e+00
7.877500000000000000e+02 5.200000000000000000e+01 2.800000000000000000e+01 0.000000000000000000e+00 0.000000000000000000e+00
7.887300000000000182e+02 5.400000000000000000e+01 2.700000000000000000e+01 0.000000000000000000e+00 0.000000000000000000e+00
7.897599999999999909e+02 5.700000000000000000e+01 3.100000000000000000e+01 1.000000000000000000e+00 0.000000000000000000e+00
7.924900000000000091e+02 5.300000000000000000e+01 3.600000000000000000e+01 1.000000000000000000e+00 0.000000000000000000e+00
7.929199999999999591e+02 5.200000000000000000e+01 3.400000000000000000e+01 1.000000000000000000e+00 0.000000000000000000e+00
7.930800000000000409e+02 5.500000000000000000e+01 3.800000000000000000e+01 1.000000000000000000e+00 0.000000000000000000e+00
7.930900000000000318e+02 5.500000000000000000e+01 3.800000000000000000e+01 1.000000000000000000e+00 0.000000000000000000e+00
7.949500000000000455e+02 5.300000000000000000e+01 2.900000000000000000e+01 0.000000000000000000e+00 0.000000000000000000e+00
7.959500000000000455e+02 5.100000000000000000e+01 3.400000000000000000e+01 1.000000000000000000e+00 0.000000000000000000e+00
7.961100000000000136e+02 5.300000000000000000e+01 3.200000000000000000e+01 1.000000000000000000e+00 0.000000000000000000e+00
7.989400000000000546e+02 5.800000000000000000e+01 2.700000000000000000e+01 0.000000000000000000e+00 0.000000000000000000e+00
8.012799999999999727e+02 5.100000000000000000e+01 3.100000000000000000e+01 0.000000000000000000e+00 0.000000000000000000e+00
8.016900000000000546e+02 5.500000000000000000e+01 3.900000000000000000e+01 1.000000000000000000e+00 0.000000000000000000e+00
8.077500000000000000e+02 5.600000000000000000e+01 3.700000000000000000e+01 1.000000000000000000e+00 0.000000000000000000e+00
8.077599999999999909e+02 5.600000000000000000e+01 3.700000000000000000e+01 1.000000000000000000e+00 0.000000000000000000e+00
8.089500000000000455e+02 5.500000000000000000e+01 3.700000000000000000e+01 1.000000000000000000e+00 0.000000000000000000e+00
8.094900000000000091e+02 5.600000000000000000e+01 3.200000000000000000e+01 1.000000000000000000e+00 0.000000000000000000e+00
8.103899999999999864e+02 5.100000000000000000e+01 3.500000000000000000e+01 1.000000000000000000e+00 0.000000000000000000e+00
8.127899999999999636e+02 5.900000000000000000e+01 2.800000000000000000e+01 0.000000000000000000e+00 0.000000000000000000e+00
8.133899999999999864e+02 5.200000000000000000e+01 2.800000000000000000e+01 0.000000000000000000e+00 0.000000000000000000e+00
8.147699999999999818e+02 5.600000000000000000e+01 2.600000000000000000e+01 1.000000000000000000e+00 0.000000000000000000e+00
8.167599999999999909e+02 5.800000000000000000e+01 3.200000000000000000e+01 0.000000000000000000e+00 0.000000000000000000e+00
8.174900000000000091e+02 5.200000000000000000e+01 3.600000000000000000e+01 1.000000000000000000e+00 0.000000000000000000e+00
8.184199999999999591e+02 5.800000000000000000e+01 3.400000000000000000e+01 0.000000000000000000e+00 0.000000000000000000e+00
8.234400000000000546e+02 5.400000000000000000e+01 2.800000000000000000e+01 0.000000000000000000e+00 0.000000000000000000e+00
8.238899999999999864e+02 5.100000000000000000e+01 2.900000000000000000e+01 0.000000000000000000e+00 0.000000000000000000e+00
8.274700000000000273e+02 5.100000000000000000e+01 3.400000000000000000e+01 1.000000000000000000e+00 0.000000000000000000e+00
8.282100000000000364e+02 5.800000000000000000e+01 2.700000000000000000e+01 0.000000000000000000e+00 0.000000000000000000e+00
8.305800000000000409e+02 6.000000000000000000e+01 2.900000000000000000e+01 0.000000000000000000e+00 0.000000000000000000e+00
8.314700000000000273e+02 5.200000000000000000e+01 3.500000000000000000e+01 1.000000000000000000e+00 0.000000000000000000e+00
8.359400000000000546e+02 5.900000000000000000e+01 3.600000000000000000e+01 1.000000000000000000e+00 0.000000000000000000e+00
8.359500000000000455e+02 5.900000000000000000e+01 3.600000000000000000e+01 1.000000000000000000e+00 0.000000000000000000e+00
8.359600000000000364e+02 5.900000000000000000e+01 3.600000000000000000e+01 1.000000000000000000e+00 0.000000000000000000e+00
8.373400000000000318e+02 5.400000000000000000e+01 3.600000000000000000e+01 1.000000000000000000e+00 0.000000000000000000e+00
8.387699999999999818e+02 5.900000000000000000e+01 3.200000000000000000e+01 1.000000000000000000e+00 0.000000000000000000e+00
8.388400000000000318e+02 5.400000000000000000e+01 3.700000000000000000e+01 1.000000000000000000e+00 0.000000000000000000e+00
8.406200000000000045e+02 5.700000000000000000e+01 3.700000000000000000e+01 1.000000000000000000e+00 0.000000000000000000e+00
8.442500000000000000e+02 5.400000000000000000e+01 2.800000000000000000e+01 0.000000000000000000e+00 0.000000000000000000e+00
8.451900000000000546e+02 5.400000000000000000e+01 2.700000000000000000e+01 0.000000000000000000e+00 0.000000000000000000e+00
8.457899999999999636e+02 6.400000000000000000e+01 4.200000000000000000e+01 1.000000000000000000e+00 0.000000000000000000e+00
8.457999999999999545e+02 6.400000000000000000e+01 4.200000000000000000e+01 1.000000000000000000e+00 0.000000000000000000e+00
8.468300000000000409e+02 5.300000000000000000e+01 3.700000000000000000e+01 1.000000000000000000e+00 0.000000000000000000e+00
8.496399999999999864e+02 5.800000000000000000e+01 3.600000000000000000e+01 1.000000000000000000e+00 0.000000000000000000e+00
8.514400000000000546e+02 5.300000000000000000e+01 3.400000000000000000e+01 1.000000000000000000e+00 0.000000000000000000e+00
8.527599999999999909e+02 5.300000000000000000e+01 3.600000000000000000e+01 1.000000000000000000e+00 0.000000000000000000e+00
8.529800000000000182e+02 5.100000000000000000e+01 3.300000000000000000e+01 1.000000000000000000e+00 0.000000000000000000e+00
8.529900000000000091e+02 5.100000000000000000e+01 3.300000000000000000e+01 1.000000000000000000e+00 0.000000000000000000e+00
8.538999999999999773e+02 5.100000000000000000e+01 3.700000000000000000e+01 1.000000000000000000e+00 0.000000000000000000e+00
8.542500000000000000e+02 5.200000000000000000e+01 2.800000000000000000e+01 0.000000000000000000e+00 0.000000000000000000e+00
8.548500000000000227e+02 5.100000000000000000e+01 3.400000000000000000e+01 1.000000000000000000e+00 0.000000000000000000e+00
8.554199999999999591e+02 5.300000000000000000e+01 2.700000000000000000e+01 0.000000000000000000e+00 0.000000000000000000e+00
8.590000000000000000e+02 5.200000000000000000e+01 3.500000000000000000e+01 1.000000000000000000e+00 0.000000000000000000e+00
8.615599999999999454e+02 5.100000000000000000e+01 2.900000000000000000e+01 0.000000000000000000e+00 0.000000000000000000e+00
8.615700000000000500e+02 5.500000000000000000e+01 3.700000000000000000e+01 1.000000000000000000e+00 0.000000000000000000e+00
8.633899999999999864e+02 6.300000000000000000e+01 3.700000000000000000e+01 1.000000000000000000e+00 0.000000000000000000e+00
8.647599999999999909e+02 5.600000000000000000e+01 2.700000000000000000e+01 0.000000000000000000e+00 0.000000000000000000e+00
8.648899999999999864e+02 5.100000000000000000e+01 3.800000000000000000e+01 1.000000000000000000e+00 0.000000000000000000e+00
8.666599999999999682e+02 5.600000000000000000e+01 2.500000000000000000e+01 0.000000000000000000e+00 0.000000000000000000e+00
8.682400000000000091e+02 4.800000000000000000e+01 4.000000000000000000e+01 1.000000000000000000e+00 0.000000000000000000e+00
8.684099999999999682e+02 5.300000000000000000e+01 3.800000000000000000e+01 1.000000000000000000e+00 0.000000000000000000e+00
8.751900000000000546e+02 5.600000000000000000e+01 3.700000000000000000e+01 1.000000000000000000e+00 0.000000000000000000e+00
8.752000000000000455e+02 5.600000000000000000e+01 3.700000000000000000e+01 1.000000000000000000e+00 0.000000000000000000e+00
8.761900000000000546e+02 5.300000000000000000e+01 2.700000000000000000e+01 0.000000000000000000e+00 0.000000000000000000e+00
8.791599999999999682e+02 5.500000000000000000e+01 2.600000000000000000e+01 0.000000000000000000e+00 0.000000000000000000e+00
8.795499999999999545e+02 5.700000000000000000e+01 2.700000000000000000e+01 0.000000000000000000e+00 0.000000000000000000e+00
8.831499999999999773e+02 5.500000000000000000e+01 3.200000000000000000e+01 0.000000000000000000e+00 0.000000000000000000e+00
8.856799999999999500e+02 5.800000000000000000e+01 2.700000000000000000e+01 0.000000000000000000e+00 0.000000000000000000e+00
8.862999999999999545e+02 5.900000000000000000e+01 3.700000000000000000e+01 1.000000000000000000e+00 0.000000000000000000e+00
8.880299999999999727e+02 5.500000000000000000e+01 2.800000000000000000e+01 0.000000000000000000e+00 0.000000000000000000e+00
8.901599999999999682e+02 5.600000000000000000e+01 2.700000000000000000e+01 0.000000000000000000e+00 0.000000000000000000e+00
8.917100000000000364e+02 5.400000000000000000e+01 3.100000000000000000e+01 1.000000000000000000e+00 0.000000000000000000e+00
8.925000000000000000e+02 5.500000000000000000e+01 3.600000000000000000e+01 1.000000000000000000e+00 0.000000000000000000e+00
8.927599999999999909e+02 5.100000000000000000e+01 3.000000000000000000e+01 0.000000000000000000e+00 0.000000000000000000e+00
8.940000000000000000e+02 5.700000000000000000e+01 2.600000000000000000e+01 0.000000000000000000e+00 0.000000000000000000e+00
8.940099999999999909e+02 5.200000000000000000e+01 2.800000000000000000e+01 0.000000000000000000e+00 0.000000000000000000e+00
8.976799999999999500e+02 5.300000000000000000e+01 2.700000000000000000e+01 0.000000000000000000e+00 0.000000000000000000e+00
8.996900000000000546e+02 5.600000000000000000e+01 3.600000000000000000e+01 1.000000000000000000e+00 0.000000000000000000e+00
9.002000000000000455e+02 5.100000000000000000e+01 2.900000000000000000e+01 0.000000000000000000e+00 0.000000000000000000e+00
9.034500000000000455e+02 5.500000000000000000e+01 3.200000000000000000e+01 0.000000000000000000e+00 0.000000000000000000e+00
9.057999999999999545e+02 5.500000000000000000e+01 2.600000000000000000e+01 0.000000000000000000e+00 0.000000000000000000e+00
9.062500000000000000e+02 6.400000000000000000e+01 4.300000000000000000e+01 1.000000000000000000e+00 0.000000000000000000e+00
9.074299999999999500e+02 5.500000000000000000e+01 4.300000000000000000e+01 1.000000000000000000e+00 0.000000000000000000e+00
9.077000000000000455e+02 5.800000000000000000e+01 3.100000000000000000e+01 1.000000000000000000e+00 0.000000000000000000e+00
9.077100000000000364e+02 5.800000000000000000e+01 3.100000000000000000e+01 1.000000000000000000e+00 0.000000000000000000e+00
9.077400000000000091e+02 5.200000000000000000e+01 3.900000000000000000e+01 1.000000000000000000e+00 0.000000000000000000e+00
9.077500000000000000e+02 5.200000000000000000e+01 3.900000000000000000e+01 1.000000000000000000e+00 0.000000000000000000e+00
9.107699999999999818e+02 5.200000000000000000e+01 3.500000000000000000e+01 1.000000000000000000e+00 0.000000000000000000e+00
9.136299999999999955e+02 5.300000000000000000e+01 3.900000000000000000e+01 1.000000000000000000e+00 0.000000000000000000e+00
9.138600000000000136e+02 5.700000000000000000e+01 3.200000000000000000e+01 1.000000000000000000e+00 0.000000000000000000e+00
9.142799999999999727e+02 5.500000000000000000e+01 3.400000000000000000e+01 1.000000000000000000e+00 0.000000000000000000e+00
9.151200000000000045e+02 5.700000000000000000e+01 2.700000000000000000e+01 0.000000000000000000e+00 0.000000000000000000e+00
9.191399999999999864e+02 5.500000000000000000e+01 3.100000000000000000e+01 1.000000000000000000e+00 0.000000000000000000e+00
9.193899999999999864e+02 5.600000000000000000e+01 4.000000000000000000e+01 1.000000000000000000e+00 0.000000000000000000e+00
9.224099999999999682e+02 5.700000000000000000e+01 2.600000000000000000e+01 0.000000000000000000e+00 0.000000000000000000e+00
9.243099999999999454e+02 5.300000000000000000e+01 3.600000000000000000e+01 1.000000000000000000e+00 0.000000000000000000e+00
9.243200000000000500e+02 5.300000000000000000e+01 3.600000000000000000e+01 1.000000000000000000e+00 0.000000000000000000e+00
9.243500000000000227e+02 6.000000000000000000e+01 3.500000000000000000e+01 1.000000000000000000e+00 0.000000000000000000e+00
9.244099999999999682e+02 5.400000000000000000e+01 3.600000000000000000e+01 1.000000000000000000e+00 0.000000000000000000e+00
9.245099999999999909e+02 5.400000000000000000e+01 2.800000000000000000e+01 0.000000000000000000e+00 0.000000000000000000e+00
9.246100000000000136e+02 6.000000000000000000e+01 2.800000000000000000e+01 0.000000000000000000e+00 0.000000000000000000e+00
9.249299999999999500e+02 5.100000000000000000e+01 3.400000000000000000e+01 1.000000000000000000e+00 0.000000000000000000e+00
9.264099999999999682e+02 5.300000000000000000e+01 3.100000000000000000e+01 1.000000000000000000e+00 0.000000000000000000e+00
9.271799999999999500e+02 5.900000000000000000e+01 2.700000000000000000e+01 0.000000000000000000e+00 0.000000000000000000e+00
9.278600000000000136e+02 5.600000000000000000e+01 2.700000000000000000e+01 0.000000000000000000e+00 0.000000000000000000e+00
9.278799999999999955e+02 5.100000000000000000e+01 2.900000000000000000e+01 0.000000000000000000e+00 0.000000000000000000e+00
9.324500000000000455e+02 4.600000000000000000e+01 4.500000000000000000e+01 1.000000000000000000e+00 0.000000000000000000e+00
9.379600000000000364e+02 5.400000000000000000e+01 3.500000000000000000e+01 1.000000000000000000e+00 0.000000000000000000e+00
9.397799999999999727e+02 5.600000000000000000e+01 3.100000000000000000e+01 1.000000000000000000e+00 0.000000000000000000e+00
9.419900000000000091e+02 5.100000000000000000e+01 3.300000000000000000e+01 1.000000000000000000e+00 0.000000000000000000e+00
9.444099999999999682e+02 5.600000000000000000e+01 2.600000000000000000e+01 0.000000000000000000e+00 0.000000000000000000e+00
9.446499999999999773e+02 5.800000000000000000e+01 3.600000000000000000e+01 1.000000000000000000e+00 0.000000000000000000e+00
9.446599999999999682e+02 5.800000000000000000e+01 3.600000000000000000e+01 1.000000000000000000e+00 0.000000000000000000e+00
9.466799999999999500e+02 5.300000000000000000e+01 3.400000000000000000e+01 0.000000000000000000e+00 0.000000000000000000e+00
9.470599999999999454e+02 5.200000000000000000e+01 2.800000000000000000e+01 0.000000000000000000e+00 0.000000000000000000e+00
9.472999999999999545e+02 6.000000000000000000e+01 3.400000000000000000e+01 1.000000000000000000e+00 0.000000000000000000e+00
9.473099999999999454e+02 6.000000000000000000e+01 3.400000000000000000e+01 1.000000000000000000e+00 0.000000000000000000e+00
9.486200000000000045e+02 5.900000000000000000e+01 3.500000000000000000e+01 1.000000000000000000e+00 0.000000000000000000e+00
9.512599999999999909e+02 5.500000000000000000e+01 2.600000000000000000e+01 0.000000000000000000e+00 0.000000000000000000e+00
9.513700000000000045e+02 5.900000000000000000e+01 3.800000000000000000e+01 1.000000000000000000e+00 0.000000000000000000e+00
9.516399999999999864e+02 5.500000000000000000e+01 3.100000000000000000e+01 1.000000000000000000e+00 0.000000000000000000e+00
9.529900000000000091e+02 5.300000000000000000e+01 2.700000000000000000e+01 0.000000000000000000e+00 0.000000000000000000e+00
9.530900000000000318e+02 5.400000000000000000e+01 2.600000000000000000e+01 0.000000000000000000e+00 0.000000000000000000e+00
9.533899999999999864e+02 6.100000000000000000e+01 3.300000000000000000e+01 1.000000000000000000e+00 0.000000000000000000e+00
9.533999999999999773e+02 6.100000000000000000e+01 3.300000000000000000e+01 1.000000000000000000e+00 0.000000000000000000e+00
9.547400000000000091e+02 5.300000000000000000e+01 3.300000000000000000e+01 1.000000000000000000e+00 0.000000000000000000e+00
9.557000000000000455e+02 5.400000000000000000e+01 3.600000000000000000e+01 1.000000000000000000e+00 0.000000000000000000e+00
9.562300000000000182e+02 5.800000000000000000e+01 3.500000000000000000e+01 1.000000000000000000e+00 0.000000000000000000e+00
9.562400000000000091e+02 5.800000000000000000e+01 3.500000000000000000e+01 1.000000000000000000e+00 0.000000000000000000e+00
9.562500000000000000e+02 5.800000000000000000e+01 3.500000000000000000e+01 1.000000000000000000e+00 0.000000000000000000e+00
9.584600000000000364e+02 4.900000000000000000e+01 4.200000000000000000e+01 1.000000000000000000e+00 0.000000000000000000e+00
9.584700000000000273e+02 4.900000000000000000e+01 4.200000000000000000e+01 1.000000000000000000e+00 0.000000000000000000e+00
9.589700000000000273e+02 5.700000000000000000e+01 2.600000000000000000e+01 0.000000000000000000e+00 0.000000000000000000e+00
9.598500000000000227e+02 5.400000000000000000e+01 3.000000000000000000e+01 0.000000000000000000e+00 0.000000000000000000e+00
9.608200000000000500e+02 6.000000000000000000e+01 3.200000000000000000e+01 1.000000000000000000e+00 0.000000000000000000e+00
9.608300000000000409e+02 5.100000000000000000e+01 2.800000000000000000e+01 0.000000000000000000e+00 0.000000000000000000e+00
9.638400000000000318e+02 5.500000000000000000e+01 3.600000000000000000e+01 1.000000000000000000e+00 0.000000000000000000e+00
9.649099999999999682e+02 5.900000000000000000e+01 2.700000000000000000e+01 0.000000000000000000e+00 0.000000000000000000e+00
9.672899999999999636e+02 5.300000000000000000e+01 3.500000000000000000e+01 1.000000000000000000e+00 0.000000000000000000e+00
9.672999999999999545e+02 5.300000000000000000e+01 3.500000000000000000e+01 1.000000000000000000e+00 0.000000000000000000e+00
9.720700000000000500e+02 5.100000000000000000e+01 2.900000000000000000e+01 0.000000000000000000e+00 0.000000000000000000e+00
9.728400000000000318e+02 5.900000000000000000e+01 2.800000000000000000e+01 0.000000000000000000e+00 0.000000000000000000e+00
9.756100000000000136e+02 5.500000000000000000e+01 2.600000000000000000e+01 0.000000000000000000e+00 0.000000000000000000e+00
9.764199999999999591e+02 5.900000000000000000e+01 4.000000000000000000e+01 1.000000000000000000e+00 0.000000000000000000e+00
9.769500000000000455e+02 5.600000000000000000e+01 3.300000000000000000e+01 0.000000000000000000e+00 0.000000000000000000e+00
9.793700000000000045e+02 5.400000000000000000e+01 2.600000000000000000e+01 0.000000000000000000e+00 0.000000000000000000e+00
9.804099999999999682e+02 5.600000000000000000e+01 3.200000000000000000e+01 0.000000000000000000e+00 0.000000000000000000e+00
9.812100000000000364e+02 5.700000000000000000e+01 3.600000000000000000e+01 1.000000000000000000e+00 0.000000000000000000e+00
9.812200000000000273e+02 5.700000000000000000e+01 3.600000000000000000e+01 1.000000000000000000e+00 0.000000000000000000e+00
9.812300000000000182e+02 5.700000000000000000e+01 3.600000000000000000e+01 1.000000000000000000e+00 0.000000000000000000e+00
9.863600000000000136e+02 5.800000000000000000e+01 3.200000000000000000e+01 1.000000000000000000e+00 0.000000000000000000e+00
9.863700000000000045e+02 5.800000000000000000e+01 3.200000000000000000e+01 1.000000000000000000e+00 0.000000000000000000e+00
9.889600000000000364e+02 5.200000000000000000e+01 3.500000000000000000e+01 1.000000000000000000e+00 0.000000000000000000e+00
9.903400000000000318e+02 6.600000000000000000e+01 3.900000000000000000e+01 1.000000000000000000e+00 0.000000000000000000e+00
9.908099999999999454e+02 5.500000000000000000e+01 3.500000000000000000e+01 1.000000000000000000e+00 0.000000000000000000e+00
9.916399999999999864e+02 5.700000000000000000e+01 3.000000000000000000e+01 1.000000000000000000e+00 0.000000000000000000e+00
9.917200000000000273e+02 5.700000000000000000e+01 2.600000000000000000e+01 0.000000000000000000e+00 0.000000000000000000e+00
9.921499999999999773e+02 5.100000000000000000e+01 3.300000000000000000e+01 1.000000000000000000e+00 0.000000000000000000e+00
9.947400000000000091e+02 5.900000000000000000e+01 3.100000000000000000e+01 1.000000000000000000e+00 0.000000000000000000e+00
9.975099999999999909e+02 6.600000000000000000e+01 4.000000000000000000e+01 1.000000000000000000e+00 0.000000000000000000e+00
9.981900000000000546e+02 5.200000000000000000e+01 2.700000000000000000e+01 0.000000000000000000e+00 0.000000000000000000e+00
9.982699999999999818e+02 5.100000000000000000e+01 2.900000000000000000e+01 0.000000000000000000e+00 0.000000000000000000e+00
