1.000000000000000000e+00 2.700000000000000000e+01 3.800000000000000000e+01 1.000000000000000000e+00 1.000000000000000000e+00
4.000000000000000000e+00 3.200000000000000000e+01 2.500000000000000000e+01 1.000000000000000000e+00 1.000000000000000000e+00
9.000000000000000000e+00 2.700000000000000000e+01 4.100000000000000000e+01 1.000000000000000000e+00 1.000000000000000000e+00
1.000000000000000000e+01 3.200000000000000000e+01 1.900000000000000000e+01 1.000000000000000000e+00 1.000000000000000000e+00
1.300000000000000000e+01 3.200000000000000000e+01 5.000000000000000000e+00 1.000000000000000000e+00 1.000000000000000000e+00
2.100000000000000000e+01 2.400000000000000000e+01 3.800000000000000000e+01 1.000000000000000000e+00 1.000000000000000000e+00
2.300000000000000000e+01 2.400000000000000000e+01 3.800000000000000000e+01 1.000000000000000000e+00 1.000000000000000000e+00
2.500000000000000000e+01 3.200000000000000000e+01 3.600000000000000000e+01 1.000000000000000000e+00 1.000000000000000000e+00
2.700000000000000000e+01 2.700000000000000000e+01 4.400000000000000000e+01 1.000000000000000000e+00 1.000000000000000000e+00
2.900000000000000000e+01 3.200000000000000000e+01 2.200000000000000000e+01 1.000000000000000000e+00 1.000000000000000000e+00
3.800000000000000000e+01 2.700000000000000000e+01 3.600000000000000000e+01 1.000000000000000000e+00 1.000000000000000000e+00
3.900000000000000000e+01 3.300000000000000000e+01 4.700000000000000000e+01 1.000000000000000000e+00 1.000000000000000000e+00
5.400000000000000000e+01 2.700000000000000000e+01 3.700000000000000000e+01 1.000000000000000000e+00 1.000000000000000000e+00
5.400000000000000000e+01 2.800000000000000000e+01 4.500000000000000000e+01 1.000000000000000000e+00 1.000000000000000000e+00
5.500000000000000000e+01 2.800000000000000000e+01 4.500000000000000000e+01 1.000000000000000000e+00 1.000000000000000000e+00
6.000000000000000000e+01 3.200000000000000000e+01 1.200000000000000000e+01 1.000000000000000000e+00 1.000000000000000000e+00
6.900000000000000000e+01 3.200000000000000000e+01 3.200000000000000000e+01 1.000000000000000000e+00 1.000000000000000000e+00
7.300000000000000000e+01 3.200000000000000000e+01 7.000000000000000000e+00 1.000000000000000000e+00 1.000000000000000000e+00
8.300000000000000000e+01 3.300000000000000000e+01 3.500000000000000000e+01 0.000000000000000000e+00 1.000000000000000000e+00
8.400000000000000000e+01 3.200000000000000000e+01 1.300000000000000000e+01 1.000000000000000000e+00 1.000000000000000000e+00
8.500000000000000000e+01 3.200000000000000000e+01 1.500000000000000000e+01 1.000000000000000000e+00 1.000000000000000000e+00
9.800000000000000000e+01 3.400000000000000000e+01 3.600000000000000000e+01 0.000000000000000000e+00 1.000000000000000000e+00
1.100000000000000000e+02 3.200000000000000000e+01 3.000000000000000000e+00 1.000000000000000000e+00 1.000000000000000000e+00
1.110000000000000000e+02 3.400000000000000000e+01 3.200000000000000000e+01 0.000000000000000000e+00 1.000000000000000000e+00
1.270000000000000000e+02 3.900000000000000000e+01 3.900000000000000000e+01 0.000000000000000000e+00 1.000000000000000000e+00
1.280000000000000000e+02 3.300000000000000000e+01 3.900000000000000000e+01 1.000000000000000000e+00 1.000000000000000000e+00
1.290000000000000000e+02 3.100000000000000000e+01 4.600000000000000000e+01 1.000000000000000000e+00 1.000000000000000000e+00
1.290000000000000000e+02 3.200000000000000000e+01 2.000000000000000000e+01 1.000000000000000000e+00 1.000000000000000000e+00
1.290000000000000000e+02 2.900000000000000000e+01 4.500000000000000000e+01 1.000000000000000000e+00 1.000000000000000000e+00
1.340000000000000000e+02 2.900000000000000000e+01 4.500000000000000000e+01 1.000000000000000000e+00 1.000000000000000000e+00
1.540000000000000000e+02 3.100000000000000000e+01 6.000000000000000000e+00 1.000000000000000000e+00 1.000000000000000000e+00
1.570000000000000000e+02 3.200000000000000000e+01 1.600000000000000000e+01 1.000000000000000000e+00 1.000000000000000000e+00
1.610000000000000000e+02 3.200000000000000000e+01 2.400000000000000000e+01 1.000000000000000000e+00 1.000000000000000000e+00
1.660000000000000000e+02 3.200000000000000000e+01 4.100000000000000000e+01 0.000000000000000000e+00 1.000000000000000000e+00
1.940000000000000000e+02 3.800000000000000000e+01 3.600000000000000000e+01 0.000000000000000000e+00 1.000000000000000000e+00
1.980000000000000000e+02 3.100000000000000000e+01 3.300000000000000000e+01 1.000000000000000000e+00 1.000000000000000000e+00
2.040000000000000000e+02 3.400000000000000000e+01 3.300000000000000000e+01 0.000000000000000000e+00 1.000000000000000000e+00
2.040000000000000000e+02 2.700000000000000000e+01 4.300000000000000000e+01 1.000000000000000000e+00 1.000000000000000000e+00
2.150000000000000000e+02 2.700000000000000000e+01 4.300000000000000000e+01 1.000000000000000000e+00 1.000000000000000000e+00
2.210000000000000000e+02 3.200000000000000000e+01 1.400000000000000000e+01 1.000000000000000000e+00 1.000000000000000000e+00
2.220000000000000000e+02 3.500000000000000000e+01 3.300000000000000000e+01 0.000000000000000000e+00 1.000000000000000000e+00
2.240000000000000000e+02 3.400000000000000000e+01 4.100000000000000000e+01 0.000000000000000000e+00 1.000000000000000000e+00
2.250000000000000000e+02 3.300000000000000000e+01 2.200000000000000000e+01 0.000000000000000000e+00 1.000000000000000000e+00
2.290000000000000000e+02 3.900000000000000000e+01 3.700000000000000000e+01 0.000000000000000000e+00 1.000000000000000000e+00
2.330000000000000000e+02 3.200000000000000000e+01 1.000000000000000000e+01 1.000000000000000000e+00 1.000000000000000000e+00
2.680000000000000000e+02 3.600000000000000000e+01 3.400000000000000000e+01 0.000000000000000000e+00 1.000000000000000000e+00
2.850000000000000000e+02 3.200000000000000000e+01 9.000000000000000000e+00 1.000000000000000000e+00 1.000000000000000000e+00
2.870000000000000000e+02 3.200000000000000000e+01 2.100000000000000000e+01 1.000000000000000000e+00 1.000000000000000000e+00
2.870000000000000000e+02 2.600000000000000000e+01 3.800000000000000000e+01 1.000000000000000000e+00 1.000000000000000000e+00
2.870000000000000000e+02 3.600000000000000000e+01 4.100000000000000000e+01 1.000000000000000000e+00 1.000000000000000000e+00
2.880000000000000000e+02 2.600000000000000000e+01 3.800000000000000000e+01 1.000000000000000000e+00 1.000000000000000000e+00
2.890000000000000000e+02 3.200000000000000000e+01 0.000000000000000000e+00 1.000000000000000000e+00 1.000000000000000000e+00
3.100000000000000000e+02 3.200000000000000000e+01 1.100000000000000000e+01 1.000000000000000000e+00 1.000000000000000000e+00
3.130000000000000000e+02 3.300000000000000000e+01 3.000000000000000000e+01 0.000000000000000000e+00 1.000000000000000000e+00
3.130000000000000000e+02 4.000000000000000000e+01 4.000000000000000000e+01 0.000000000000000000e+00 1.000000000000000000e+00
3.130000000000000000e+02 3.000000000000000000e+01 4.600000000000000000e+01 1.000000000000000000e+00 1.000000000000000000e+00
3.400000000000000000e+02 2.600000000000000000e+01 3.900000000000000000e+01 1.000000000000000000e+00 1.000000000000000000e+00
3.680000000000000000e+02 3.700000000000000000e+01 3.400000000000000000e+01 0.000000000000000000e+00 1.000000000000000000e+00
3.730000000000000000e+02 3.000000000000000000e+01 3.900000000000000000e+01 0.000000000000000000e+00 1.000000000000000000e+00
3.760000000000000000e+02 3.200000000000000000e+01 2.000000000000000000e+00 1.000000000000000000e+00 1.000000000000000000e+00
3.820000000000000000e+02 3.600000000000000000e+01 4.300000000000000000e+01 0.000000000000000000e+00 1.000000000000000000e+00
3.920000000000000000e+02 3.900000000000000000e+01 3.600000000000000000e+01 0.000000000000000000e+00 1.000000000000000000e+00
3.920000000000000000e+02 2.700000000000000000e+01 3.900000000000000000e+01 1.000000000000000000e+00 1.000000000000000000e+00
3.950000000000000000e+02 2.700000000000000000e+01 3.900000000000000000e+01 1.000000000000000000e+00 1.000000000000000000e+00
3.960000000000000000e+02 3.400000000000000000e+01 4.700000000000000000e+01 1.000000000000000000e+00 1.000000000000000000e+00
4.040000000000000000e+02 2.700000000000000000e+01 4.200000000000000000e+01 1.000000000000000000e+00 1.000000000000000000e+00
4.050000000000000000e+02 2.800000000000000000e+01 3.500000000000000000e+01 1.000000000000000000e+00 1.000000000000000000e+00
4.210000000000000000e+02 3.600000000000000000e+01 4.600000000000000000e+01 1.000000000000000000e+00 1.000000000000000000e+00
4.230000000000000000e+02 2.700000000000000000e+01 3.700000000000000000e+01 1.000000000000000000e+00 1.000000000000000000e+00
4.370000000000000000e+02 3.300000000000000000e+01 2.300000000000000000e+01 0.000000000000000000e+00 1.000000000000000000e+00
4.400000000000000000e+02 2.800000000000000000e+01 4.400000000000000000e+01 1.000000000000000000e+00 1.000000000000000000e+00
4.420000000000000000e+02 2.700000000000000000e+01 3.500000000000000000e+01 1.000000000000000000e+00 1.000000000000000000e+00
4.480000000000000000e+02 3.600000000000000000e+01 3.900000000000000000e+01 1.000000000000000000e+00 1.000000000000000000e+00
4.490000000000000000e+02 2.800000000000000000e+01 3.700000000000000000e+01 1.000000000000000000e+00 1.000000000000000000e+00
4.510000000000000000e+02 2.900000000000000000e+01 4.400000000000000000e+01 1.000000000000000000e+00 1.000000000000000000e+00
4.690000000000000000e+02 3.200000000000000000e+01 4.000000000000000000e+01 0.000000000000000000e+00 1.000000000000000000e+00
4.710000000000000000e+02 3.300000000000000000e+01 1.600000000000000000e+01 0.000000000000000000e+00 1.000000000000000000e+00
4.730000000000000000e+02 2.200000000000000000e+01 4.500000000000000000e+01 1.000000000000000000e+00 1.000000000000000000e+00
4.740000000000000000e+02 4.000000000000000000e+01 4.100000000000000000e+01 0.000000000000000000e+00 1.000000000000000000e+00
4.820000000000000000e+02 3.300000000000000000e+01 4.000000000000000000e+01 0.000000000000000000e+00 1.000000000000000000e+00
5.040000000000000000e+02 3.000000000000000000e+01 4.700000000000000000e+01 1.000000000000000000e+00 1.000000000000000000e+00
5.190000000000000000e+02 3.200000000000000000e+01 2.800000000000000000e+01 1.000000000000000000e+00 1.000000000000000000e+00
5.230000000000000000e+02 2.800000000000000000e+01 3.100000000000000000e+01 1.000000000000000000e+00 1.000000000000000000e+00
5.250000000000000000e+02 2.600000000000000000e+01 4.100000000000000000e+01 1.000000000000000000e+00 1.000000000000000000e+00
5.350000000000000000e+02 2.600000000000000000e+01 4.100000000000000000e+01 1.000000000000000000e+00 1.000000000000000000e+00
5.380000000000000000e+02 3.500000000000000000e+01 3.300000000000000000e+01 0.000000000000000000e+00 1.000000000000000000e+00
5.450000000000000000e+02 2.900000000000000000e+01 4.200000000000000000e+01 1.000000000000000000e+00 1.000000000000000000e+00
5.490000000000000000e+02 2.900000000000000000e+01 4.500000000000000000e+01 1.000000000000000000e+00 1.000000000000000000e+00
5.500000000000000000e+02 2.900000000000000000e+01 3.400000000000000000e+01 1.000000000000000000e+00 1.000000000000000000e+00
5.500000000000000000e+02 3.000000000000000000e+01 4.500000000000000000e+01 1.000000000000000000e+00 1.000000000000000000e+00
5.870000000000000000e+02 3.000000000000000000e+01 4.500000000000000000e+01 1.000000000000000000e+00 1.000000000000000000e+00
6.080000000000000000e+02 3.000000000000000000e+01 4.400000000000000000e+01 1.000000000000000000e+00 1.000000000000000000e+00
6.080000000000000000e+02 2.700000000000000000e+01 4.300000000000000000e+01 1.000000000000000000e+00 1.000000000000000000e+00
6.090000000000000000e+02 2.700000000000000000e+01 4.300000000000000000e+01 1.000000000000000000e+00 1.000000000000000000e+00
6.260000000000000000e+02 3.500000000000000000e+01 3.800000000000000000e+01 1.000000000000000000e+00 1.000000000000000000e+00
6.270000000000000000e+02 2.700000000000000000e+01 4.000000000000000000e+01 1.000000000000000000e+00 1.000000000000000000e+00
6.310000000000000000e+02 3.100000000000000000e+01 2.700000000000000000e+01 1.000000000000000000e+00 1.000000000000000000e+00
6.370000000000000000e+02 3.700000000000000000e+01 3.500000000000000000e+01 0.000000000000000000e+00 1.000000000000000000e+00
6.530000000000000000e+02 2.700000000000000000e+01 3.800000000000000000e+01 1.000000000000000000e+00 1.000000000000000000e+00
6.640000000000000000e+02 3.100000000000000000e+01 2.400000000000000000e+01 1.000000000000000000e+00 1.000000000000000000e+00
6.850000000000000000e+02 3.200000000000000000e+01 1.000000000000000000e+00 1.000000000000000000e+00 1.000000000000000000e+00
6.960000000000000000e+02 2.200000000000000000e+01 4.300000000000000000e+01 1.000000000000000000e+00 1.000000000000000000e+00
7.090000000000000000e+02 4.000000000000000000e+00 2.700000000000000000e+01 1.000000000000000000e+00 1.000000000000000000e+00
7.180000000000000000e+02 3.800000000000000000e+01 3.500000000000000000e+01 0.000000000000000000e+00 1.000000000000000000e+00
7.190000000000000000e+02 3.500000000000000000e+01 4.600000000000000000e+01 1.000000000000000000e+00 1.000000000000000000e+00
7.210000000000000000e+02 3.900000000000000000e+01 3.800000000000000000e+01 0.000000000000000000e+00 1.000000000000000000e+00
7.370000000000000000e+02 3.900000000000000000e+01 3.600000000000000000e+01 0.000000000000000000e+00 1.000000000000000000e+00
7.370000000000000000e+02 3.500000000000000000e+01 3.500000000000000000e+01 0.000000000000000000e+00 1.000000000000000000e+00
7.570000000000000000e+02 3.200000000000000000e+01 2.900000000000000000e+01 1.000000000000000000e+00 1.000000000000000000e+00
7.930000000000000000e+02 3.300000000000000000e+01 2.400000000000000000e+01 0.000000000000000000e+00 1.000000000000000000e+00
8.030000000000000000e+02 3.700000000000000000e+01 3.400000000000000000e+01 0.000000000000000000e+00 1.000000000000000000e+00
8.560000000000000000e+02 2.700000000000000000e+01 4.100000000000000000e+01 1.000000000000000000e+00 1.000000000000000000e+00
8.590000000000000000e+02 2.700000000000000000e+01 4.100000000000000000e+01 1.000000000000000000e+00 1.000000000000000000e+00
8.710000000000000000e+02 3.100000000000000000e+01 3.900000000000000000e+01 0.000000000000000000e+00 1.000000000000000000e+00
8.740000000000000000e+02 3.100000000000000000e+01 4.000000000000000000e+01 0.000000000000000000e+00 1.000000000000000000e+00
8.950000000000000000e+02 3.400000000000000000e+01 3.200000000000000000e+01 0.000000000000000000e+00 1.000000000000000000e+00
9.070000000000000000e+02 2.700000000000000000e+01 3.900000000000000000e+01 1.000000000000000000e+00 1.000000000000000000e+00
9.080000000000000000e+02 4.000000000000000000e+01 3.900000000000000000e+01 0.000000000000000000e+00 1.000000000000000000e+00
9.130000000000000000e+02 3.200000000000000000e+01 4.600000000000000000e+01 1.000000000000000000e+00 1.000000000000000000e+00
9.150000000000000000e+02 3.400000000000000000e+01 4.300000000000000000e+01 1.000000000000000000e+00 1.000000000000000000e+00
9.280000000000000000e+02 2.800000000000000000e+01 4.500000000000000000e+01 1.000000000000000000e+00 1.000000000000000000e+00
9.500000000000000000e+02 3.500000000000000000e+01 3.400000000000000000e+01 0.000000000000000000e+00 1.000000000000000000e+00
9.550000000000000000e+02 3.200000000000000000e+01 3.900000000000000000e+01 0.000000000000000000e+00 1.000000000000000000e+00
9.560000000000000000e+02 2.800000000000000000e+01 4.400000000000000000e+01 1.000000000000000000e+00 1.000000000000000000e+00
9.560000000000000000e+02 3.100000000000000000e+01 4.600000000000000000e+01 1.000000000000000000e+00 1.000000000000000000e+00
9.620000000000000000e+02 3.100000000000000000e+01 4.600000000000000000e+01 1.000000000000000000e+00 1.000000000000000000e+00
9.630000000000000000e+02 3.200000000000000000e+01 4.700000000000000000e+01 1.000000000000000000e+00 1.000000000000000000e+00
9.750000000000000000e+02 2.900000000000000000e+01 2.000000000000000000e+00 1.000000000000000000e+00 1.000000000000000000e+00
9.800000000000000000e+02 2.200000000000000000e+01 2.200000000000000000e+01 1.000000000000000000e+00 1.000000000000000000e+00
9.880000000000000000e+02 2.800000000000000000e+01 4.300000000000000000e+01 1.000000000000000000e+00 1.000000000000000000e+00
9.890000000000000000e+02 2.100000000000000000e+01 4.000000000000000000e+01 1.000000000000000000e+00 1.000000000000000000e+00
