1.979999999999999982e+00 5.400000000000000000e+01 2.600000000000000000e+01 0.000000000000000000e+00 0.000000000000000000e+00
3.629999999999999893e+00 5.600000000000000000e+01 3.600000000000000000e+01 1.000000000000000000e+00 0.000000000000000000e+00
1.022000000000000064e+01 5.600000000000000000e+01 3.200000000000000000e+01 0.000000000000000000e+00 0.000000000000000000e+00
1.034999999999999964e+01 6.600000000000000000e+01 3.800000000000000000e+01 1.000000000000000000e+00 0.000000000000000000e+00
1.224000000000000021e+01 5.800000000000000000e+01 2.600000000000000000e+01 0.000000000000000000e+00 0.000000000000000000e+00
1.823000000000000043e+01 5.200000000000000000e+01 3.400000000000000000e+01 1.000000000000000000e+00 0.000000000000000000e+00
1.885999999999999943e+01 5.100000000000000000e+01 3.200000000000000000e+01 1.000000000000000000e+00 0.000000000000000000e+00
1.951000000000000156e+01 5.500000000000000000e+01 3.600000000000000000e+01 1.000000000000000000e+00 0.000000000000000000e+00
1.955000000000000071e+01 5.700000000000000000e+01 3.500000000000000000e+01 1.000000000000000000e+00 0.000000000000000000e+00
2.076999999999999957e+01 5.200000000000000000e+01 2.700000000000000000e+01 0.000000000000000000e+00 0.000000000000000000e+00
2.317999999999999972e+01 5.400000000000000000e+01 3.100000000000000000e+01 0.000000000000000000e+00 0.000000000000000000e+00
2.376999999999999957e+01 5.300000000000000000e+01 3.500000000000000000e+01 1.000000000000000000e+00 0.000000000000000000e+00
2.519000000000000128e+01 5.900000000000000000e+01 2.700000000000000000e+01 0.000000000000000000e+00 0.000000000000000000e+00
2.587999999999999901e+01 5.400000000000000000e+01 2.700000000000000000e+01 0.000000000000000000e+00 0.000000000000000000e+00
2.721999999999999886e+01 5.800000000000000000e+01 3.300000000000000000e+01 0.000000000000000000e+00 0.000000000000000000e+00
3.396999999999999886e+01 5.500000000000000000e+01 3.100000000000000000e+01 0.000000000000000000e+00 0.000000000000000000e+00
3.434000000000000341e+01 5.900000000000000000e+01 3.300000000000000000e+01 1.000000000000000000e+00 0.000000000000000000e+00
3.435000000000000142e+01 5.900000000000000000e+01 3.300000000000000000e+01 1.000000000000000000e+00 0.000000000000000000e+00
3.496999999999999886e+01 5.100000000000000000e+01 2.800000000000000000e+01 0.000000000000000000e+00 0.000000000000000000e+00
3.606000000000000227e+01 5.800000000000000000e+01 3.500000000000000000e+01 1.000000000000000000e+00 0.000000000000000000e+00
4.002000000000000313e+01 6.000000000000000000e+01 2.800000000000000000e+01 0.000000000000000000e+00 0.000000000000000000e+00
4.028999999999999915e+01 6.000000000000000000e+01 3.400000000000000000e+01 1.000000000000000000e+00 0.000000000000000000e+00
4.084000000000000341e+01 5.600000000000000000e+01 1.800000000000000000e+01 1.000000000000000000e+00 0.000000000000000000e+00
4.085000000000000142e+01 5.200000000000000000e+01 3.400000000000000000e+01 1.000000000000000000e+00 0.000000000000000000e+00
4.089000000000000057e+01 5.200000000000000000e+01 2.700000000000000000e+01 0.000000000000000000e+00 0.000000000000000000e+00
4.192999999999999972e+01 5.400000000000000000e+01 3.100000000000000000e+01 0.000000000000000000e+00 0.000000000000000000e+00
4.317000000000000171e+01 5.600000000000000000e+01 2.200000000000000000e+01 1.000000000000000000e+00 0.000000000000000000e+00
4.409000000000000341e+01 5.900000000000000000e+01 3.500000000000000000e+01 1.000000000000000000e+00 0.000000000000000000e+00
4.460000000000000142e+01 5.600000000000000000e+01 3.400000000000000000e+01 1.000000000000000000e+00 0.000000000000000000e+00
4.971000000000000085e+01 5.700000000000000000e+01 3.000000000000000000e+01 1.000000000000000000e+00 0.000000000000000000e+00
4.971999999999999886e+01 5.700000000000000000e+01 3.000000000000000000e+01 1.000000000000000000e+00 0.000000000000000000e+00
4.972999999999999687e+01 5.700000000000000000e+01 3.000000000000000000e+01 1.000000000000000000e+00 0.000000000000000000e+00
5.277000000000000313e+01 5.400000000000000000e+01 3.600000000000000000e+01 1.000000000000000000e+00 0.000000000000000000e+00
5.310999999999999943e+01 5.700000000000000000e+01 3.400000000000000000e+01 1.000000000000000000e+00 0.000000000000000000e+00
5.592000000000000171e+01 5.300000000000000000e+01 2.700000000000000000e+01 0.000000000000000000e+00 0.000000000000000000e+00
5.784000000000000341e+01 5.300000000000000000e+01 3.200000000000000000e+01 1.000000000000000000e+00 0.000000000000000000e+00
6.115999999999999659e+01 5.300000000000000000e+01 2.600000000000000000e+01 0.000000000000000000e+00 0.000000000000000000e+00
6.399000000000000199e+01 5.600000000000000000e+01 3.500000000000000000e+01 1.000000000000000000e+00 0.000000000000000000e+00
6.400000000000000000e+01 5.600000000000000000e+01 3.500000000000000000e+01 1.000000000000000000e+00 0.000000000000000000e+00
6.415000000000000568e+01 5.100000000000000000e+01 3.300000000000000000e+01 1.000000000000000000e+00 0.000000000000000000e+00
6.539000000000000057e+01 5.100000000000000000e+01 2.900000000000000000e+01 0.000000000000000000e+00 0.000000000000000000e+00
6.926000000000000512e+01 6.100000000000000000e+01 3.200000000000000000e+01 1.000000000000000000e+00 0.000000000000000000e+00
7.056000000000000227e+01 5.400000000000000000e+01 3.700000000000000000e+01 1.000000000000000000e+00 0.000000000000000000e+00
7.056999999999999318e+01 5.400000000000000000e+01 3.700000000000000000e+01 1.000000000000000000e+00 0.000000000000000000e+00
7.428000000000000114e+01 5.100000000000000000e+01 2.800000000000000000e+01 0.000000000000000000e+00 0.000000000000000000e+00
7.706000000000000227e+01 5.200000000000000000e+01 2.700000000000000000e+01 0.000000000000000000e+00 0.000000000000000000e+00
7.776000000000000512e+01 5.300000000000000000e+01 3.400000000000000000e+01 1.000000000000000000e+00 0.000000000000000000e+00
7.781000000000000227e+01 5.100000000000000000e+01 3.400000000000000000e+01 1.000000000000000000e+00 0.000000000000000000e+00
8.031999999999999318e+01 5.300000000000000000e+01 2.600000000000000000e+01 0.000000000000000000e+00 0.000000000000000000e+00
8.137999999999999545e+01 5.500000000000000000e+01 2.700000000000000000e+01 0.000000000000000000e+00 0.000000000000000000e+00
8.198000000000000398e+01 5.600000000000000000e+01 3.100000000000000000e+01 1.000000000000000000e+00 0.000000000000000000e+00
8.240999999999999659e+01 5.500000000000000000e+01 3.100000000000000000e+01 0.000000000000000000e+00 0.000000000000000000e+00
8.515000000000000568e+01 5.200000000000000000e+01 3.400000000000000000e+01 1.000000000000000000e+00 0.000000000000000000e+00
8.640999999999999659e+01 5.500000000000000000e+01 4.500000000000000000e+01 1.000000000000000000e+00 0.000000000000000000e+00
8.798000000000000398e+01 5.400000000000000000e+01 3.500000000000000000e+01 1.000000000000000000e+00 0.000000000000000000e+00
8.837999999999999545e+01 5.600000000000000000e+01 3.600000000000000000e+01 1.000000000000000000e+00 0.000000000000000000e+00
9.332999999999999829e+01 5.700000000000000000e+01 3.600000000000000000e+01 1.000000000000000000e+00 0.000000000000000000e+00
9.498999999999999488e+01 5.300000000000000000e+01 2.600000000000000000e+01 0.000000000000000000e+00 0.000000000000000000e+00
9.945999999999999375e+01 5.500000000000000000e+01 3.500000000000000000e+01 1.000000000000000000e+00 0.000000000000000000e+00
9.946999999999999886e+01 5.500000000000000000e+01 3.500000000000000000e+01 1.000000000000000000e+00 0.000000000000000000e+00
9.948000000000000398e+01 5.500000000000000000e+01 3.500000000000000000e+01 1.000000000000000000e+00 0.000000000000000000e+00
1.009200000000000017e+02 5.500000000000000000e+01 3.000000000000000000e+01 1.000000000000000000e+00 0.000000000000000000e+00
1.015999999999999943e+02 5.700000000000000000e+01 2.500000000000000000e+01 0.000000000000000000e+00 0.000000000000000000e+00
1.038499999999999943e+02 5.300000000000000000e+01 3.500000000000000000e+01 1.000000000000000000e+00 0.000000000000000000e+00
1.048400000000000034e+02 5.600000000000000000e+01 2.600000000000000000e+01 0.000000000000000000e+00 0.000000000000000000e+00
1.057800000000000011e+02 5.500000000000000000e+01 2.500000000000000000e+01 0.000000000000000000e+00 0.000000000000000000e+00
1.084200000000000017e+02 5.100000000000000000e+01 2.800000000000000000e+01 0.000000000000000000e+00 0.000000000000000000e+00
1.099099999999999966e+02 6.000000000000000000e+01 3.300000000000000000e+01 1.000000000000000000e+00 0.000000000000000000e+00
1.103599999999999994e+02 5.300000000000000000e+01 3.100000000000000000e+01 1.000000000000000000e+00 0.000000000000000000e+00
1.103700000000000045e+02 5.300000000000000000e+01 3.100000000000000000e+01 1.000000000000000000e+00 0.000000000000000000e+00
1.112300000000000040e+02 5.300000000000000000e+01 3.000000000000000000e+01 1.000000000000000000e+00 0.000000000000000000e+00
1.127600000000000051e+02 5.400000000000000000e+01 3.000000000000000000e+01 1.000000000000000000e+00 0.000000000000000000e+00
1.162099999999999937e+02 5.600000000000000000e+01 3.000000000000000000e+00 0.000000000000000000e+00 0.000000000000000000e+00
1.166200000000000045e+02 5.800000000000000000e+01 2.600000000000000000e+01 0.000000000000000000e+00 0.000000000000000000e+00
1.180100000000000051e+02 5.600000000000000000e+01 2.400000000000000000e+01 0.000000000000000000e+00 0.000000000000000000e+00
1.200999999999999943e+02 5.900000000000000000e+01 2.700000000000000000e+01 0.000000000000000000e+00 0.000000000000000000e+00
1.203900000000000006e+02 5.100000000000000000e+01 3.200000000000000000e+01 1.000000000000000000e+00 0.000000000000000000e+00
1.204000000000000057e+02 5.600000000000000000e+01 7.000000000000000000e+00 0.000000000000000000e+00 0.000000000000000000e+00
1.205999999999999943e+02 5.600000000000000000e+01 2.100000000000000000e+01 1.000000000000000000e+00 0.000000000000000000e+00
1.228700000000000045e+02 5.400000000000000000e+01 3.400000000000000000e+01 1.000000000000000000e+00 0.000000000000000000e+00
1.229800000000000040e+02 5.900000000000000000e+01 3.400000000000000000e+01 1.000000000000000000e+00 0.000000000000000000e+00
1.256099999999999994e+02 5.700000000000000000e+01 2.500000000000000000e+01 0.000000000000000000e+00 0.000000000000000000e+00
1.269000000000000057e+02 5.200000000000000000e+01 3.300000000000000000e+01 1.000000000000000000e+00 0.000000000000000000e+00
1.272099999999999937e+02 5.200000000000000000e+01 3.400000000000000000e+01 1.000000000000000000e+00 0.000000000000000000e+00
1.277199999999999989e+02 5.500000000000000000e+01 2.500000000000000000e+01 0.000000000000000000e+00 0.000000000000000000e+00
1.285800000000000125e+02 5.700000000000000000e+01 3.100000000000000000e+01 1.000000000000000000e+00 0.000000000000000000e+00
1.301500000000000057e+02 5.500000000000000000e+01 3.300000000000000000e+01 1.000000000000000000e+00 0.000000000000000000e+00
1.336999999999999886e+02 5.400000000000000000e+01 3.500000000000000000e+01 1.000000000000000000e+00 0.000000000000000000e+00
1.349799999999999898e+02 5.400000000000000000e+01 2.500000000000000000e+01 0.000000000000000000e+00 0.000000000000000000e+00
1.375099999999999909e+02 5.100000000000000000e+01 2.800000000000000000e+01 0.000000000000000000e+00 0.000000000000000000e+00
1.389600000000000080e+02 5.600000000000000000e+01 2.100000000000000000e+01 0.000000000000000000e+00 0.000000000000000000e+00
1.391200000000000045e+02 5.100000000000000000e+01 3.200000000000000000e+01 1.000000000000000000e+00 0.000000000000000000e+00
1.393700000000000045e+02 5.200000000000000000e+01 2.700000000000000000e+01 0.000000000000000000e+00 0.000000000000000000e+00
1.401200000000000045e+02 5.200000000000000000e+01 3.200000000000000000e+01 1.000000000000000000e+00 0.000000000000000000e+00
1.407500000000000000e+02 5.300000000000000000e+01 2.600000000000000000e+01 0.000000000000000000e+00 0.000000000000000000e+00
1.412100000000000080e+02 5.500000000000000000e+01 3.100000000000000000e+01 0.000000000000000000e+00 0.000000000000000000e+00
1.418300000000000125e+02 5.300000000000000000e+01 4.800000000000000000e+01 1.000000000000000000e+00 0.000000000000000000e+00
1.431899999999999977e+02 5.500000000000000000e+01 2.500000000000000000e+01 0.000000000000000000e+00 0.000000000000000000e+00
1.432199999999999989e+02 5.800000000000000000e+01 3.000000000000000000e+01 1.000000000000000000e+00 0.000000000000000000e+00
1.432299999999999898e+02 5.800000000000000000e+01 3.000000000000000000e+01 1.000000000000000000e+00 0.000000000000000000e+00
1.432400000000000091e+02 5.800000000000000000e+01 3.000000000000000000e+01 1.000000000000000000e+00 0.000000000000000000e+00
1.438400000000000034e+02 5.700000000000000000e+01 2.600000000000000000e+01 0.000000000000000000e+00 0.000000000000000000e+00
1.454300000000000068e+02 5.500000000000000000e+01 3.000000000000000000e+01 1.000000000000000000e+00 0.000000000000000000e+00
1.473700000000000045e+02 5.700000000000000000e+01 2.500000000000000000e+01 0.000000000000000000e+00 0.000000000000000000e+00
1.487500000000000000e+02 5.300000000000000000e+01 2.700000000000000000e+01 0.000000000000000000e+00 0.000000000000000000e+00
1.487700000000000102e+02 5.100000000000000000e+01 3.300000000000000000e+01 1.000000000000000000e+00 0.000000000000000000e+00
1.491999999999999886e+02 5.000000000000000000e+01 3.900000000000000000e+01 1.000000000000000000e+00 0.000000000000000000e+00
1.494499999999999886e+02 6.500000000000000000e+01 4.100000000000000000e+01 1.000000000000000000e+00 0.000000000000000000e+00
1.500300000000000011e+02 5.800000000000000000e+01 3.400000000000000000e+01 1.000000000000000000e+00 0.000000000000000000e+00
1.513700000000000045e+02 5.700000000000000000e+01 3.500000000000000000e+01 1.000000000000000000e+00 0.000000000000000000e+00
1.513799999999999955e+02 5.100000000000000000e+01 2.900000000000000000e+01 0.000000000000000000e+00 0.000000000000000000e+00
1.520900000000000034e+02 5.800000000000000000e+01 3.500000000000000000e+01 1.000000000000000000e+00 0.000000000000000000e+00
1.561699999999999875e+02 5.600000000000000000e+01 3.500000000000000000e+01 1.000000000000000000e+00 0.000000000000000000e+00
1.583799999999999955e+02 5.600000000000000000e+01 3.100000000000000000e+01 0.000000000000000000e+00 0.000000000000000000e+00
1.594900000000000091e+02 5.600000000000000000e+01 3.000000000000000000e+01 1.000000000000000000e+00 0.000000000000000000e+00
1.599300000000000068e+02 5.400000000000000000e+01 2.500000000000000000e+01 0.000000000000000000e+00 0.000000000000000000e+00
1.601399999999999864e+02 5.100000000000000000e+01 3.100000000000000000e+01 1.000000000000000000e+00 0.000000000000000000e+00
1.621699999999999875e+02 5.400000000000000000e+01 2.600000000000000000e+01 0.000000000000000000e+00 0.000000000000000000e+00
1.624600000000000080e+02 5.500000000000000000e+01 3.500000000000000000e+01 1.000000000000000000e+00 0.000000000000000000e+00
1.665800000000000125e+02 5.600000000000000000e+01 2.500000000000000000e+01 0.000000000000000000e+00 0.000000000000000000e+00
1.666500000000000057e+02 5.900000000000000000e+01 2.600000000000000000e+01 0.000000000000000000e+00 0.000000000000000000e+00
1.721899999999999977e+02 5.800000000000000000e+01 3.100000000000000000e+01 1.000000000000000000e+00 0.000000000000000000e+00
1.723400000000000034e+02 2.700000000000000000e+01 1.000000000000000000e+01 0.000000000000000000e+00 0.000000000000000000e+00
1.749000000000000057e+02 5.300000000000000000e+01 3.200000000000000000e+01 1.000000000000000000e+00 0.000000000000000000e+00
1.803499999999999943e+02 5.600000000000000000e+01 2.600000000000000000e+01 0.000000000000000000e+00 0.000000000000000000e+00
1.853400000000000034e+02 6.000000000000000000e+01 2.700000000000000000e+01 0.000000000000000000e+00 0.000000000000000000e+00
1.856899999999999977e+02 5.500000000000000000e+01 2.500000000000000000e+01 0.000000000000000000e+00 0.000000000000000000e+00
1.862800000000000011e+02 5.100000000000000000e+01 2.700000000000000000e+01 0.000000000000000000e+00 0.000000000000000000e+00
1.863700000000000045e+02 5.400000000000000000e+01 2.500000000000000000e+01 0.000000000000000000e+00 0.000000000000000000e+00
1.869000000000000057e+02 5.100000000000000000e+01 2.800000000000000000e+01 0.000000000000000000e+00 0.000000000000000000e+00
1.883899999999999864e+02 5.700000000000000000e+01 2.500000000000000000e+01 0.000000000000000000e+00 0.000000000000000000e+00
1.885200000000000102e+02 5.700000000000000000e+01 3.000000000000000000e+01 0.000000000000000000e+00 0.000000000000000000e+00
1.898700000000000045e+02 5.600000000000000000e+01 3.100000000000000000e+01 0.000000000000000000e+00 0.000000000000000000e+00
1.905000000000000000e+02 5.700000000000000000e+01 2.800000000000000000e+01 0.000000000000000000e+00 0.000000000000000000e+00
1.946699999999999875e+02 5.700000000000000000e+01 3.200000000000000000e+01 0.000000000000000000e+00 0.000000000000000000e+00
1.968499999999999943e+02 5.300000000000000000e+01 3.600000000000000000e+01 1.000000000000000000e+00 0.000000000000000000e+00
2.001599999999999966e+02 5.900000000000000000e+01 2.600000000000000000e+01 0.000000000000000000e+00 0.000000000000000000e+00
2.021699999999999875e+02 6.000000000000000000e+01 3.300000000000000000e+01 1.000000000000000000e+00 0.000000000000000000e+00
2.043400000000000034e+02 5.900000000000000000e+01 3.600000000000000000e+01 1.000000000000000000e+00 0.000000000000000000e+00
2.051699999999999875e+02 5.200000000000000000e+01 2.600000000000000000e+01 0.000000000000000000e+00 0.000000000000000000e+00
2.063199999999999932e+02 5.300000000000000000e+01 3.400000000000000000e+01 1.000000000000000000e+00 0.000000000000000000e+00
2.090699999999999932e+02 5.400000000000000000e+01 3.500000000000000000e+01 1.000000000000000000e+00 0.000000000000000000e+00
2.093100000000000023e+02 5.600000000000000000e+01 4.600000000000000000e+01 1.000000000000000000e+00 0.000000000000000000e+00
2.098799999999999955e+02 5.300000000000000000e+01 2.600000000000000000e+01 0.000000000000000000e+00 0.000000000000000000e+00
2.107400000000000091e+02 5.400000000000000000e+01 3.000000000000000000e+01 0.000000000000000000e+00 0.000000000000000000e+00
2.161299999999999955e+02 5.600000000000000000e+01 3.500000000000000000e+01 1.000000000000000000e+00 0.000000000000000000e+00
2.229600000000000080e+02 5.600000000000000000e+01 3.500000000000000000e+01 1.000000000000000000e+00 0.000000000000000000e+00
2.241100000000000136e+02 6.000000000000000000e+01 3.100000000000000000e+01 1.000000000000000000e+00 0.000000000000000000e+00
2.260800000000000125e+02 5.200000000000000000e+01 3.300000000000000000e+01 1.000000000000000000e+00 0.000000000000000000e+00
2.260900000000000034e+02 5.200000000000000000e+01 3.300000000000000000e+01 1.000000000000000000e+00 0.000000000000000000e+00
2.261599999999999966e+02 5.800000000000000000e+01 2.500000000000000000e+01 0.000000000000000000e+00 0.000000000000000000e+00
2.261800000000000068e+02 5.600000000000000000e+01 3.000000000000000000e+01 1.000000000000000000e+00 0.000000000000000000e+00
2.263300000000000125e+02 5.800000000000000000e+01 3.400000000000000000e+01 1.000000000000000000e+00 0.000000000000000000e+00
2.273199999999999932e+02 5.200000000000000000e+01 4.300000000000000000e+01 1.000000000000000000e+00 0.000000000000000000e+00
2.281699999999999875e+02 5.100000000000000000e+01 3.200000000000000000e+01 1.000000000000000000e+00 0.000000000000000000e+00
2.281800000000000068e+02 5.100000000000000000e+01 3.200000000000000000e+01 1.000000000000000000e+00 0.000000000000000000e+00
2.284300000000000068e+02 6.000000000000000000e+01 2.700000000000000000e+01 0.000000000000000000e+00 0.000000000000000000e+00
2.295399999999999920e+02 5.100000000000000000e+01 3.100000000000000000e+01 1.000000000000000000e+00 0.000000000000000000e+00
2.302199999999999989e+02 5.900000000000000000e+01 3.400000000000000000e+01 1.000000000000000000e+00 0.000000000000000000e+00
2.302299999999999898e+02 5.900000000000000000e+01 3.400000000000000000e+01 1.000000000000000000e+00 0.000000000000000000e+00
2.314699999999999989e+02 5.200000000000000000e+01 2.600000000000000000e+01 0.000000000000000000e+00 0.000000000000000000e+00
2.322899999999999920e+02 5.300000000000000000e+01 2.500000000000000000e+01 0.000000000000000000e+00 0.000000000000000000e+00
2.357299999999999898e+02 5.400000000000000000e+01 2.500000000000000000e+01 0.000000000000000000e+00 0.000000000000000000e+00
2.365399999999999920e+02 5.700000000000000000e+01 2.900000000000000000e+01 1.000000000000000000e+00 0.000000000000000000e+00
2.365600000000000023e+02 5.700000000000000000e+01 2.900000000000000000e+01 1.000000000000000000e+00 0.000000000000000000e+00
2.373300000000000125e+02 5.800000000000000000e+01 3.200000000000000000e+01 0.000000000000000000e+00 0.000000000000000000e+00
2.386299999999999955e+02 5.500000000000000000e+01 3.500000000000000000e+01 1.000000000000000000e+00 0.000000000000000000e+00
2.418199999999999932e+02 5.900000000000000000e+01 3.000000000000000000e+01 1.000000000000000000e+00 0.000000000000000000e+00
2.438300000000000125e+02 5.600000000000000000e+01 3.300000000000000000e+01 1.000000000000000000e+00 0.000000000000000000e+00
2.448300000000000125e+02 5.700000000000000000e+01 4.100000000000000000e+01 1.000000000000000000e+00 0.000000000000000000e+00
2.453899999999999864e+02 5.700000000000000000e+01 3.300000000000000000e+01 1.000000000000000000e+00 0.000000000000000000e+00
2.477299999999999898e+02 5.100000000000000000e+01 2.800000000000000000e+01 0.000000000000000000e+00 0.000000000000000000e+00
2.509199999999999875e+02 5.700000000000000000e+01 2.500000000000000000e+01 0.000000000000000000e+00 0.000000000000000000e+00
2.577400000000000091e+02 5.700000000000000000e+01 2.500000000000000000e+01 0.000000000000000000e+00 0.000000000000000000e+00
2.584800000000000182e+02 5.400000000000000000e+01 2.700000000000000000e+01 1.000000000000000000e+00 0.000000000000000000e+00
2.614599999999999795e+02 5.200000000000000000e+01 2.600000000000000000e+01 0.000000000000000000e+00 0.000000000000000000e+00
2.616399999999999864e+02 5.500000000000000000e+01 3.400000000000000000e+01 1.000000000000000000e+00 0.000000000000000000e+00
2.625899999999999750e+02 5.500000000000000000e+01 2.700000000000000000e+01 0.000000000000000000e+00 0.000000000000000000e+00
2.661499999999999773e+02 5.300000000000000000e+01 3.000000000000000000e+01 1.000000000000000000e+00 0.000000000000000000e+00
2.671100000000000136e+02 5.900000000000000000e+01 3.200000000000000000e+01 1.000000000000000000e+00 0.000000000000000000e+00
2.675699999999999932e+02 5.600000000000000000e+01 1.900000000000000000e+01 1.000000000000000000e+00 0.000000000000000000e+00
2.707300000000000182e+02 5.500000000000000000e+01 3.200000000000000000e+01 1.000000000000000000e+00 0.000000000000000000e+00
2.716499999999999773e+02 5.800000000000000000e+01 2.500000000000000000e+01 0.000000000000000000e+00 0.000000000000000000e+00
2.757699999999999818e+02 5.300000000000000000e+01 3.400000000000000000e+01 1.000000000000000000e+00 0.000000000000000000e+00
2.781399999999999864e+02 5.700000000000000000e+01 3.000000000000000000e+01 1.000000000000000000e+00 0.000000000000000000e+00
2.782400000000000091e+02 6.000000000000000000e+01 3.200000000000000000e+01 1.000000000000000000e+00 0.000000000000000000e+00
2.818100000000000023e+02 5.400000000000000000e+01 3.400000000000000000e+01 1.000000000000000000e+00 0.000000000000000000e+00
2.819800000000000182e+02 5.600000000000000000e+01 1.700000000000000000e+01 1.000000000000000000e+00 0.000000000000000000e+00
2.823999999999999773e+02 6.000000000000000000e+01 2.800000000000000000e+01 0.000000000000000000e+00 0.000000000000000000e+00
2.848899999999999864e+02 5.200000000000000000e+01 3.300000000000000000e+01 1.000000000000000000e+00 0.000000000000000000e+00
2.856000000000000227e+02 6.000000000000000000e+01 2.700000000000000000e+01 0.000000000000000000e+00 0.000000000000000000e+00
2.856999999999999886e+02 5.700000000000000000e+01 2.500000000000000000e+01 0.000000000000000000e+00 0.000000000000000000e+00
2.868100000000000023e+02 5.100000000000000000e+01 3.200000000000000000e+01 1.000000000000000000e+00 0.000000000000000000e+00
2.879399999999999977e+02 5.600000000000000000e+01 1.500000000000000000e+01 1.000000000000000000e+00 0.000000000000000000e+00
2.884800000000000182e+02 5.600000000000000000e+01 2.700000000000000000e+01 0.000000000000000000e+00 0.000000000000000000e+00
2.895400000000000205e+02 5.800000000000000000e+01 3.700000000000000000e+01 1.000000000000000000e+00 0.000000000000000000e+00
2.912300000000000182e+02 5.100000000000000000e+01 2.700000000000000000e+01 0.000000000000000000e+00 0.000000000000000000e+00
2.916200000000000045e+02 5.500000000000000000e+01 2.600000000000000000e+01 0.000000000000000000e+00 0.000000000000000000e+00
2.945000000000000000e+02 5.700000000000000000e+01 3.100000000000000000e+01 0.000000000000000000e+00 0.000000000000000000e+00
2.970600000000000023e+02 5.300000000000000000e+01 2.500000000000000000e+01 0.000000000000000000e+00 0.000000000000000000e+00
3.038799999999999955e+02 5.300000000000000000e+01 2.500000000000000000e+01 0.000000000000000000e+00 0.000000000000000000e+00
3.043500000000000227e+02 5.600000000000000000e+01 3.400000000000000000e+01 1.000000000000000000e+00 0.000000000000000000e+00
3.057300000000000182e+02 5.500000000000000000e+01 3.000000000000000000e+01 0.000000000000000000e+00 0.000000000000000000e+00
3.069700000000000273e+02 5.500000000000000000e+01 2.400000000000000000e+01 0.000000000000000000e+00 0.000000000000000000e+00
3.092900000000000205e+02 5.200000000000000000e+01 2.600000000000000000e+01 0.000000000000000000e+00 0.000000000000000000e+00
3.119900000000000091e+02 5.200000000000000000e+01 2.800000000000000000e+01 0.000000000000000000e+00 0.000000000000000000e+00
3.147799999999999727e+02 5.300000000000000000e+01 3.300000000000000000e+01 1.000000000000000000e+00 0.000000000000000000e+00
3.179200000000000159e+02 5.900000000000000000e+01 2.600000000000000000e+01 0.000000000000000000e+00 0.000000000000000000e+00
3.198399999999999750e+02 5.100000000000000000e+01 3.100000000000000000e+01 1.000000000000000000e+00 0.000000000000000000e+00
3.261999999999999886e+02 5.200000000000000000e+01 3.400000000000000000e+01 1.000000000000000000e+00 0.000000000000000000e+00
3.276399999999999864e+02 5.400000000000000000e+01 2.900000000000000000e+01 1.000000000000000000e+00 0.000000000000000000e+00
3.276499999999999773e+02 5.400000000000000000e+01 2.900000000000000000e+01 1.000000000000000000e+00 0.000000000000000000e+00
3.288700000000000045e+02 5.200000000000000000e+01 2.600000000000000000e+01 0.000000000000000000e+00 0.000000000000000000e+00
3.293199999999999932e+02 5.700000000000000000e+01 3.400000000000000000e+01 1.000000000000000000e+00 0.000000000000000000e+00
3.305500000000000114e+02 5.400000000000000000e+01 3.300000000000000000e+01 1.000000000000000000e+00 0.000000000000000000e+00
3.307099999999999795e+02 5.500000000000000000e+01 3.400000000000000000e+01 1.000000000000000000e+00 0.000000000000000000e+00
3.322300000000000182e+02 5.500000000000000000e+01 2.400000000000000000e+01 0.000000000000000000e+00 0.000000000000000000e+00
3.326899999999999977e+02 5.800000000000000000e+01 2.500000000000000000e+01 0.000000000000000000e+00 0.000000000000000000e+00
3.338000000000000114e+02 5.500000000000000000e+01 3.700000000000000000e+01 1.000000000000000000e+00 0.000000000000000000e+00
3.352099999999999795e+02 5.200000000000000000e+01 3.100000000000000000e+01 1.000000000000000000e+00 0.000000000000000000e+00
3.386200000000000045e+02 5.300000000000000000e+01 2.500000000000000000e+01 0.000000000000000000e+00 0.000000000000000000e+00
3.387799999999999727e+02 5.700000000000000000e+01 2.400000000000000000e+01 0.000000000000000000e+00 0.000000000000000000e+00
3.389800000000000182e+02 5.300000000000000000e+01 3.500000000000000000e+01 1.000000000000000000e+00 0.000000000000000000e+00
3.397699999999999818e+02 5.600000000000000000e+01 2.000000000000000000e+01 1.000000000000000000e+00 0.000000000000000000e+00
3.407099999999999795e+02 5.900000000000000000e+01 3.100000000000000000e+01 1.000000000000000000e+00 0.000000000000000000e+00
3.451299999999999955e+02 5.500000000000000000e+01 2.900000000000000000e+01 1.000000000000000000e+00 0.000000000000000000e+00
3.453199999999999932e+02 5.100000000000000000e+01 2.700000000000000000e+01 0.000000000000000000e+00 0.000000000000000000e+00
3.469700000000000273e+02 5.900000000000000000e+01 2.500000000000000000e+01 0.000000000000000000e+00 0.000000000000000000e+00
3.493199999999999932e+02 5.600000000000000000e+01 2.400000000000000000e+01 0.000000000000000000e+00 0.000000000000000000e+00
3.511600000000000250e+02 5.400000000000000000e+01 3.400000000000000000e+01 1.000000000000000000e+00 0.000000000000000000e+00
3.516299999999999955e+02 5.600000000000000000e+01 1.600000000000000000e+01 1.000000000000000000e+00 0.000000000000000000e+00
3.518600000000000136e+02 5.500000000000000000e+01 2.400000000000000000e+01 0.000000000000000000e+00 0.000000000000000000e+00
3.530500000000000114e+02 5.400000000000000000e+01 2.800000000000000000e+01 0.000000000000000000e+00 0.000000000000000000e+00
3.574599999999999795e+02 5.800000000000000000e+01 2.900000000000000000e+01 1.000000000000000000e+00 0.000000000000000000e+00
3.574700000000000273e+02 5.800000000000000000e+01 2.900000000000000000e+01 1.000000000000000000e+00 0.000000000000000000e+00
3.576100000000000136e+02 5.800000000000000000e+01 3.300000000000000000e+01 1.000000000000000000e+00 0.000000000000000000e+00
3.626100000000000136e+02 5.300000000000000000e+01 2.500000000000000000e+01 0.000000000000000000e+00 0.000000000000000000e+00
3.641200000000000045e+02 5.400000000000000000e+01 3.800000000000000000e+01 1.000000000000000000e+00 0.000000000000000000e+00
3.663199999999999932e+02 5.700000000000000000e+01 3.500000000000000000e+01 1.000000000000000000e+00 0.000000000000000000e+00
3.671800000000000068e+02 5.100000000000000000e+01 2.800000000000000000e+01 0.000000000000000000e+00 0.000000000000000000e+00
3.683199999999999932e+02 5.800000000000000000e+01 2.500000000000000000e+01 0.000000000000000000e+00 0.000000000000000000e+00
3.693700000000000045e+02 5.200000000000000000e+01 2.700000000000000000e+01 0.000000000000000000e+00 0.000000000000000000e+00
3.727799999999999727e+02 5.900000000000000000e+01 3.300000000000000000e+01 1.000000000000000000e+00 0.000000000000000000e+00
3.787699999999999818e+02 5.600000000000000000e+01 3.200000000000000000e+01 1.000000000000000000e+00 0.000000000000000000e+00
3.789900000000000091e+02 5.200000000000000000e+01 3.300000000000000000e+01 1.000000000000000000e+00 0.000000000000000000e+00
3.796899999999999977e+02 5.600000000000000000e+01 2.400000000000000000e+01 0.000000000000000000e+00 0.000000000000000000e+00
3.811700000000000159e+02 5.600000000000000000e+01 3.400000000000000000e+01 1.000000000000000000e+00 0.000000000000000000e+00
3.814300000000000068e+02 5.600000000000000000e+01 2.500000000000000000e+01 0.000000000000000000e+00 0.000000000000000000e+00
3.830199999999999818e+02 5.900000000000000000e+01 2.500000000000000000e+01 0.000000000000000000e+00 0.000000000000000000e+00
3.833600000000000136e+02 5.900000000000000000e+01 2.900000000000000000e+01 1.000000000000000000e+00 0.000000000000000000e+00
3.843199999999999932e+02 5.300000000000000000e+01 3.100000000000000000e+01 1.000000000000000000e+00 0.000000000000000000e+00
3.843299999999999841e+02 5.300000000000000000e+01 3.100000000000000000e+01 1.000000000000000000e+00 0.000000000000000000e+00
3.843299999999999841e+02 5.300000000000000000e+01 3.100000000000000000e+01 1.000000000000000000e+00 0.000000000000000000e+00
3.843399999999999750e+02 5.300000000000000000e+01 3.100000000000000000e+01 1.000000000000000000e+00 0.000000000000000000e+00
3.846200000000000045e+02 5.600000000000000000e+01 3.700000000000000000e+01 1.000000000000000000e+00 0.000000000000000000e+00
3.853500000000000227e+02 5.700000000000000000e+01 2.400000000000000000e+01 0.000000000000000000e+00 0.000000000000000000e+00
3.873100000000000023e+02 5.200000000000000000e+01 3.200000000000000000e+01 1.000000000000000000e+00 0.000000000000000000e+00
3.873600000000000136e+02 5.400000000000000000e+01 2.400000000000000000e+01 0.000000000000000000e+00 0.000000000000000000e+00
3.895400000000000205e+02 5.300000000000000000e+01 2.900000000000000000e+01 1.000000000000000000e+00 0.000000000000000000e+00
3.901700000000000159e+02 5.100000000000000000e+01 3.100000000000000000e+01 1.000000000000000000e+00 0.000000000000000000e+00
3.911000000000000227e+02 5.500000000000000000e+01 3.400000000000000000e+01 1.000000000000000000e+00 0.000000000000000000e+00
3.932099999999999795e+02 5.100000000000000000e+01 2.700000000000000000e+01 0.000000000000000000e+00 0.000000000000000000e+00
4.001999999999999886e+02 5.600000000000000000e+01 2.900000000000000000e+01 1.000000000000000000e+00 0.000000000000000000e+00
4.016499999999999773e+02 5.200000000000000000e+01 2.500000000000000000e+01 0.000000000000000000e+00 0.000000000000000000e+00
4.017799999999999727e+02 5.600000000000000000e+01 2.400000000000000000e+01 0.000000000000000000e+00 0.000000000000000000e+00
4.061600000000000250e+02 5.400000000000000000e+01 2.900000000000000000e+01 0.000000000000000000e+00 0.000000000000000000e+00
4.102900000000000205e+02 6.000000000000000000e+01 3.200000000000000000e+01 1.000000000000000000e+00 0.000000000000000000e+00
4.103000000000000114e+02 6.000000000000000000e+01 3.200000000000000000e+01 1.000000000000000000e+00 0.000000000000000000e+00
4.104100000000000250e+02 5.500000000000000000e+01 2.400000000000000000e+01 0.000000000000000000e+00 0.000000000000000000e+00
4.154800000000000182e+02 5.300000000000000000e+01 3.300000000000000000e+01 1.000000000000000000e+00 0.000000000000000000e+00
4.183100000000000023e+02 5.400000000000000000e+01 2.400000000000000000e+01 0.000000000000000000e+00 0.000000000000000000e+00
4.221899999999999977e+02 5.100000000000000000e+01 2.600000000000000000e+01 0.000000000000000000e+00 0.000000000000000000e+00
4.228799999999999955e+02 5.600000000000000000e+01 3.000000000000000000e+01 0.000000000000000000e+00 0.000000000000000000e+00
4.245699999999999932e+02 4.400000000000000000e+01 4.400000000000000000e+01 1.000000000000000000e+00 0.000000000000000000e+00
4.313899999999999864e+02 4.400000000000000000e+01 4.400000000000000000e+01 1.000000000000000000e+00 0.000000000000000000e+00
4.314700000000000273e+02 5.700000000000000000e+01 2.400000000000000000e+01 0.000000000000000000e+00 0.000000000000000000e+00
4.344300000000000068e+02 5.800000000000000000e+01 3.400000000000000000e+01 1.000000000000000000e+00 0.000000000000000000e+00
4.344399999999999977e+02 5.800000000000000000e+01 3.400000000000000000e+01 1.000000000000000000e+00 0.000000000000000000e+00
4.345699999999999932e+02 5.200000000000000000e+01 3.200000000000000000e+01 1.000000000000000000e+00 0.000000000000000000e+00
4.346200000000000045e+02 5.100000000000000000e+01 3.100000000000000000e+01 1.000000000000000000e+00 0.000000000000000000e+00
4.377200000000000273e+02 5.600000000000000000e+01 1.300000000000000000e+01 1.000000000000000000e+00 0.000000000000000000e+00
4.377400000000000091e+02 5.600000000000000000e+01 1.300000000000000000e+01 1.000000000000000000e+00 0.000000000000000000e+00
4.382400000000000091e+02 5.800000000000000000e+01 3.000000000000000000e+01 1.000000000000000000e+00 0.000000000000000000e+00
4.392300000000000182e+02 6.000000000000000000e+01 3.100000000000000000e+01 1.000000000000000000e+00 0.000000000000000000e+00
4.399599999999999795e+02 5.200000000000000000e+01 2.500000000000000000e+01 0.000000000000000000e+00 0.000000000000000000e+00
4.403299999999999841e+02 5.400000000000000000e+01 3.100000000000000000e+01 1.000000000000000000e+00 0.000000000000000000e+00
4.440099999999999909e+02 5.800000000000000000e+01 3.300000000000000000e+01 1.000000000000000000e+00 0.000000000000000000e+00
4.451100000000000136e+02 5.300000000000000000e+01 3.000000000000000000e+01 1.000000000000000000e+00 0.000000000000000000e+00
4.465600000000000023e+02 5.300000000000000000e+01 2.500000000000000000e+01 0.000000000000000000e+00 0.000000000000000000e+00
4.474700000000000273e+02 5.400000000000000000e+01 2.400000000000000000e+01 0.000000000000000000e+00 0.000000000000000000e+00
4.489499999999999886e+02 5.200000000000000000e+01 2.600000000000000000e+01 0.000000000000000000e+00 0.000000000000000000e+00
4.520000000000000000e+02 5.800000000000000000e+01 3.600000000000000000e+01 1.000000000000000000e+00 0.000000000000000000e+00
4.547799999999999727e+02 5.700000000000000000e+01 3.400000000000000000e+01 1.000000000000000000e+00 0.000000000000000000e+00
4.549499999999999886e+02 5.500000000000000000e+01 3.000000000000000000e+01 0.000000000000000000e+00 0.000000000000000000e+00
4.554200000000000159e+02 5.700000000000000000e+01 2.400000000000000000e+01 0.000000000000000000e+00 0.000000000000000000e+00
4.622500000000000000e+02 5.700000000000000000e+01 2.400000000000000000e+01 0.000000000000000000e+00 0.000000000000000000e+00
4.640699999999999932e+02 5.100000000000000000e+01 3.000000000000000000e+01 1.000000000000000000e+00 0.000000000000000000e+00
4.647300000000000182e+02 5.400000000000000000e+01 3.300000000000000000e+01 1.000000000000000000e+00 0.000000000000000000e+00
4.654300000000000068e+02 5.700000000000000000e+01 2.800000000000000000e+01 1.000000000000000000e+00 0.000000000000000000e+00
4.654399999999999977e+02 5.700000000000000000e+01 2.800000000000000000e+01 1.000000000000000000e+00 0.000000000000000000e+00
4.655000000000000000e+02 5.600000000000000000e+01 2.900000000000000000e+01 1.000000000000000000e+00 0.000000000000000000e+00
4.668600000000000136e+02 5.400000000000000000e+01 2.400000000000000000e+01 0.000000000000000000e+00 0.000000000000000000e+00
4.691700000000000159e+02 5.200000000000000000e+01 2.500000000000000000e+01 0.000000000000000000e+00 0.000000000000000000e+00
4.694499999999999886e+02 5.600000000000000000e+01 3.300000000000000000e+01 1.000000000000000000e+00 0.000000000000000000e+00
4.701899999999999977e+02 5.500000000000000000e+01 3.300000000000000000e+01 1.000000000000000000e+00 0.000000000000000000e+00
4.702500000000000000e+02 3.000000000000000000e+01 1.700000000000000000e+01 0.000000000000000000e+00 0.000000000000000000e+00
4.747400000000000091e+02 6.000000000000000000e+01 2.600000000000000000e+01 0.000000000000000000e+00 0.000000000000000000e+00
4.769900000000000091e+02 5.700000000000000000e+01 3.300000000000000000e+01 1.000000000000000000e+00 0.000000000000000000e+00
4.803500000000000227e+02 5.700000000000000000e+01 3.200000000000000000e+01 1.000000000000000000e+00 0.000000000000000000e+00
4.855400000000000205e+02 5.400000000000000000e+01 2.900000000000000000e+01 0.000000000000000000e+00 0.000000000000000000e+00
4.871299999999999955e+02 5.300000000000000000e+01 2.400000000000000000e+01 0.000000000000000000e+00 0.000000000000000000e+00
4.883799999999999955e+02 5.200000000000000000e+01 3.200000000000000000e+01 1.000000000000000000e+00 0.000000000000000000e+00
4.927699999999999818e+02 5.100000000000000000e+01 2.600000000000000000e+01 0.000000000000000000e+00 0.000000000000000000e+00
4.952900000000000205e+02 5.300000000000000000e+01 3.300000000000000000e+01 1.000000000000000000e+00 0.000000000000000000e+00
4.953000000000000114e+02 5.300000000000000000e+01 3.300000000000000000e+01 1.000000000000000000e+00 0.000000000000000000e+00
5.021299999999999955e+02 5.300000000000000000e+01 3.300000000000000000e+01 1.000000000000000000e+00 0.000000000000000000e+00
5.046000000000000227e+02 5.400000000000000000e+01 2.500000000000000000e+01 0.000000000000000000e+00 0.000000000000000000e+00
5.057400000000000091e+02 5.300000000000000000e+01 3.200000000000000000e+01 1.000000000000000000e+00 0.000000000000000000e+00
5.075799999999999841e+02 6.000000000000000000e+01 2.600000000000000000e+01 0.000000000000000000e+00 0.000000000000000000e+00
5.096000000000000227e+02 5.400000000000000000e+01 3.400000000000000000e+01 1.000000000000000000e+00 0.000000000000000000e+00
5.154299999999999500e+02 5.400000000000000000e+01 2.800000000000000000e+01 1.000000000000000000e+00 0.000000000000000000e+00
5.154500000000000455e+02 6.000000000000000000e+01 2.700000000000000000e+01 0.000000000000000000e+00 0.000000000000000000e+00
5.156399999999999864e+02 6.000000000000000000e+01 3.000000000000000000e+01 1.000000000000000000e+00 0.000000000000000000e+00
5.203099999999999454e+02 5.900000000000000000e+01 2.500000000000000000e+01 0.000000000000000000e+00 0.000000000000000000e+00
5.271299999999999955e+02 5.900000000000000000e+01 2.500000000000000000e+01 0.000000000000000000e+00 0.000000000000000000e+00
5.274500000000000455e+02 5.100000000000000000e+01 2.700000000000000000e+01 0.000000000000000000e+00 0.000000000000000000e+00
5.285199999999999818e+02 5.500000000000000000e+01 2.300000000000000000e+01 0.000000000000000000e+00 0.000000000000000000e+00
5.286699999999999591e+02 5.400000000000000000e+01 3.300000000000000000e+01 1.000000000000000000e+00 0.000000000000000000e+00
5.343999999999999773e+02 5.200000000000000000e+01 2.500000000000000000e+01 0.000000000000000000e+00 0.000000000000000000e+00
5.353300000000000409e+02 5.400000000000000000e+01 2.700000000000000000e+01 0.000000000000000000e+00 0.000000000000000000e+00
5.369400000000000546e+02 5.400000000000000000e+01 2.800000000000000000e+01 1.000000000000000000e+00 0.000000000000000000e+00
5.386200000000000045e+02 5.900000000000000000e+01 2.900000000000000000e+01 1.000000000000000000e+00 0.000000000000000000e+00
5.386299999999999955e+02 5.900000000000000000e+01 2.900000000000000000e+01 1.000000000000000000e+00 0.000000000000000000e+00
5.406100000000000136e+02 5.700000000000000000e+01 3.300000000000000000e+01 1.000000000000000000e+00 0.000000000000000000e+00
5.412000000000000455e+02 5.500000000000000000e+01 3.300000000000000000e+01 1.000000000000000000e+00 0.000000000000000000e+00
5.415599999999999454e+02 5.900000000000000000e+01 3.200000000000000000e+01 1.000000000000000000e+00 0.000000000000000000e+00
5.418400000000000318e+02 5.800000000000000000e+01 2.400000000000000000e+01 0.000000000000000000e+00 0.000000000000000000e+00
5.432899999999999636e+02 5.500000000000000000e+01 2.500000000000000000e+01 0.000000000000000000e+00 0.000000000000000000e+00
5.439099999999999682e+02 5.600000000000000000e+01 3.300000000000000000e+01 1.000000000000000000e+00 0.000000000000000000e+00
5.525900000000000318e+02 5.100000000000000000e+01 3.000000000000000000e+01 1.000000000000000000e+00 0.000000000000000000e+00
5.526000000000000227e+02 5.100000000000000000e+01 3.000000000000000000e+01 1.000000000000000000e+00 0.000000000000000000e+00
5.527100000000000364e+02 2.600000000000000000e+01 4.200000000000000000e+01 0.000000000000000000e+00 0.000000000000000000e+00
5.543799999999999955e+02 5.300000000000000000e+01 2.400000000000000000e+01 0.000000000000000000e+00 0.000000000000000000e+00
5.560000000000000000e+02 5.700000000000000000e+01 2.900000000000000000e+01 1.000000000000000000e+00 0.000000000000000000e+00
5.560800000000000409e+02 5.100000000000000000e+01 3.100000000000000000e+01 1.000000000000000000e+00 0.000000000000000000e+00
5.582799999999999727e+02 5.200000000000000000e+01 3.600000000000000000e+01 1.000000000000000000e+00 0.000000000000000000e+00
5.587999999999999545e+02 5.500000000000000000e+01 3.100000000000000000e+01 1.000000000000000000e+00 0.000000000000000000e+00
5.627999999999999545e+02 5.200000000000000000e+01 2.500000000000000000e+01 0.000000000000000000e+00 0.000000000000000000e+00
5.639099999999999682e+02 5.600000000000000000e+01 3.500000000000000000e+01 1.000000000000000000e+00 0.000000000000000000e+00
5.650399999999999636e+02 5.800000000000000000e+01 3.200000000000000000e+01 1.000000000000000000e+00 0.000000000000000000e+00
5.650499999999999545e+02 5.800000000000000000e+01 3.200000000000000000e+01 1.000000000000000000e+00 0.000000000000000000e+00
5.654900000000000091e+02 5.800000000000000000e+01 2.800000000000000000e+01 1.000000000000000000e+00 0.000000000000000000e+00
5.655800000000000409e+02 5.400000000000000000e+01 2.300000000000000000e+01 0.000000000000000000e+00 0.000000000000000000e+00
5.672000000000000455e+02 5.500000000000000000e+01 2.300000000000000000e+01 0.000000000000000000e+00 0.000000000000000000e+00
5.688400000000000318e+02 5.500000000000000000e+01 3.200000000000000000e+01 1.000000000000000000e+00 0.000000000000000000e+00
5.735499999999999545e+02 5.500000000000000000e+01 3.600000000000000000e+01 1.000000000000000000e+00 0.000000000000000000e+00
5.751200000000000045e+02 6.000000000000000000e+01 3.100000000000000000e+01 1.000000000000000000e+00 0.000000000000000000e+00
5.751299999999999955e+02 6.000000000000000000e+01 3.100000000000000000e+01 1.000000000000000000e+00 0.000000000000000000e+00
5.772200000000000273e+02 5.600000000000000000e+01 3.400000000000000000e+01 1.000000000000000000e+00 0.000000000000000000e+00
5.778799999999999955e+02 5.200000000000000000e+01 3.100000000000000000e+01 1.000000000000000000e+00 0.000000000000000000e+00
5.778899999999999864e+02 5.200000000000000000e+01 3.100000000000000000e+01 1.000000000000000000e+00 0.000000000000000000e+00
5.789400000000000546e+02 5.300000000000000000e+01 2.400000000000000000e+01 0.000000000000000000e+00 0.000000000000000000e+00
5.812799999999999727e+02 5.600000000000000000e+01 4.200000000000000000e+01 1.000000000000000000e+00 0.000000000000000000e+00
5.817300000000000182e+02 5.600000000000000000e+01 2.100000000000000000e+01 1.000000000000000000e+00 0.000000000000000000e+00
5.835199999999999818e+02 5.500000000000000000e+01 2.800000000000000000e+01 1.000000000000000000e+00 0.000000000000000000e+00
5.841000000000000227e+02 5.700000000000000000e+01 2.300000000000000000e+01 0.000000000000000000e+00 0.000000000000000000e+00
5.850199999999999818e+02 4.900000000000000000e+01 4.100000000000000000e+01 1.000000000000000000e+00 0.000000000000000000e+00
5.906200000000000045e+02 5.100000000000000000e+01 2.600000000000000000e+01 0.000000000000000000e+00 0.000000000000000000e+00
5.930700000000000500e+02 5.600000000000000000e+01 2.300000000000000000e+01 0.000000000000000000e+00 0.000000000000000000e+00
5.949099999999999682e+02 5.500000000000000000e+01 2.300000000000000000e+01 0.000000000000000000e+00 0.000000000000000000e+00
5.967300000000000182e+02 5.400000000000000000e+01 3.200000000000000000e+01 1.000000000000000000e+00 0.000000000000000000e+00
5.983500000000000227e+02 4.800000000000000000e+01 3.400000000000000000e+01 1.000000000000000000e+00 0.000000000000000000e+00
5.983700000000000045e+02 5.300000000000000000e+01 3.200000000000000000e+01 1.000000000000000000e+00 0.000000000000000000e+00
5.995399999999999636e+02 5.600000000000000000e+01 2.200000000000000000e+01 0.000000000000000000e+00 0.000000000000000000e+00
6.004199999999999591e+02 5.200000000000000000e+01 3.100000000000000000e+01 1.000000000000000000e+00 0.000000000000000000e+00
6.032300000000000182e+02 5.500000000000000000e+01 3.400000000000000000e+01 1.000000000000000000e+00 0.000000000000000000e+00
6.042500000000000000e+02 5.400000000000000000e+01 2.300000000000000000e+01 0.000000000000000000e+00 0.000000000000000000e+00
6.067000000000000455e+02 5.200000000000000000e+01 3.000000000000000000e+01 1.000000000000000000e+00 0.000000000000000000e+00
6.091299999999999955e+02 5.300000000000000000e+01 2.400000000000000000e+01 0.000000000000000000e+00 0.000000000000000000e+00
6.093999999999999773e+02 5.600000000000000000e+01 2.800000000000000000e+01 1.000000000000000000e+00 0.000000000000000000e+00
6.103300000000000409e+02 5.900000000000000000e+01 2.500000000000000000e+01 0.000000000000000000e+00 0.000000000000000000e+00
6.106699999999999591e+02 5.600000000000000000e+01 9.000000000000000000e+00 1.000000000000000000e+00 0.000000000000000000e+00
6.127599999999999909e+02 5.700000000000000000e+01 2.400000000000000000e+01 0.000000000000000000e+00 0.000000000000000000e+00
6.144900000000000091e+02 5.600000000000000000e+01 1.000000000000000000e+01 1.000000000000000000e+00 0.000000000000000000e+00
6.146699999999999591e+02 5.600000000000000000e+01 3.300000000000000000e+01 1.000000000000000000e+00 0.000000000000000000e+00
6.147400000000000091e+02 5.100000000000000000e+01 2.600000000000000000e+01 0.000000000000000000e+00 0.000000000000000000e+00
6.160900000000000318e+02 5.400000000000000000e+01 3.300000000000000000e+01 1.000000000000000000e+00 0.000000000000000000e+00
6.166399999999999864e+02 5.800000000000000000e+01 2.400000000000000000e+01 0.000000000000000000e+00 0.000000000000000000e+00
6.167000000000000455e+02 5.500000000000000000e+01 3.300000000000000000e+01 1.000000000000000000e+00 0.000000000000000000e+00
6.190399999999999636e+02 5.500000000000000000e+01 2.400000000000000000e+01 1.000000000000000000e+00 0.000000000000000000e+00
6.212699999999999818e+02 5.600000000000000000e+01 2.400000000000000000e+01 0.000000000000000000e+00 0.000000000000000000e+00
6.220099999999999909e+02 5.500000000000000000e+01 2.300000000000000000e+01 0.000000000000000000e+00 0.000000000000000000e+00
6.232200000000000273e+02 5.400000000000000000e+01 3.500000000000000000e+01 1.000000000000000000e+00 0.000000000000000000e+00
6.252999999999999545e+02 5.600000000000000000e+01 2.300000000000000000e+01 0.000000000000000000e+00 0.000000000000000000e+00
6.256799999999999500e+02 6.000000000000000000e+01 3.700000000000000000e+01 1.000000000000000000e+00 0.000000000000000000e+00
6.275199999999999818e+02 4.400000000000000000e+01 3.100000000000000000e+01 1.000000000000000000e+00 0.000000000000000000e+00
6.280299999999999727e+02 5.100000000000000000e+01 3.000000000000000000e+01 1.000000000000000000e+00 0.000000000000000000e+00
6.280399999999999636e+02 5.100000000000000000e+01 3.000000000000000000e+01 1.000000000000000000e+00 0.000000000000000000e+00
6.280399999999999636e+02 5.100000000000000000e+01 3.000000000000000000e+01 1.000000000000000000e+00 0.000000000000000000e+00
6.302300000000000182e+02 5.100000000000000000e+01 2.900000000000000000e+01 1.000000000000000000e+00 0.000000000000000000e+00
6.356499999999999773e+02 5.300000000000000000e+01 2.900000000000000000e+01 1.000000000000000000e+00 0.000000000000000000e+00
6.373899999999999864e+02 5.900000000000000000e+01 2.400000000000000000e+01 0.000000000000000000e+00 0.000000000000000000e+00
6.400900000000000318e+02 5.200000000000000000e+01 2.400000000000000000e+01 0.000000000000000000e+00 0.000000000000000000e+00
6.407599999999999909e+02 5.300000000000000000e+01 3.200000000000000000e+01 1.000000000000000000e+00 0.000000000000000000e+00
6.410599999999999454e+02 5.600000000000000000e+01 3.100000000000000000e+01 1.000000000000000000e+00 0.000000000000000000e+00
6.446900000000000546e+02 5.600000000000000000e+01 2.400000000000000000e+01 0.000000000000000000e+00 0.000000000000000000e+00
6.453700000000000045e+02 5.200000000000000000e+01 3.200000000000000000e+01 1.000000000000000000e+00 0.000000000000000000e+00
6.460299999999999727e+02 5.400000000000000000e+01 2.300000000000000000e+01 0.000000000000000000e+00 0.000000000000000000e+00
6.486900000000000546e+02 5.600000000000000000e+01 1.800000000000000000e+01 1.000000000000000000e+00 0.000000000000000000e+00
6.517000000000000455e+02 5.300000000000000000e+01 3.000000000000000000e+01 1.000000000000000000e+00 0.000000000000000000e+00
6.528500000000000227e+02 5.200000000000000000e+01 3.100000000000000000e+01 1.000000000000000000e+00 0.000000000000000000e+00
6.528700000000000045e+02 5.200000000000000000e+01 3.100000000000000000e+01 1.000000000000000000e+00 0.000000000000000000e+00
6.531299999999999955e+02 5.200000000000000000e+01 4.000000000000000000e+01 1.000000000000000000e+00 0.000000000000000000e+00
6.537599999999999909e+02 6.000000000000000000e+01 3.000000000000000000e+01 1.000000000000000000e+00 0.000000000000000000e+00
6.538099999999999454e+02 5.300000000000000000e+01 2.400000000000000000e+01 0.000000000000000000e+00 0.000000000000000000e+00
6.542799999999999727e+02 5.600000000000000000e+01 3.200000000000000000e+01 1.000000000000000000e+00 0.000000000000000000e+00
6.544500000000000455e+02 5.600000000000000000e+01 2.800000000000000000e+01 1.000000000000000000e+00 0.000000000000000000e+00
6.559600000000000364e+02 5.600000000000000000e+01 2.900000000000000000e+01 0.000000000000000000e+00 0.000000000000000000e+00
6.595800000000000409e+02 5.500000000000000000e+01 2.500000000000000000e+01 0.000000000000000000e+00 0.000000000000000000e+00
6.622200000000000273e+02 5.800000000000000000e+01 3.000000000000000000e+01 0.000000000000000000e+00 0.000000000000000000e+00
6.631699999999999591e+02 5.800000000000000000e+01 3.300000000000000000e+01 1.000000000000000000e+00 0.000000000000000000e+00
6.634700000000000273e+02 5.500000000000000000e+01 2.900000000000000000e+01 0.000000000000000000e+00 0.000000000000000000e+00
6.640199999999999818e+02 5.800000000000000000e+01 3.200000000000000000e+01 1.000000000000000000e+00 0.000000000000000000e+00
6.641900000000000546e+02 5.500000000000000000e+01 3.200000000000000000e+01 1.000000000000000000e+00 0.000000000000000000e+00
6.656100000000000136e+02 6.000000000000000000e+01 2.600000000000000000e+01 0.000000000000000000e+00 0.000000000000000000e+00
6.683500000000000227e+02 5.600000000000000000e+01 1.500000000000000000e+01 1.000000000000000000e+00 0.000000000000000000e+00
6.683600000000000136e+02 5.600000000000000000e+01 1.500000000000000000e+01 1.000000000000000000e+00 0.000000000000000000e+00
6.692999999999999545e+02 5.900000000000000000e+01 2.800000000000000000e+01 1.000000000000000000e+00 0.000000000000000000e+00
6.705299999999999727e+02 5.300000000000000000e+01 2.300000000000000000e+01 0.000000000000000000e+00 0.000000000000000000e+00
6.706200000000000045e+02 5.400000000000000000e+01 2.300000000000000000e+01 0.000000000000000000e+00 0.000000000000000000e+00
6.731399999999999864e+02 5.100000000000000000e+01 3.900000000000000000e+01 1.000000000000000000e+00 0.000000000000000000e+00
6.787000000000000455e+02 5.700000000000000000e+01 2.300000000000000000e+01 0.000000000000000000e+00 0.000000000000000000e+00
6.805199999999999818e+02 5.200000000000000000e+01 2.400000000000000000e+01 0.000000000000000000e+00 0.000000000000000000e+00
6.877500000000000000e+02 5.400000000000000000e+01 2.400000000000000000e+01 0.000000000000000000e+00 0.000000000000000000e+00
6.936699999999999591e+02 5.400000000000000000e+01 2.500000000000000000e+01 1.000000000000000000e+00 0.000000000000000000e+00
6.952500000000000000e+02 6.000000000000000000e+01 2.500000000000000000e+01 0.000000000000000000e+00 0.000000000000000000e+00
6.960900000000000318e+02 5.700000000000000000e+01 2.700000000000000000e+01 1.000000000000000000e+00 0.000000000000000000e+00
6.961000000000000227e+02 5.700000000000000000e+01 2.700000000000000000e+01 1.000000000000000000e+00 0.000000000000000000e+00
6.967300000000000182e+02 5.400000000000000000e+01 2.800000000000000000e+01 0.000000000000000000e+00 0.000000000000000000e+00
6.967899999999999636e+02 5.500000000000000000e+01 2.400000000000000000e+01 0.000000000000000000e+00 0.000000000000000000e+00
6.973799999999999955e+02 5.700000000000000000e+01 3.300000000000000000e+01 1.000000000000000000e+00 0.000000000000000000e+00
7.009700000000000273e+02 5.600000000000000000e+01 7.000000000000000000e+00 1.000000000000000000e+00 0.000000000000000000e+00
7.019600000000000364e+02 5.200000000000000000e+01 3.100000000000000000e+01 1.000000000000000000e+00 0.000000000000000000e+00
7.039199999999999591e+02 5.700000000000000000e+01 3.100000000000000000e+01 1.000000000000000000e+00 0.000000000000000000e+00
7.049099999999999682e+02 5.600000000000000000e+01 1.900000000000000000e+01 1.000000000000000000e+00 0.000000000000000000e+00
7.085499999999999545e+02 5.700000000000000000e+01 2.300000000000000000e+01 0.000000000000000000e+00 0.000000000000000000e+00
7.086900000000000546e+02 5.100000000000000000e+01 2.600000000000000000e+01 0.000000000000000000e+00 0.000000000000000000e+00
7.089400000000000546e+02 5.900000000000000000e+01 2.400000000000000000e+01 0.000000000000000000e+00 0.000000000000000000e+00
7.099299999999999500e+02 5.100000000000000000e+01 2.700000000000000000e+01 0.000000000000000000e+00 0.000000000000000000e+00
7.107400000000000091e+02 6.300000000000000000e+01 3.900000000000000000e+01 1.000000000000000000e+00 0.000000000000000000e+00
7.123899999999999864e+02 6.000000000000000000e+01 2.900000000000000000e+01 1.000000000000000000e+00 0.000000000000000000e+00
7.192200000000000273e+02 6.000000000000000000e+01 2.900000000000000000e+01 1.000000000000000000e+00 0.000000000000000000e+00
7.205700000000000500e+02 5.300000000000000000e+01 2.800000000000000000e+01 1.000000000000000000e+00 0.000000000000000000e+00
7.231200000000000045e+02 5.600000000000000000e+01 2.200000000000000000e+01 0.000000000000000000e+00 0.000000000000000000e+00
7.243799999999999955e+02 5.200000000000000000e+01 2.400000000000000000e+01 0.000000000000000000e+00 0.000000000000000000e+00
7.244099999999999682e+02 5.300000000000000000e+01 3.200000000000000000e+01 1.000000000000000000e+00 0.000000000000000000e+00
7.250700000000000500e+02 5.200000000000000000e+01 2.500000000000000000e+01 0.000000000000000000e+00 0.000000000000000000e+00
7.251599999999999682e+02 5.400000000000000000e+01 3.200000000000000000e+01 1.000000000000000000e+00 0.000000000000000000e+00
7.257899999999999636e+02 5.400000000000000000e+01 2.800000000000000000e+01 0.000000000000000000e+00 0.000000000000000000e+00
7.286499999999999773e+02 5.100000000000000000e+01 2.500000000000000000e+01 0.000000000000000000e+00 0.000000000000000000e+00
7.287699999999999818e+02 5.800000000000000000e+01 2.300000000000000000e+01 0.000000000000000000e+00 0.000000000000000000e+00
7.292899999999999636e+02 5.300000000000000000e+01 2.300000000000000000e+01 0.000000000000000000e+00 0.000000000000000000e+00
7.305800000000000409e+02 5.100000000000000000e+01 2.600000000000000000e+01 0.000000000000000000e+00 0.000000000000000000e+00
7.329900000000000091e+02 5.900000000000000000e+01 2.400000000000000000e+01 0.000000000000000000e+00 0.000000000000000000e+00
7.380000000000000000e+02 5.700000000000000000e+01 3.200000000000000000e+01 1.000000000000000000e+00 0.000000000000000000e+00
7.380099999999999909e+02 5.700000000000000000e+01 3.200000000000000000e+01 1.000000000000000000e+00 0.000000000000000000e+00
7.405900000000000318e+02 5.100000000000000000e+01 2.900000000000000000e+01 1.000000000000000000e+00 0.000000000000000000e+00
7.406000000000000227e+02 5.100000000000000000e+01 2.900000000000000000e+01 1.000000000000000000e+00 0.000000000000000000e+00
7.437300000000000182e+02 5.600000000000000000e+01 1.100000000000000000e+01 1.000000000000000000e+00 0.000000000000000000e+00
7.437500000000000000e+02 5.600000000000000000e+01 1.100000000000000000e+01 1.000000000000000000e+00 0.000000000000000000e+00
7.456699999999999591e+02 5.500000000000000000e+01 3.200000000000000000e+01 1.000000000000000000e+00 0.000000000000000000e+00
7.487599999999999909e+02 5.100000000000000000e+01 3.200000000000000000e+01 1.000000000000000000e+00 0.000000000000000000e+00
7.493600000000000136e+02 5.600000000000000000e+01 1.700000000000000000e+01 1.000000000000000000e+00 0.000000000000000000e+00
7.516399999999999864e+02 5.300000000000000000e+01 3.100000000000000000e+01 1.000000000000000000e+00 0.000000000000000000e+00
7.525900000000000318e+02 5.900000000000000000e+01 3.100000000000000000e+01 1.000000000000000000e+00 0.000000000000000000e+00
7.529700000000000273e+02 5.900000000000000000e+01 2.800000000000000000e+01 1.000000000000000000e+00 0.000000000000000000e+00
7.571000000000000227e+02 5.500000000000000000e+01 2.500000000000000000e+01 0.000000000000000000e+00 0.000000000000000000e+00
7.632999999999999545e+02 5.600000000000000000e+01 2.800000000000000000e+01 1.000000000000000000e+00 0.000000000000000000e+00
7.691200000000000045e+02 5.100000000000000000e+01 3.000000000000000000e+01 1.000000000000000000e+00 0.000000000000000000e+00
7.691299999999999955e+02 5.100000000000000000e+01 3.000000000000000000e+01 1.000000000000000000e+00 0.000000000000000000e+00
7.713700000000000045e+02 5.800000000000000000e+01 2.300000000000000000e+01 0.000000000000000000e+00 0.000000000000000000e+00
7.759900000000000091e+02 5.400000000000000000e+01 3.200000000000000000e+01 1.000000000000000000e+00 0.000000000000000000e+00
7.775900000000000318e+02 5.600000000000000000e+01 1.400000000000000000e+01 1.000000000000000000e+00 0.000000000000000000e+00
7.796399999999999864e+02 5.500000000000000000e+01 2.200000000000000000e+01 0.000000000000000000e+00 0.000000000000000000e+00
7.821900000000000546e+02 5.600000000000000000e+01 1.200000000000000000e+01 1.000000000000000000e+00 0.000000000000000000e+00
7.870399999999999636e+02 5.200000000000000000e+01 2.400000000000000000e+01 0.000000000000000000e+00 0.000000000000000000e+00
7.885000000000000000e+02 5.100000000000000000e+01 2.600000000000000000e+01 0.000000000000000000e+00 0.000000000000000000e+00
7.898200000000000500e+02 5.200000000000000000e+01 3.100000000000000000e+01 1.000000000000000000e+00 0.000000000000000000e+00
7.906200000000000045e+02 5.600000000000000000e+01 3.200000000000000000e+01 1.000000000000000000e+00 0.000000000000000000e+00
7.906299999999999955e+02 5.600000000000000000e+01 3.200000000000000000e+01 1.000000000000000000e+00 0.000000000000000000e+00
7.915000000000000000e+02 5.700000000000000000e+01 2.800000000000000000e+01 1.000000000000000000e+00 0.000000000000000000e+00
7.916699999999999591e+02 5.100000000000000000e+01 2.900000000000000000e+01 1.000000000000000000e+00 0.000000000000000000e+00
7.924800000000000182e+02 5.300000000000000000e+01 2.300000000000000000e+01 0.000000000000000000e+00 0.000000000000000000e+00
7.985599999999999454e+02 5.300000000000000000e+01 2.900000000000000000e+01 1.000000000000000000e+00 0.000000000000000000e+00
8.020299999999999727e+02 5.700000000000000000e+01 2.700000000000000000e+01 1.000000000000000000e+00 0.000000000000000000e+00
8.020499999999999545e+02 5.700000000000000000e+01 2.700000000000000000e+01 1.000000000000000000e+00 0.000000000000000000e+00
8.025599999999999454e+02 5.800000000000000000e+01 2.900000000000000000e+01 1.000000000000000000e+00 0.000000000000000000e+00
8.042999999999999545e+02 5.500000000000000000e+01 2.400000000000000000e+01 0.000000000000000000e+00 0.000000000000000000e+00
8.055299999999999727e+02 5.500000000000000000e+01 3.200000000000000000e+01 1.000000000000000000e+00 0.000000000000000000e+00
8.055800000000000409e+02 5.100000000000000000e+01 2.500000000000000000e+01 0.000000000000000000e+00 0.000000000000000000e+00
8.098099999999999454e+02 5.300000000000000000e+01 3.400000000000000000e+01 1.000000000000000000e+00 0.000000000000000000e+00
8.101499999999999773e+02 5.200000000000000000e+01 2.400000000000000000e+01 0.000000000000000000e+00 0.000000000000000000e+00
8.101599999999999682e+02 6.000000000000000000e+01 2.600000000000000000e+01 0.000000000000000000e+00 0.000000000000000000e+00
8.107000000000000455e+02 5.300000000000000000e+01 2.300000000000000000e+01 0.000000000000000000e+00 0.000000000000000000e+00
8.110499999999999545e+02 5.500000000000000000e+01 2.200000000000000000e+01 0.000000000000000000e+00 0.000000000000000000e+00
8.178700000000000045e+02 5.500000000000000000e+01 2.200000000000000000e+01 0.000000000000000000e+00 0.000000000000000000e+00
8.180299999999999727e+02 5.300000000000000000e+01 3.100000000000000000e+01 1.000000000000000000e+00 0.000000000000000000e+00
8.188799999999999955e+02 5.600000000000000000e+01 8.000000000000000000e+00 1.000000000000000000e+00 0.000000000000000000e+00
8.233300000000000409e+02 5.600000000000000000e+01 2.300000000000000000e+01 0.000000000000000000e+00 0.000000000000000000e+00
8.235900000000000318e+02 5.500000000000000000e+01 2.700000000000000000e+01 1.000000000000000000e+00 0.000000000000000000e+00
8.236000000000000227e+02 5.500000000000000000e+01 2.700000000000000000e+01 1.000000000000000000e+00 0.000000000000000000e+00
8.272999999999999545e+02 5.700000000000000000e+01 2.200000000000000000e+01 0.000000000000000000e+00 0.000000000000000000e+00
8.282599999999999909e+02 4.700000000000000000e+01 3.500000000000000000e+01 1.000000000000000000e+00 0.000000000000000000e+00
8.300599999999999454e+02 5.800000000000000000e+01 3.100000000000000000e+01 1.000000000000000000e+00 0.000000000000000000e+00
8.303200000000000500e+02 5.200000000000000000e+01 3.000000000000000000e+01 1.000000000000000000e+00 0.000000000000000000e+00
8.317599999999999909e+02 6.100000000000000000e+01 3.400000000000000000e+01 1.000000000000000000e+00 0.000000000000000000e+00
8.317699999999999818e+02 6.100000000000000000e+01 3.400000000000000000e+01 1.000000000000000000e+00 0.000000000000000000e+00
8.317799999999999727e+02 6.100000000000000000e+01 3.400000000000000000e+01 1.000000000000000000e+00 0.000000000000000000e+00
8.348200000000000500e+02 5.500000000000000000e+01 2.800000000000000000e+01 0.000000000000000000e+00 0.000000000000000000e+00
8.392400000000000091e+02 5.500000000000000000e+01 2.200000000000000000e+01 0.000000000000000000e+00 0.000000000000000000e+00
8.415199999999999818e+02 5.100000000000000000e+01 2.600000000000000000e+01 0.000000000000000000e+00 0.000000000000000000e+00
8.419099999999999682e+02 5.400000000000000000e+01 2.700000000000000000e+01 1.000000000000000000e+00 0.000000000000000000e+00
8.427200000000000273e+02 5.600000000000000000e+01 3.000000000000000000e+00 1.000000000000000000e+00 0.000000000000000000e+00
8.427300000000000182e+02 5.600000000000000000e+01 3.000000000000000000e+00 1.000000000000000000e+00 0.000000000000000000e+00
8.484900000000000091e+02 6.000000000000000000e+01 2.900000000000000000e+01 1.000000000000000000e+00 0.000000000000000000e+00
8.485000000000000000e+02 6.000000000000000000e+01 2.900000000000000000e+01 1.000000000000000000e+00 0.000000000000000000e+00
8.535000000000000000e+02 5.900000000000000000e+01 3.200000000000000000e+01 1.000000000000000000e+00 0.000000000000000000e+00
8.539800000000000182e+02 5.600000000000000000e+01 2.200000000000000000e+01 0.000000000000000000e+00 0.000000000000000000e+00
8.542799999999999727e+02 5.400000000000000000e+01 2.200000000000000000e+01 0.000000000000000000e+00 0.000000000000000000e+00
8.567500000000000000e+02 5.300000000000000000e+01 2.400000000000000000e+01 0.000000000000000000e+00 0.000000000000000000e+00
8.573999999999999773e+02 5.200000000000000000e+01 2.400000000000000000e+01 0.000000000000000000e+00 0.000000000000000000e+00
8.602999999999999545e+02 5.600000000000000000e+01 2.800000000000000000e+01 0.000000000000000000e+00 0.000000000000000000e+00
8.609299999999999500e+02 5.100000000000000000e+01 2.500000000000000000e+01 0.000000000000000000e+00 0.000000000000000000e+00
8.611200000000000045e+02 5.100000000000000000e+01 2.600000000000000000e+01 0.000000000000000000e+00 0.000000000000000000e+00
8.620099999999999909e+02 5.100000000000000000e+01 2.800000000000000000e+01 1.000000000000000000e+00 0.000000000000000000e+00
8.655599999999999454e+02 5.700000000000000000e+01 2.200000000000000000e+01 0.000000000000000000e+00 0.000000000000000000e+00
8.656299999999999955e+02 5.500000000000000000e+01 3.100000000000000000e+01 1.000000000000000000e+00 0.000000000000000000e+00
8.700099999999999909e+02 5.200000000000000000e+01 3.000000000000000000e+01 1.000000000000000000e+00 0.000000000000000000e+00
8.713400000000000318e+02 5.700000000000000000e+01 3.200000000000000000e+01 1.000000000000000000e+00 0.000000000000000000e+00
8.724800000000000182e+02 5.600000000000000000e+01 2.100000000000000000e+01 0.000000000000000000e+00 0.000000000000000000e+00
8.742599999999999909e+02 5.400000000000000000e+01 3.100000000000000000e+01 1.000000000000000000e+00 0.000000000000000000e+00
8.788799999999999955e+02 5.300000000000000000e+01 2.300000000000000000e+01 0.000000000000000000e+00 0.000000000000000000e+00
8.811200000000000045e+02 5.300000000000000000e+01 3.100000000000000000e+01 1.000000000000000000e+00 0.000000000000000000e+00
8.819099999999999682e+02 5.500000000000000000e+01 2.700000000000000000e+01 1.000000000000000000e+00 0.000000000000000000e+00
8.859600000000000364e+02 5.700000000000000000e+01 2.300000000000000000e+01 0.000000000000000000e+00 0.000000000000000000e+00
8.874199999999999591e+02 5.400000000000000000e+01 2.200000000000000000e+01 0.000000000000000000e+00 0.000000000000000000e+00
8.889299999999999500e+02 5.600000000000000000e+01 2.700000000000000000e+01 1.000000000000000000e+00 0.000000000000000000e+00
8.889400000000000546e+02 5.600000000000000000e+01 2.700000000000000000e+01 1.000000000000000000e+00 0.000000000000000000e+00
8.894800000000000182e+02 5.700000000000000000e+01 3.000000000000000000e+01 1.000000000000000000e+00 0.000000000000000000e+00
8.898200000000000500e+02 6.000000000000000000e+01 3.000000000000000000e+01 1.000000000000000000e+00 0.000000000000000000e+00
8.898300000000000409e+02 6.000000000000000000e+01 3.000000000000000000e+01 1.000000000000000000e+00 0.000000000000000000e+00
8.899099999999999682e+02 5.800000000000000000e+01 2.300000000000000000e+01 0.000000000000000000e+00 0.000000000000000000e+00
8.899400000000000546e+02 5.900000000000000000e+01 3.000000000000000000e+01 1.000000000000000000e+00 0.000000000000000000e+00
8.907599999999999909e+02 6.000000000000000000e+01 2.800000000000000000e+01 1.000000000000000000e+00 0.000000000000000000e+00
8.914800000000000182e+02 5.800000000000000000e+01 2.700000000000000000e+01 1.000000000000000000e+00 0.000000000000000000e+00
8.916299999999999955e+02 5.300000000000000000e+01 2.900000000000000000e+01 1.000000000000000000e+00 0.000000000000000000e+00
8.916399999999999864e+02 5.300000000000000000e+01 2.900000000000000000e+01 1.000000000000000000e+00 0.000000000000000000e+00
9.030199999999999818e+02 6.000000000000000000e+01 2.600000000000000000e+01 0.000000000000000000e+00 0.000000000000000000e+00
9.037699999999999818e+02 5.500000000000000000e+01 2.200000000000000000e+01 0.000000000000000000e+00 0.000000000000000000e+00
9.045299999999999727e+02 5.100000000000000000e+01 2.900000000000000000e+01 1.000000000000000000e+00 0.000000000000000000e+00
9.063999999999999773e+02 5.400000000000000000e+01 2.300000000000000000e+01 0.000000000000000000e+00 0.000000000000000000e+00
9.082200000000000273e+02 5.400000000000000000e+01 2.200000000000000000e+01 0.000000000000000000e+00 0.000000000000000000e+00
9.083099999999999454e+02 5.500000000000000000e+01 2.100000000000000000e+01 0.000000000000000000e+00 0.000000000000000000e+00
9.088099999999999454e+02 5.200000000000000000e+01 2.300000000000000000e+01 0.000000000000000000e+00 0.000000000000000000e+00
9.156399999999999864e+02 5.200000000000000000e+01 2.300000000000000000e+01 0.000000000000000000e+00 0.000000000000000000e+00
9.160800000000000409e+02 5.900000000000000000e+01 2.300000000000000000e+01 0.000000000000000000e+00 0.000000000000000000e+00
9.165399999999999636e+02 5.500000000000000000e+01 2.300000000000000000e+01 1.000000000000000000e+00 0.000000000000000000e+00
9.182000000000000455e+02 5.600000000000000000e+01 1.600000000000000000e+01 1.000000000000000000e+00 0.000000000000000000e+00
9.191100000000000136e+02 5.500000000000000000e+01 2.200000000000000000e+01 0.000000000000000000e+00 0.000000000000000000e+00
9.192999999999999545e+02 5.600000000000000000e+01 2.200000000000000000e+01 0.000000000000000000e+00 0.000000000000000000e+00
9.235800000000000409e+02 5.800000000000000000e+01 3.100000000000000000e+01 1.000000000000000000e+00 0.000000000000000000e+00
9.241599999999999682e+02 5.600000000000000000e+01 2.800000000000000000e+01 0.000000000000000000e+00 0.000000000000000000e+00
9.271100000000000136e+02 5.600000000000000000e+01 2.300000000000000000e+01 0.000000000000000000e+00 0.000000000000000000e+00
9.274800000000000182e+02 5.400000000000000000e+01 2.700000000000000000e+01 0.000000000000000000e+00 0.000000000000000000e+00
9.276499999999999773e+02 5.700000000000000000e+01 2.200000000000000000e+01 0.000000000000000000e+00 0.000000000000000000e+00
9.285599999999999454e+02 5.400000000000000000e+01 3.200000000000000000e+01 1.000000000000000000e+00 0.000000000000000000e+00
9.306799999999999500e+02 5.200000000000000000e+01 3.000000000000000000e+01 1.000000000000000000e+00 0.000000000000000000e+00
9.331200000000000045e+02 5.400000000000000000e+01 2.200000000000000000e+01 0.000000000000000000e+00 0.000000000000000000e+00
9.358099999999999454e+02 5.300000000000000000e+01 2.300000000000000000e+01 0.000000000000000000e+00 0.000000000000000000e+00
9.360499999999999545e+02 5.100000000000000000e+01 2.500000000000000000e+01 0.000000000000000000e+00 0.000000000000000000e+00
9.395900000000000318e+02 5.600000000000000000e+01 3.200000000000000000e+01 1.000000000000000000e+00 0.000000000000000000e+00
9.406299999999999955e+02 5.800000000000000000e+01 2.900000000000000000e+01 0.000000000000000000e+00 0.000000000000000000e+00
9.418999999999999773e+02 5.600000000000000000e+01 4.000000000000000000e+00 1.000000000000000000e+00 0.000000000000000000e+00
9.421000000000000227e+02 5.600000000000000000e+01 2.700000000000000000e+01 1.000000000000000000e+00 0.000000000000000000e+00
9.431399999999999864e+02 5.500000000000000000e+01 3.000000000000000000e+01 1.000000000000000000e+00 0.000000000000000000e+00
9.442300000000000182e+02 5.600000000000000000e+01 2.000000000000000000e+01 1.000000000000000000e+00 0.000000000000000000e+00
9.444800000000000182e+02 5.600000000000000000e+01 3.100000000000000000e+01 1.000000000000000000e+00 0.000000000000000000e+00
9.459299999999999500e+02 5.200000000000000000e+01 2.300000000000000000e+01 0.000000000000000000e+00 0.000000000000000000e+00
9.499400000000000546e+02 5.400000000000000000e+01 3.100000000000000000e+01 1.000000000000000000e+00 0.000000000000000000e+00
9.511799999999999500e+02 5.600000000000000000e+01 3.000000000000000000e+01 1.000000000000000000e+00 0.000000000000000000e+00
9.517000000000000455e+02 5.400000000000000000e+01 2.200000000000000000e+01 0.000000000000000000e+00 0.000000000000000000e+00
9.532699999999999818e+02 5.700000000000000000e+01 3.100000000000000000e+01 1.000000000000000000e+00 0.000000000000000000e+00
9.614199999999999591e+02 5.900000000000000000e+01 2.300000000000000000e+01 0.000000000000000000e+00 0.000000000000000000e+00
9.616200000000000045e+02 2.700000000000000000e+01 1.300000000000000000e+01 0.000000000000000000e+00 0.000000000000000000e+00
9.624800000000000182e+02 5.100000000000000000e+01 2.400000000000000000e+01 0.000000000000000000e+00 0.000000000000000000e+00
9.650299999999999727e+02 5.300000000000000000e+01 3.100000000000000000e+01 1.000000000000000000e+00 0.000000000000000000e+00
9.660299999999999727e+02 5.200000000000000000e+01 3.500000000000000000e+01 1.000000000000000000e+00 0.000000000000000000e+00
9.677200000000000273e+02 5.700000000000000000e+01 2.600000000000000000e+01 1.000000000000000000e+00 0.000000000000000000e+00
9.677300000000000182e+02 5.700000000000000000e+01 2.600000000000000000e+01 1.000000000000000000e+00 0.000000000000000000e+00
9.689400000000000546e+02 5.600000000000000000e+01 1.300000000000000000e+01 1.000000000000000000e+00 0.000000000000000000e+00
9.757599999999999909e+02 5.600000000000000000e+01 1.300000000000000000e+01 1.000000000000000000e+00 0.000000000000000000e+00
9.768200000000000500e+02 5.400000000000000000e+01 3.000000000000000000e+01 1.000000000000000000e+00 0.000000000000000000e+00
9.782599999999999909e+02 5.300000000000000000e+01 2.700000000000000000e+01 1.000000000000000000e+00 0.000000000000000000e+00
9.790700000000000500e+02 5.500000000000000000e+01 3.100000000000000000e+01 1.000000000000000000e+00 0.000000000000000000e+00
9.790800000000000409e+02 5.500000000000000000e+01 3.100000000000000000e+01 1.000000000000000000e+00 0.000000000000000000e+00
9.843200000000000500e+02 5.900000000000000000e+01 3.300000000000000000e+01 1.000000000000000000e+00 0.000000000000000000e+00
9.883300000000000409e+02 5.300000000000000000e+01 2.200000000000000000e+01 0.000000000000000000e+00 0.000000000000000000e+00
9.905199999999999818e+02 5.600000000000000000e+01 2.100000000000000000e+01 0.000000000000000000e+00 0.000000000000000000e+00
9.909700000000000273e+02 5.200000000000000000e+01 2.300000000000000000e+01 0.000000000000000000e+00 0.000000000000000000e+00
9.921100000000000136e+02 5.800000000000000000e+01 2.800000000000000000e+01 1.000000000000000000e+00 0.000000000000000000e+00
9.934299999999999500e+02 5.900000000000000000e+01 2.700000000000000000e+01 1.000000000000000000e+00 0.000000000000000000e+00
9.970499999999999545e+02 5.600000000000000000e+01 6.000000000000000000e+00 1.000000000000000000e+00 0.000000000000000000e+00
9.977799999999999727e+02 5.400000000000000000e+01 3.100000000000000000e+01 1.000000000000000000e+00 0.000000000000000000e+00
