0.000000000000000000e+00 5.700000000000000000e+01 3.000000000000000000e+01 1.000000000000000000e+00 0.000000000000000000e+00
1.830000000000000071e+00 4.600000000000000000e+01 3.200000000000000000e+01 1.000000000000000000e+00 0.000000000000000000e+00
4.349999999999999645e+00 6.000000000000000000e+00 5.600000000000000000e+01 0.000000000000000000e+00 0.000000000000000000e+00
5.480000000000000426e+00 4.400000000000000000e+01 3.200000000000000000e+01 1.000000000000000000e+00 0.000000000000000000e+00
5.490000000000000213e+00 4.400000000000000000e+01 3.200000000000000000e+01 1.000000000000000000e+00 0.000000000000000000e+00
8.220000000000000639e+00 5.300000000000000000e+01 3.500000000000000000e+01 1.000000000000000000e+00 0.000000000000000000e+00
8.230000000000000426e+00 5.300000000000000000e+01 3.500000000000000000e+01 1.000000000000000000e+00 0.000000000000000000e+00
1.464000000000000057e+01 5.600000000000000000e+01 1.500000000000000000e+01 1.000000000000000000e+00 0.000000000000000000e+00
1.532000000000000028e+01 6.200000000000000000e+01 3.700000000000000000e+01 1.000000000000000000e+00 0.000000000000000000e+00
1.585999999999999943e+01 5.000000000000000000e+01 4.300000000000000000e+01 0.000000000000000000e+00 0.000000000000000000e+00
1.597000000000000064e+01 5.400000000000000000e+01 3.800000000000000000e+01 0.000000000000000000e+00 0.000000000000000000e+00
1.800000000000000000e+01 5.400000000000000000e+01 3.600000000000000000e+01 1.000000000000000000e+00 0.000000000000000000e+00
2.205999999999999872e+01 5.400000000000000000e+01 4.200000000000000000e+01 0.000000000000000000e+00 0.000000000000000000e+00
2.291000000000000014e+01 6.100000000000000000e+01 3.600000000000000000e+01 1.000000000000000000e+00 0.000000000000000000e+00
2.305999999999999872e+01 5.300000000000000000e+01 3.900000000000000000e+01 0.000000000000000000e+00 0.000000000000000000e+00
2.612000000000000099e+01 5.900000000000000000e+01 4.100000000000000000e+01 1.000000000000000000e+00 0.000000000000000000e+00
2.612999999999999901e+01 5.900000000000000000e+01 4.100000000000000000e+01 1.000000000000000000e+00 0.000000000000000000e+00
2.750000000000000000e+01 5.700000000000000000e+01 3.800000000000000000e+01 0.000000000000000000e+00 0.000000000000000000e+00
2.962999999999999901e+01 4.800000000000000000e+01 4.200000000000000000e+01 1.000000000000000000e+00 0.000000000000000000e+00
2.964000000000000057e+01 4.800000000000000000e+01 4.200000000000000000e+01 1.000000000000000000e+00 0.000000000000000000e+00
3.067000000000000171e+01 5.000000000000000000e+01 3.700000000000000000e+01 1.000000000000000000e+00 0.000000000000000000e+00
3.514999999999999858e+01 5.300000000000000000e+01 2.500000000000000000e+01 1.000000000000000000e+00 0.000000000000000000e+00
3.567000000000000171e+01 5.600000000000000000e+01 4.300000000000000000e+01 0.000000000000000000e+00 0.000000000000000000e+00
3.942000000000000171e+01 5.100000000000000000e+01 3.600000000000000000e+01 1.000000000000000000e+00 0.000000000000000000e+00
4.202000000000000313e+01 6.000000000000000000e+01 4.300000000000000000e+01 1.000000000000000000e+00 0.000000000000000000e+00
4.432999999999999829e+01 5.200000000000000000e+01 3.500000000000000000e+01 1.000000000000000000e+00 0.000000000000000000e+00
4.435000000000000142e+01 5.000000000000000000e+01 4.800000000000000000e+01 1.000000000000000000e+00 0.000000000000000000e+00
4.435999999999999943e+01 5.000000000000000000e+01 4.800000000000000000e+01 1.000000000000000000e+00 0.000000000000000000e+00
4.446999999999999886e+01 5.800000000000000000e+01 3.800000000000000000e+01 0.000000000000000000e+00 0.000000000000000000e+00
4.510000000000000142e+01 6.300000000000000000e+01 3.900000000000000000e+01 1.000000000000000000e+00 0.000000000000000000e+00
4.777000000000000313e+01 5.900000000000000000e+01 3.400000000000000000e+01 1.000000000000000000e+00 0.000000000000000000e+00
4.896000000000000085e+01 6.400000000000000000e+01 4.300000000000000000e+01 1.000000000000000000e+00 0.000000000000000000e+00
4.896999999999999886e+01 6.400000000000000000e+01 4.300000000000000000e+01 1.000000000000000000e+00 0.000000000000000000e+00
4.964000000000000057e+01 5.500000000000000000e+01 3.500000000000000000e+01 1.000000000000000000e+00 0.000000000000000000e+00
4.968999999999999773e+01 6.300000000000000000e+01 4.600000000000000000e+01 1.000000000000000000e+00 0.000000000000000000e+00
5.082000000000000028e+01 5.900000000000000000e+01 4.600000000000000000e+01 0.000000000000000000e+00 0.000000000000000000e+00
5.192999999999999972e+01 5.900000000000000000e+01 2.300000000000000000e+01 1.000000000000000000e+00 0.000000000000000000e+00
5.236999999999999744e+01 5.900000000000000000e+01 3.900000000000000000e+01 0.000000000000000000e+00 0.000000000000000000e+00
5.920000000000000284e+01 5.900000000000000000e+01 3.900000000000000000e+01 0.000000000000000000e+00 0.000000000000000000e+00
6.086999999999999744e+01 5.800000000000000000e+01 3.200000000000000000e+01 1.000000000000000000e+00 0.000000000000000000e+00
6.100000000000000000e+01 4.900000000000000000e+01 4.600000000000000000e+01 1.000000000000000000e+00 0.000000000000000000e+00
6.100999999999999801e+01 4.900000000000000000e+01 4.600000000000000000e+01 1.000000000000000000e+00 0.000000000000000000e+00
6.100999999999999801e+01 4.900000000000000000e+01 4.600000000000000000e+01 1.000000000000000000e+00 0.000000000000000000e+00
6.336999999999999744e+01 6.000000000000000000e+01 3.500000000000000000e+01 1.000000000000000000e+00 0.000000000000000000e+00
6.423999999999999488e+01 6.400000000000000000e+01 4.100000000000000000e+01 1.000000000000000000e+00 0.000000000000000000e+00
6.425000000000000000e+01 6.400000000000000000e+01 4.100000000000000000e+01 1.000000000000000000e+00 0.000000000000000000e+00
6.651999999999999602e+01 4.700000000000000000e+01 3.900000000000000000e+01 1.000000000000000000e+00 0.000000000000000000e+00
6.653000000000000114e+01 4.700000000000000000e+01 3.900000000000000000e+01 1.000000000000000000e+00 0.000000000000000000e+00
6.887999999999999545e+01 6.100000000000000000e+01 4.100000000000000000e+01 1.000000000000000000e+00 0.000000000000000000e+00
6.904000000000000625e+01 5.100000000000000000e+01 4.400000000000000000e+01 0.000000000000000000e+00 0.000000000000000000e+00
7.164000000000000057e+01 5.500000000000000000e+01 2.900000000000000000e+01 1.000000000000000000e+00 0.000000000000000000e+00
7.359999999999999432e+01 5.300000000000000000e+01 3.500000000000000000e+01 1.000000000000000000e+00 0.000000000000000000e+00
7.981999999999999318e+01 4.800000000000000000e+01 4.300000000000000000e+01 1.000000000000000000e+00 0.000000000000000000e+00
7.982999999999999829e+01 4.800000000000000000e+01 4.300000000000000000e+01 1.000000000000000000e+00 0.000000000000000000e+00
7.984000000000000341e+01 4.800000000000000000e+01 4.300000000000000000e+01 1.000000000000000000e+00 0.000000000000000000e+00
8.145000000000000284e+01 4.800000000000000000e+01 4.100000000000000000e+01 1.000000000000000000e+00 0.000000000000000000e+00
8.270000000000000284e+01 5.900000000000000000e+01 3.900000000000000000e+01 0.000000000000000000e+00 0.000000000000000000e+00
8.445000000000000284e+01 6.400000000000000000e+01 4.400000000000000000e+01 1.000000000000000000e+00 0.000000000000000000e+00
8.445000000000000284e+01 6.100000000000000000e+01 4.200000000000000000e+01 0.000000000000000000e+00 0.000000000000000000e+00
8.445999999999999375e+01 6.400000000000000000e+01 4.400000000000000000e+01 1.000000000000000000e+00 0.000000000000000000e+00
8.765999999999999659e+01 5.200000000000000000e+01 3.800000000000000000e+01 0.000000000000000000e+00 0.000000000000000000e+00
9.201999999999999602e+01 5.300000000000000000e+01 5.000000000000000000e+01 1.000000000000000000e+00 0.000000000000000000e+00
9.285999999999999943e+01 5.100000000000000000e+01 4.300000000000000000e+01 0.000000000000000000e+00 0.000000000000000000e+00
9.398999999999999488e+01 6.100000000000000000e+01 3.600000000000000000e+01 1.000000000000000000e+00 0.000000000000000000e+00
9.843999999999999773e+01 5.100000000000000000e+01 4.100000000000000000e+01 0.000000000000000000e+00 0.000000000000000000e+00
9.979000000000000625e+01 5.100000000000000000e+01 4.600000000000000000e+01 0.000000000000000000e+00 0.000000000000000000e+00
1.008700000000000045e+02 5.000000000000000000e+01 3.700000000000000000e+01 1.000000000000000000e+00 0.000000000000000000e+00
1.017800000000000011e+02 4.400000000000000000e+01 4.200000000000000000e+01 1.000000000000000000e+00 0.000000000000000000e+00
1.017900000000000063e+02 4.400000000000000000e+01 4.200000000000000000e+01 1.000000000000000000e+00 0.000000000000000000e+00
1.026800000000000068e+02 4.200000000000000000e+01 3.600000000000000000e+01 1.000000000000000000e+00 0.000000000000000000e+00
1.027699999999999960e+02 6.000000000000000000e+01 3.400000000000000000e+01 1.000000000000000000e+00 0.000000000000000000e+00
1.045999999999999943e+02 5.100000000000000000e+01 3.600000000000000000e+01 1.000000000000000000e+00 0.000000000000000000e+00
1.068700000000000045e+02 5.700000000000000000e+01 3.200000000000000000e+01 1.000000000000000000e+00 0.000000000000000000e+00
1.068799999999999955e+02 5.700000000000000000e+01 3.200000000000000000e+01 1.000000000000000000e+00 0.000000000000000000e+00
1.115900000000000034e+02 5.800000000000000000e+01 3.900000000000000000e+01 1.000000000000000000e+00 0.000000000000000000e+00
1.142800000000000011e+02 4.800000000000000000e+01 4.200000000000000000e+01 1.000000000000000000e+00 0.000000000000000000e+00
1.149399999999999977e+02 5.600000000000000000e+01 7.000000000000000000e+00 1.000000000000000000e+00 0.000000000000000000e+00
1.151500000000000057e+02 6.400000000000000000e+01 4.000000000000000000e+01 1.000000000000000000e+00 0.000000000000000000e+00
1.161599999999999966e+02 5.800000000000000000e+01 4.000000000000000000e+01 0.000000000000000000e+00 0.000000000000000000e+00
1.205300000000000011e+02 5.500000000000000000e+01 3.900000000000000000e+01 0.000000000000000000e+00 0.000000000000000000e+00
1.205799999999999983e+02 5.900000000000000000e+01 4.200000000000000000e+01 1.000000000000000000e+00 0.000000000000000000e+00
1.226400000000000006e+02 5.600000000000000000e+01 1.400000000000000000e+01 1.000000000000000000e+00 0.000000000000000000e+00
1.237699999999999960e+02 5.900000000000000000e+01 3.900000000000000000e+01 0.000000000000000000e+00 0.000000000000000000e+00
1.257800000000000011e+02 4.700000000000000000e+01 3.800000000000000000e+01 1.000000000000000000e+00 0.000000000000000000e+00
1.268499999999999943e+02 5.400000000000000000e+01 3.500000000000000000e+01 1.000000000000000000e+00 0.000000000000000000e+00
1.292100000000000080e+02 4.700000000000000000e+01 4.100000000000000000e+01 1.000000000000000000e+00 0.000000000000000000e+00
1.351699999999999875e+02 4.900000000000000000e+01 3.900000000000000000e+01 1.000000000000000000e+00 0.000000000000000000e+00
1.351800000000000068e+02 4.900000000000000000e+01 3.900000000000000000e+01 1.000000000000000000e+00 0.000000000000000000e+00
1.365399999999999920e+02 4.900000000000000000e+01 3.200000000000000000e+01 1.000000000000000000e+00 0.000000000000000000e+00
1.368300000000000125e+02 5.000000000000000000e+01 3.300000000000000000e+01 1.000000000000000000e+00 0.000000000000000000e+00
1.368400000000000034e+02 5.000000000000000000e+01 3.300000000000000000e+01 1.000000000000000000e+00 0.000000000000000000e+00
1.375600000000000023e+02 5.600000000000000000e+01 3.900000000000000000e+01 0.000000000000000000e+00 0.000000000000000000e+00
1.388600000000000136e+02 5.000000000000000000e+01 3.800000000000000000e+01 1.000000000000000000e+00 0.000000000000000000e+00
1.390500000000000114e+02 4.900000000000000000e+01 2.600000000000000000e+01 1.000000000000000000e+00 0.000000000000000000e+00
1.395800000000000125e+02 4.800000000000000000e+01 4.300000000000000000e+01 1.000000000000000000e+00 0.000000000000000000e+00
1.395900000000000034e+02 4.800000000000000000e+01 4.300000000000000000e+01 1.000000000000000000e+00 0.000000000000000000e+00
1.413899999999999864e+02 4.900000000000000000e+01 4.700000000000000000e+01 1.000000000000000000e+00 0.000000000000000000e+00
1.414499999999999886e+02 5.200000000000000000e+01 3.600000000000000000e+01 1.000000000000000000e+00 0.000000000000000000e+00
1.416500000000000057e+02 5.200000000000000000e+01 4.900000000000000000e+01 1.000000000000000000e+00 0.000000000000000000e+00
1.484799999999999898e+02 5.200000000000000000e+01 4.900000000000000000e+01 1.000000000000000000e+00 0.000000000000000000e+00
1.528499999999999943e+02 6.100000000000000000e+01 4.000000000000000000e+01 0.000000000000000000e+00 0.000000000000000000e+00
1.574000000000000057e+02 6.300000000000000000e+01 3.800000000000000000e+01 1.000000000000000000e+00 0.000000000000000000e+00
1.574099999999999966e+02 6.300000000000000000e+01 3.800000000000000000e+01 1.000000000000000000e+00 0.000000000000000000e+00
1.574199999999999875e+02 6.300000000000000000e+01 3.800000000000000000e+01 1.000000000000000000e+00 0.000000000000000000e+00
1.605900000000000034e+02 5.300000000000000000e+01 3.600000000000000000e+01 0.000000000000000000e+00 0.000000000000000000e+00
1.629199999999999875e+02 6.200000000000000000e+01 3.700000000000000000e+01 1.000000000000000000e+00 0.000000000000000000e+00
1.697500000000000000e+02 6.200000000000000000e+01 3.700000000000000000e+01 1.000000000000000000e+00 0.000000000000000000e+00
1.765699999999999932e+02 6.200000000000000000e+01 3.700000000000000000e+01 1.000000000000000000e+00 0.000000000000000000e+00
1.785399999999999920e+02 5.000000000000000000e+01 3.700000000000000000e+01 1.000000000000000000e+00 0.000000000000000000e+00
1.785500000000000114e+02 5.000000000000000000e+01 3.700000000000000000e+01 1.000000000000000000e+00 0.000000000000000000e+00
1.839799999999999898e+02 4.800000000000000000e+01 4.000000000000000000e+01 1.000000000000000000e+00 0.000000000000000000e+00
1.851200000000000045e+02 5.200000000000000000e+01 4.000000000000000000e+01 1.000000000000000000e+00 0.000000000000000000e+00
1.858700000000000045e+02 5.200000000000000000e+01 3.800000000000000000e+01 0.000000000000000000e+00 0.000000000000000000e+00
1.889000000000000057e+02 5.400000000000000000e+01 3.600000000000000000e+01 1.000000000000000000e+00 0.000000000000000000e+00
1.900399999999999920e+02 4.800000000000000000e+01 4.400000000000000000e+01 1.000000000000000000e+00 0.000000000000000000e+00
1.918400000000000034e+02 4.300000000000000000e+01 3.800000000000000000e+01 1.000000000000000000e+00 0.000000000000000000e+00
1.921800000000000068e+02 6.800000000000000000e+01 2.800000000000000000e+01 1.000000000000000000e+00 0.000000000000000000e+00
1.935000000000000000e+02 5.300000000000000000e+01 3.500000000000000000e+01 1.000000000000000000e+00 0.000000000000000000e+00
1.937599999999999909e+02 5.600000000000000000e+01 3.300000000000000000e+01 0.000000000000000000e+00 0.000000000000000000e+00
1.944199999999999875e+02 6.400000000000000000e+01 4.200000000000000000e+01 1.000000000000000000e+00 0.000000000000000000e+00
1.944300000000000068e+02 6.400000000000000000e+01 4.200000000000000000e+01 1.000000000000000000e+00 0.000000000000000000e+00
1.978799999999999955e+02 4.800000000000000000e+01 3.700000000000000000e+01 1.000000000000000000e+00 0.000000000000000000e+00
1.996599999999999966e+02 5.600000000000000000e+01 3.000000000000000000e+01 1.000000000000000000e+00 0.000000000000000000e+00
2.023899999999999864e+02 6.100000000000000000e+01 1.600000000000000000e+01 1.000000000000000000e+00 0.000000000000000000e+00
2.032700000000000102e+02 5.100000000000000000e+01 4.500000000000000000e+01 0.000000000000000000e+00 0.000000000000000000e+00
2.035399999999999920e+02 4.900000000000000000e+01 4.600000000000000000e+01 1.000000000000000000e+00 0.000000000000000000e+00
2.035500000000000114e+02 4.900000000000000000e+01 4.600000000000000000e+01 1.000000000000000000e+00 0.000000000000000000e+00
2.042199999999999989e+02 5.200000000000000000e+01 4.900000000000000000e+01 1.000000000000000000e+00 0.000000000000000000e+00
2.049799999999999898e+02 5.600000000000000000e+01 2.600000000000000000e+01 1.000000000000000000e+00 0.000000000000000000e+00
2.055000000000000000e+02 6.300000000000000000e+01 3.900000000000000000e+01 1.000000000000000000e+00 0.000000000000000000e+00
2.064499999999999886e+02 5.100000000000000000e+01 3.700000000000000000e+01 1.000000000000000000e+00 0.000000000000000000e+00
2.064699999999999989e+02 6.300000000000000000e+01 4.200000000000000000e+01 0.000000000000000000e+00 0.000000000000000000e+00
2.090999999999999943e+02 5.600000000000000000e+01 3.500000000000000000e+01 1.000000000000000000e+00 0.000000000000000000e+00
2.114600000000000080e+02 5.000000000000000000e+01 4.700000000000000000e+01 1.000000000000000000e+00 0.000000000000000000e+00
2.119199999999999875e+02 6.200000000000000000e+01 4.700000000000000000e+01 1.000000000000000000e+00 0.000000000000000000e+00
2.120900000000000034e+02 6.200000000000000000e+01 4.100000000000000000e+01 0.000000000000000000e+00 0.000000000000000000e+00
2.145000000000000000e+02 5.900000000000000000e+01 3.500000000000000000e+01 1.000000000000000000e+00 0.000000000000000000e+00
2.145099999999999909e+02 5.900000000000000000e+01 3.500000000000000000e+01 1.000000000000000000e+00 0.000000000000000000e+00
2.177199999999999989e+02 5.600000000000000000e+01 3.200000000000000000e+01 1.000000000000000000e+00 0.000000000000000000e+00
2.187100000000000080e+02 4.900000000000000000e+01 4.400000000000000000e+01 1.000000000000000000e+00 0.000000000000000000e+00
2.191399999999999864e+02 4.900000000000000000e+01 4.000000000000000000e+01 1.000000000000000000e+00 0.000000000000000000e+00
2.201599999999999966e+02 5.100000000000000000e+01 4.800000000000000000e+01 1.000000000000000000e+00 0.000000000000000000e+00
2.201800000000000068e+02 5.100000000000000000e+01 4.800000000000000000e+01 1.000000000000000000e+00 0.000000000000000000e+00
2.207800000000000011e+02 4.900000000000000000e+01 3.900000000000000000e+01 1.000000000000000000e+00 0.000000000000000000e+00
2.237800000000000011e+02 5.500000000000000000e+01 5.000000000000000000e+01 1.000000000000000000e+00 0.000000000000000000e+00
2.285699999999999932e+02 6.600000000000000000e+01 3.700000000000000000e+01 1.000000000000000000e+00 0.000000000000000000e+00
2.285800000000000125e+02 6.600000000000000000e+01 3.700000000000000000e+01 1.000000000000000000e+00 0.000000000000000000e+00
2.331999999999999886e+02 5.800000000000000000e+01 3.500000000000000000e+01 1.000000000000000000e+00 0.000000000000000000e+00
2.332100000000000080e+02 5.800000000000000000e+01 3.500000000000000000e+01 1.000000000000000000e+00 0.000000000000000000e+00
2.335699999999999932e+02 6.200000000000000000e+01 3.600000000000000000e+01 1.000000000000000000e+00 0.000000000000000000e+00
2.335800000000000125e+02 6.200000000000000000e+01 3.600000000000000000e+01 1.000000000000000000e+00 0.000000000000000000e+00
2.337500000000000000e+02 5.500000000000000000e+01 3.400000000000000000e+01 1.000000000000000000e+00 0.000000000000000000e+00
2.337599999999999909e+02 5.500000000000000000e+01 3.400000000000000000e+01 1.000000000000000000e+00 0.000000000000000000e+00
2.349699999999999989e+02 6.300000000000000000e+01 4.500000000000000000e+01 1.000000000000000000e+00 0.000000000000000000e+00
2.349799999999999898e+02 6.300000000000000000e+01 4.500000000000000000e+01 1.000000000000000000e+00 0.000000000000000000e+00
2.364499999999999886e+02 6.100000000000000000e+01 3.600000000000000000e+01 1.000000000000000000e+00 0.000000000000000000e+00
2.385900000000000034e+02 5.400000000000000000e+01 3.500000000000000000e+01 1.000000000000000000e+00 0.000000000000000000e+00
2.405900000000000034e+02 4.200000000000000000e+01 3.400000000000000000e+01 1.000000000000000000e+00 0.000000000000000000e+00
2.462199999999999989e+02 4.800000000000000000e+01 4.300000000000000000e+01 1.000000000000000000e+00 0.000000000000000000e+00
2.471500000000000057e+02 5.100000000000000000e+01 4.900000000000000000e+01 1.000000000000000000e+00 0.000000000000000000e+00
2.472400000000000091e+02 5.100000000000000000e+01 4.400000000000000000e+01 0.000000000000000000e+00 0.000000000000000000e+00
2.484900000000000091e+02 5.100000000000000000e+01 4.800000000000000000e+01 1.000000000000000000e+00 0.000000000000000000e+00
2.489900000000000091e+02 4.700000000000000000e+01 3.000000000000000000e+01 1.000000000000000000e+00 0.000000000000000000e+00
2.553700000000000045e+02 6.300000000000000000e+01 4.600000000000000000e+01 1.000000000000000000e+00 0.000000000000000000e+00
2.568600000000000136e+02 5.600000000000000000e+01 3.900000000000000000e+01 0.000000000000000000e+00 0.000000000000000000e+00
2.581499999999999773e+02 4.800000000000000000e+01 4.500000000000000000e+01 1.000000000000000000e+00 0.000000000000000000e+00
2.591100000000000136e+02 5.100000000000000000e+01 3.600000000000000000e+01 1.000000000000000000e+00 0.000000000000000000e+00
2.633999999999999773e+02 4.900000000000000000e+01 4.500000000000000000e+01 1.000000000000000000e+00 0.000000000000000000e+00
2.653500000000000227e+02 6.300000000000000000e+01 4.000000000000000000e+01 1.000000000000000000e+00 0.000000000000000000e+00
2.653600000000000136e+02 6.300000000000000000e+01 4.000000000000000000e+01 1.000000000000000000e+00 0.000000000000000000e+00
2.654200000000000159e+02 5.200000000000000000e+01 4.700000000000000000e+01 1.000000000000000000e+00 0.000000000000000000e+00
2.681000000000000227e+02 6.000000000000000000e+01 3.900000000000000000e+01 0.000000000000000000e+00 0.000000000000000000e+00
2.685299999999999727e+02 5.200000000000000000e+01 3.100000000000000000e+01 1.000000000000000000e+00 0.000000000000000000e+00
2.694900000000000091e+02 6.000000000000000000e+01 4.900000000000000000e+01 1.000000000000000000e+00 0.000000000000000000e+00
2.730099999999999909e+02 5.000000000000000000e+01 3.800000000000000000e+01 1.000000000000000000e+00 0.000000000000000000e+00
2.730299999999999727e+02 5.000000000000000000e+01 3.800000000000000000e+01 1.000000000000000000e+00 0.000000000000000000e+00
2.730299999999999727e+02 5.000000000000000000e+01 3.800000000000000000e+01 1.000000000000000000e+00 0.000000000000000000e+00
2.735400000000000205e+02 4.800000000000000000e+01 4.100000000000000000e+01 1.000000000000000000e+00 0.000000000000000000e+00
2.735500000000000114e+02 4.800000000000000000e+01 4.100000000000000000e+01 1.000000000000000000e+00 0.000000000000000000e+00
2.744800000000000182e+02 6.400000000000000000e+01 4.300000000000000000e+01 1.000000000000000000e+00 0.000000000000000000e+00
2.744900000000000091e+02 6.400000000000000000e+01 4.300000000000000000e+01 1.000000000000000000e+00 0.000000000000000000e+00
2.746299999999999955e+02 5.600000000000000000e+01 5.000000000000000000e+01 1.000000000000000000e+00 0.000000000000000000e+00
2.749499999999999886e+02 5.300000000000000000e+01 3.500000000000000000e+01 1.000000000000000000e+00 0.000000000000000000e+00
2.749599999999999795e+02 5.300000000000000000e+01 3.500000000000000000e+01 1.000000000000000000e+00 0.000000000000000000e+00
2.776100000000000136e+02 5.200000000000000000e+01 4.900000000000000000e+01 1.000000000000000000e+00 0.000000000000000000e+00
2.776200000000000045e+02 5.200000000000000000e+01 4.900000000000000000e+01 1.000000000000000000e+00 0.000000000000000000e+00
2.873399999999999750e+02 4.500000000000000000e+01 3.400000000000000000e+01 1.000000000000000000e+00 0.000000000000000000e+00
2.885600000000000023e+02 5.700000000000000000e+01 5.000000000000000000e+01 1.000000000000000000e+00 0.000000000000000000e+00
2.885699999999999932e+02 5.700000000000000000e+01 5.000000000000000000e+01 1.000000000000000000e+00 0.000000000000000000e+00
2.885799999999999841e+02 5.700000000000000000e+01 5.000000000000000000e+01 1.000000000000000000e+00 0.000000000000000000e+00
2.886299999999999955e+02 5.700000000000000000e+01 8.000000000000000000e+00 0.000000000000000000e+00 0.000000000000000000e+00
2.886899999999999977e+02 5.400000000000000000e+01 5.000000000000000000e+01 1.000000000000000000e+00 0.000000000000000000e+00
2.915600000000000023e+02 4.500000000000000000e+01 2.600000000000000000e+01 1.000000000000000000e+00 0.000000000000000000e+00
2.925199999999999818e+02 5.300000000000000000e+01 4.900000000000000000e+01 1.000000000000000000e+00 0.000000000000000000e+00
2.954300000000000068e+02 5.800000000000000000e+01 5.000000000000000000e+01 1.000000000000000000e+00 0.000000000000000000e+00
3.014599999999999795e+02 4.900000000000000000e+01 4.600000000000000000e+01 1.000000000000000000e+00 0.000000000000000000e+00
3.014700000000000273e+02 4.900000000000000000e+01 4.600000000000000000e+01 1.000000000000000000e+00 0.000000000000000000e+00
3.073100000000000023e+02 6.400000000000000000e+01 3.900000000000000000e+01 1.000000000000000000e+00 0.000000000000000000e+00
3.079100000000000250e+02 5.700000000000000000e+01 3.300000000000000000e+01 1.000000000000000000e+00 0.000000000000000000e+00
3.085799999999999841e+02 6.400000000000000000e+01 2.800000000000000000e+01 1.000000000000000000e+00 0.000000000000000000e+00
3.098899999999999864e+02 6.100000000000000000e+01 4.000000000000000000e+01 0.000000000000000000e+00 0.000000000000000000e+00
3.115500000000000114e+02 4.900000000000000000e+01 3.800000000000000000e+01 1.000000000000000000e+00 0.000000000000000000e+00
3.134399999999999977e+02 5.400000000000000000e+01 3.300000000000000000e+01 1.000000000000000000e+00 0.000000000000000000e+00
3.157599999999999909e+02 4.800000000000000000e+01 4.200000000000000000e+01 1.000000000000000000e+00 0.000000000000000000e+00
3.157699999999999818e+02 4.800000000000000000e+01 4.200000000000000000e+01 1.000000000000000000e+00 0.000000000000000000e+00
3.210299999999999727e+02 5.300000000000000000e+01 3.900000000000000000e+01 0.000000000000000000e+00 0.000000000000000000e+00
3.225199999999999818e+02 5.700000000000000000e+01 2.700000000000000000e+01 1.000000000000000000e+00 0.000000000000000000e+00
3.263199999999999932e+02 5.800000000000000000e+01 3.800000000000000000e+01 0.000000000000000000e+00 0.000000000000000000e+00
3.283500000000000227e+02 6.100000000000000000e+01 4.800000000000000000e+01 1.000000000000000000e+00 0.000000000000000000e+00
3.302099999999999795e+02 5.900000000000000000e+01 2.700000000000000000e+01 1.000000000000000000e+00 0.000000000000000000e+00
3.308500000000000227e+02 6.000000000000000000e+01 3.600000000000000000e+01 1.000000000000000000e+00 0.000000000000000000e+00
3.308600000000000136e+02 6.000000000000000000e+01 3.600000000000000000e+01 1.000000000000000000e+00 0.000000000000000000e+00
3.367599999999999909e+02 4.900000000000000000e+01 4.000000000000000000e+01 1.000000000000000000e+00 0.000000000000000000e+00
3.367699999999999818e+02 4.900000000000000000e+01 4.000000000000000000e+01 1.000000000000000000e+00 0.000000000000000000e+00
3.409900000000000091e+02 2.400000000000000000e+01 4.700000000000000000e+01 0.000000000000000000e+00 0.000000000000000000e+00
3.463899999999999864e+02 4.700000000000000000e+01 2.900000000000000000e+01 1.000000000000000000e+00 0.000000000000000000e+00
3.480500000000000114e+02 5.100000000000000000e+01 4.800000000000000000e+01 1.000000000000000000e+00 0.000000000000000000e+00
3.490199999999999818e+02 6.100000000000000000e+01 3.500000000000000000e+01 1.000000000000000000e+00 0.000000000000000000e+00
3.498700000000000045e+02 5.100000000000000000e+01 4.300000000000000000e+01 0.000000000000000000e+00 0.000000000000000000e+00
3.566899999999999977e+02 5.100000000000000000e+01 4.300000000000000000e+01 0.000000000000000000e+00 0.000000000000000000e+00
3.602400000000000091e+02 5.300000000000000000e+01 3.800000000000000000e+01 1.000000000000000000e+00 0.000000000000000000e+00
3.603700000000000045e+02 4.900000000000000000e+01 3.600000000000000000e+01 1.000000000000000000e+00 0.000000000000000000e+00
3.603799999999999955e+02 4.900000000000000000e+01 3.600000000000000000e+01 1.000000000000000000e+00 0.000000000000000000e+00
3.615600000000000023e+02 5.200000000000000000e+01 3.600000000000000000e+01 1.000000000000000000e+00 0.000000000000000000e+00
3.615699999999999932e+02 5.200000000000000000e+01 3.600000000000000000e+01 1.000000000000000000e+00 0.000000000000000000e+00
3.615799999999999841e+02 5.200000000000000000e+01 3.600000000000000000e+01 1.000000000000000000e+00 0.000000000000000000e+00
3.616999999999999886e+02 5.200000000000000000e+01 3.900000000000000000e+01 0.000000000000000000e+00 0.000000000000000000e+00
3.618399999999999750e+02 4.900000000000000000e+01 3.900000000000000000e+01 1.000000000000000000e+00 0.000000000000000000e+00
3.686600000000000250e+02 4.900000000000000000e+01 3.900000000000000000e+01 1.000000000000000000e+00 0.000000000000000000e+00
3.750099999999999909e+02 6.300000000000000000e+01 3.600000000000000000e+01 1.000000000000000000e+00 0.000000000000000000e+00
3.750199999999999818e+02 6.300000000000000000e+01 3.600000000000000000e+01 1.000000000000000000e+00 0.000000000000000000e+00
3.799499999999999886e+02 5.700000000000000000e+01 3.500000000000000000e+01 1.000000000000000000e+00 0.000000000000000000e+00
3.799599999999999795e+02 5.700000000000000000e+01 3.500000000000000000e+01 1.000000000000000000e+00 0.000000000000000000e+00
3.840500000000000114e+02 5.900000000000000000e+01 4.900000000000000000e+01 1.000000000000000000e+00 0.000000000000000000e+00
3.848799999999999955e+02 5.500000000000000000e+01 5.000000000000000000e+01 1.000000000000000000e+00 0.000000000000000000e+00
3.851700000000000159e+02 5.500000000000000000e+01 4.200000000000000000e+01 0.000000000000000000e+00 0.000000000000000000e+00
3.852599999999999909e+02 6.100000000000000000e+01 2.200000000000000000e+01 1.000000000000000000e+00 0.000000000000000000e+00
3.859300000000000068e+02 6.300000000000000000e+01 3.900000000000000000e+01 1.000000000000000000e+00 0.000000000000000000e+00
3.859399999999999977e+02 6.300000000000000000e+01 3.900000000000000000e+01 1.000000000000000000e+00 0.000000000000000000e+00
3.895600000000000023e+02 5.000000000000000000e+01 4.700000000000000000e+01 1.000000000000000000e+00 0.000000000000000000e+00
3.895699999999999932e+02 5.000000000000000000e+01 4.700000000000000000e+01 1.000000000000000000e+00 0.000000000000000000e+00
3.895799999999999841e+02 5.000000000000000000e+01 4.700000000000000000e+01 1.000000000000000000e+00 0.000000000000000000e+00
3.898399999999999750e+02 5.500000000000000000e+01 3.500000000000000000e+01 1.000000000000000000e+00 0.000000000000000000e+00
3.956800000000000068e+02 6.300000000000000000e+01 4.500000000000000000e+01 1.000000000000000000e+00 0.000000000000000000e+00
3.987300000000000182e+02 5.100000000000000000e+01 3.500000000000000000e+01 1.000000000000000000e+00 0.000000000000000000e+00
4.037300000000000182e+02 5.900000000000000000e+01 3.500000000000000000e+01 1.000000000000000000e+00 0.000000000000000000e+00
4.052500000000000000e+02 6.200000000000000000e+01 3.800000000000000000e+01 1.000000000000000000e+00 0.000000000000000000e+00
4.054700000000000273e+02 4.700000000000000000e+01 4.200000000000000000e+01 1.000000000000000000e+00 0.000000000000000000e+00
4.064499999999999886e+02 5.400000000000000000e+01 4.900000000000000000e+01 1.000000000000000000e+00 0.000000000000000000e+00
4.068600000000000136e+02 4.900000000000000000e+01 4.500000000000000000e+01 1.000000000000000000e+00 0.000000000000000000e+00
4.068700000000000045e+02 4.900000000000000000e+01 4.500000000000000000e+01 1.000000000000000000e+00 0.000000000000000000e+00
4.068799999999999955e+02 4.900000000000000000e+01 4.500000000000000000e+01 1.000000000000000000e+00 0.000000000000000000e+00
4.112200000000000273e+02 5.900000000000000000e+01 4.000000000000000000e+01 1.000000000000000000e+00 0.000000000000000000e+00
4.161200000000000045e+02 5.800000000000000000e+01 4.200000000000000000e+01 1.000000000000000000e+00 0.000000000000000000e+00
4.183799999999999955e+02 5.200000000000000000e+01 4.900000000000000000e+01 1.000000000000000000e+00 0.000000000000000000e+00
4.183899999999999864e+02 5.200000000000000000e+01 4.900000000000000000e+01 1.000000000000000000e+00 0.000000000000000000e+00
4.201200000000000045e+02 6.300000000000000000e+01 4.000000000000000000e+01 1.000000000000000000e+00 0.000000000000000000e+00
4.201299999999999955e+02 6.300000000000000000e+01 4.000000000000000000e+01 1.000000000000000000e+00 0.000000000000000000e+00
4.205500000000000114e+02 5.100000000000000000e+01 4.800000000000000000e+01 1.000000000000000000e+00 0.000000000000000000e+00
4.242599999999999909e+02 5.600000000000000000e+01 5.000000000000000000e+01 1.000000000000000000e+00 0.000000000000000000e+00
4.242699999999999818e+02 5.600000000000000000e+01 5.000000000000000000e+01 1.000000000000000000e+00 0.000000000000000000e+00
4.250299999999999727e+02 6.200000000000000000e+01 3.300000000000000000e+01 1.000000000000000000e+00 0.000000000000000000e+00
4.258100000000000023e+02 5.800000000000000000e+01 3.000000000000000000e+01 1.000000000000000000e+00 0.000000000000000000e+00
4.317699999999999818e+02 5.900000000000000000e+01 4.200000000000000000e+01 1.000000000000000000e+00 0.000000000000000000e+00
4.386000000000000227e+02 5.900000000000000000e+01 4.200000000000000000e+01 1.000000000000000000e+00 0.000000000000000000e+00
4.393199999999999932e+02 4.900000000000000000e+01 4.400000000000000000e+01 1.000000000000000000e+00 0.000000000000000000e+00
4.393299999999999841e+02 4.900000000000000000e+01 4.400000000000000000e+01 1.000000000000000000e+00 0.000000000000000000e+00
4.399900000000000091e+02 5.900000000000000000e+01 3.900000000000000000e+01 0.000000000000000000e+00 0.000000000000000000e+00
4.468199999999999932e+02 5.900000000000000000e+01 3.900000000000000000e+01 0.000000000000000000e+00 0.000000000000000000e+00
4.536499999999999773e+02 5.900000000000000000e+01 3.900000000000000000e+01 0.000000000000000000e+00 0.000000000000000000e+00
4.538299999999999841e+02 4.900000000000000000e+01 4.000000000000000000e+01 1.000000000000000000e+00 0.000000000000000000e+00
4.538799999999999955e+02 5.300000000000000000e+01 4.800000000000000000e+01 1.000000000000000000e+00 0.000000000000000000e+00
4.538899999999999864e+02 5.300000000000000000e+01 4.800000000000000000e+01 1.000000000000000000e+00 0.000000000000000000e+00
4.550400000000000205e+02 5.700000000000000000e+01 4.900000000000000000e+01 1.000000000000000000e+00 0.000000000000000000e+00
4.618600000000000136e+02 5.700000000000000000e+01 4.900000000000000000e+01 1.000000000000000000e+00 0.000000000000000000e+00
4.619900000000000091e+02 5.900000000000000000e+01 3.900000000000000000e+01 0.000000000000000000e+00 0.000000000000000000e+00
4.644700000000000273e+02 5.900000000000000000e+01 4.800000000000000000e+01 1.000000000000000000e+00 0.000000000000000000e+00
4.686700000000000159e+02 5.200000000000000000e+01 4.600000000000000000e+01 1.000000000000000000e+00 0.000000000000000000e+00
4.686800000000000068e+02 5.200000000000000000e+01 4.600000000000000000e+01 1.000000000000000000e+00 0.000000000000000000e+00
4.694800000000000182e+02 5.500000000000000000e+01 4.200000000000000000e+01 0.000000000000000000e+00 0.000000000000000000e+00
4.703600000000000136e+02 5.500000000000000000e+01 4.300000000000000000e+01 0.000000000000000000e+00 0.000000000000000000e+00
4.728399999999999750e+02 5.500000000000000000e+01 3.400000000000000000e+01 1.000000000000000000e+00 0.000000000000000000e+00
4.734900000000000091e+02 6.200000000000000000e+01 4.700000000000000000e+01 1.000000000000000000e+00 0.000000000000000000e+00
4.735099999999999909e+02 6.200000000000000000e+01 4.700000000000000000e+01 1.000000000000000000e+00 0.000000000000000000e+00
4.755299999999999727e+02 6.000000000000000000e+01 2.500000000000000000e+01 1.000000000000000000e+00 0.000000000000000000e+00
4.755400000000000205e+02 6.000000000000000000e+01 2.500000000000000000e+01 1.000000000000000000e+00 0.000000000000000000e+00
4.755500000000000114e+02 6.000000000000000000e+01 2.500000000000000000e+01 1.000000000000000000e+00 0.000000000000000000e+00
4.759399999999999977e+02 5.000000000000000000e+01 3.800000000000000000e+01 1.000000000000000000e+00 0.000000000000000000e+00
4.759499999999999886e+02 5.000000000000000000e+01 3.800000000000000000e+01 1.000000000000000000e+00 0.000000000000000000e+00
4.774700000000000273e+02 5.900000000000000000e+01 4.700000000000000000e+01 1.000000000000000000e+00 0.000000000000000000e+00
4.800899999999999750e+02 5.000000000000000000e+01 4.700000000000000000e+01 1.000000000000000000e+00 0.000000000000000000e+00
4.819599999999999795e+02 4.900000000000000000e+01 4.300000000000000000e+01 1.000000000000000000e+00 0.000000000000000000e+00
4.859800000000000182e+02 5.800000000000000000e+01 4.900000000000000000e+01 1.000000000000000000e+00 0.000000000000000000e+00
4.859900000000000091e+02 5.800000000000000000e+01 4.900000000000000000e+01 1.000000000000000000e+00 0.000000000000000000e+00
4.859900000000000091e+02 5.800000000000000000e+01 4.900000000000000000e+01 1.000000000000000000e+00 0.000000000000000000e+00
4.892200000000000273e+02 5.300000000000000000e+01 4.900000000000000000e+01 1.000000000000000000e+00 0.000000000000000000e+00
4.892200000000000273e+02 5.300000000000000000e+01 4.900000000000000000e+01 1.000000000000000000e+00 0.000000000000000000e+00
4.909200000000000159e+02 5.300000000000000000e+01 4.700000000000000000e+01 1.000000000000000000e+00 0.000000000000000000e+00
4.910699999999999932e+02 4.900000000000000000e+01 4.500000000000000000e+01 1.000000000000000000e+00 0.000000000000000000e+00
4.920099999999999909e+02 5.600000000000000000e+01 2.600000000000000000e+01 0.000000000000000000e+00 0.000000000000000000e+00
4.938299999999999841e+02 5.100000000000000000e+01 2.800000000000000000e+01 1.000000000000000000e+00 0.000000000000000000e+00
4.954300000000000068e+02 5.100000000000000000e+01 3.700000000000000000e+01 1.000000000000000000e+00 0.000000000000000000e+00
5.024300000000000068e+02 5.600000000000000000e+01 4.900000000000000000e+01 1.000000000000000000e+00 0.000000000000000000e+00
5.092599999999999909e+02 5.600000000000000000e+01 4.900000000000000000e+01 1.000000000000000000e+00 0.000000000000000000e+00
5.105400000000000205e+02 6.100000000000000000e+01 4.800000000000000000e+01 1.000000000000000000e+00 0.000000000000000000e+00
5.105500000000000114e+02 6.100000000000000000e+01 4.800000000000000000e+01 1.000000000000000000e+00 0.000000000000000000e+00
5.106399999999999864e+02 5.300000000000000000e+01 4.200000000000000000e+01 0.000000000000000000e+00 0.000000000000000000e+00
5.113199999999999932e+02 6.000000000000000000e+01 4.600000000000000000e+01 1.000000000000000000e+00 0.000000000000000000e+00
5.153700000000000045e+02 4.900000000000000000e+01 4.400000000000000000e+01 1.000000000000000000e+00 0.000000000000000000e+00
5.177999999999999545e+02 6.100000000000000000e+01 3.700000000000000000e+01 1.000000000000000000e+00 0.000000000000000000e+00
5.206000000000000227e+02 5.000000000000000000e+01 4.600000000000000000e+01 1.000000000000000000e+00 0.000000000000000000e+00
5.206100000000000136e+02 5.000000000000000000e+01 4.600000000000000000e+01 1.000000000000000000e+00 0.000000000000000000e+00
5.211900000000000546e+02 4.900000000000000000e+01 4.100000000000000000e+01 1.000000000000000000e+00 0.000000000000000000e+00
5.212000000000000455e+02 4.900000000000000000e+01 4.100000000000000000e+01 1.000000000000000000e+00 0.000000000000000000e+00
5.280299999999999727e+02 4.900000000000000000e+01 4.100000000000000000e+01 1.000000000000000000e+00 0.000000000000000000e+00
5.343600000000000136e+02 6.000000000000000000e+01 4.800000000000000000e+01 1.000000000000000000e+00 0.000000000000000000e+00
5.343799999999999955e+02 6.000000000000000000e+01 4.800000000000000000e+01 1.000000000000000000e+00 0.000000000000000000e+00
5.349099999999999682e+02 5.100000000000000000e+01 4.500000000000000000e+01 0.000000000000000000e+00 0.000000000000000000e+00
5.402899999999999636e+02 5.200000000000000000e+01 4.800000000000000000e+01 1.000000000000000000e+00 0.000000000000000000e+00
5.402999999999999545e+02 5.200000000000000000e+01 4.800000000000000000e+01 1.000000000000000000e+00 0.000000000000000000e+00
5.442999999999999545e+02 5.400000000000000000e+01 4.900000000000000000e+01 1.000000000000000000e+00 0.000000000000000000e+00
5.498500000000000227e+02 6.300000000000000000e+01 4.400000000000000000e+01 1.000000000000000000e+00 0.000000000000000000e+00
5.498600000000000136e+02 6.300000000000000000e+01 4.400000000000000000e+01 1.000000000000000000e+00 0.000000000000000000e+00
5.505700000000000500e+02 5.500000000000000000e+01 4.900000000000000000e+01 1.000000000000000000e+00 0.000000000000000000e+00
5.505800000000000409e+02 5.500000000000000000e+01 4.900000000000000000e+01 1.000000000000000000e+00 0.000000000000000000e+00
5.505900000000000318e+02 5.500000000000000000e+01 4.900000000000000000e+01 1.000000000000000000e+00 0.000000000000000000e+00
5.534900000000000091e+02 4.900000000000000000e+01 4.200000000000000000e+01 1.000000000000000000e+00 0.000000000000000000e+00
5.592300000000000182e+02 4.900000000000000000e+01 3.700000000000000000e+01 1.000000000000000000e+00 0.000000000000000000e+00
5.601000000000000227e+02 5.100000000000000000e+01 4.700000000000000000e+01 1.000000000000000000e+00 0.000000000000000000e+00
5.645900000000000318e+02 5.900000000000000000e+01 3.900000000000000000e+01 0.000000000000000000e+00 0.000000000000000000e+00
5.666799999999999500e+02 5.600000000000000000e+01 2.700000000000000000e+01 1.000000000000000000e+00 0.000000000000000000e+00
5.698600000000000136e+02 6.300000000000000000e+01 4.300000000000000000e+01 1.000000000000000000e+00 0.000000000000000000e+00
5.698700000000000045e+02 6.300000000000000000e+01 4.300000000000000000e+01 1.000000000000000000e+00 0.000000000000000000e+00
5.722899999999999636e+02 4.900000000000000000e+01 4.300000000000000000e+01 1.000000000000000000e+00 0.000000000000000000e+00
5.722999999999999545e+02 4.900000000000000000e+01 4.300000000000000000e+01 1.000000000000000000e+00 0.000000000000000000e+00
5.723099999999999454e+02 4.900000000000000000e+01 4.300000000000000000e+01 1.000000000000000000e+00 0.000000000000000000e+00
5.730499999999999545e+02 4.800000000000000000e+01 4.300000000000000000e+01 1.000000000000000000e+00 0.000000000000000000e+00
5.746100000000000136e+02 6.000000000000000000e+01 2.100000000000000000e+01 1.000000000000000000e+00 0.000000000000000000e+00
5.749099999999999682e+02 5.200000000000000000e+01 4.500000000000000000e+01 1.000000000000000000e+00 0.000000000000000000e+00
5.755399999999999636e+02 4.900000000000000000e+01 4.400000000000000000e+01 1.000000000000000000e+00 0.000000000000000000e+00
5.785000000000000000e+02 3.000000000000000000e+01 2.900000000000000000e+01 0.000000000000000000e+00 0.000000000000000000e+00
5.801499999999999773e+02 5.300000000000000000e+01 4.800000000000000000e+01 1.000000000000000000e+00 0.000000000000000000e+00
5.817999999999999545e+02 6.100000000000000000e+01 4.700000000000000000e+01 1.000000000000000000e+00 0.000000000000000000e+00
5.820199999999999818e+02 5.200000000000000000e+01 4.300000000000000000e+01 1.000000000000000000e+00 0.000000000000000000e+00
5.888500000000000227e+02 5.200000000000000000e+01 4.300000000000000000e+01 1.000000000000000000e+00 0.000000000000000000e+00
5.956799999999999500e+02 5.200000000000000000e+01 4.300000000000000000e+01 1.000000000000000000e+00 0.000000000000000000e+00
5.963500000000000227e+02 5.100000000000000000e+01 4.400000000000000000e+01 0.000000000000000000e+00 0.000000000000000000e+00
5.973300000000000409e+02 5.100000000000000000e+01 4.700000000000000000e+01 1.000000000000000000e+00 0.000000000000000000e+00
6.041599999999999682e+02 5.100000000000000000e+01 4.700000000000000000e+01 1.000000000000000000e+00 0.000000000000000000e+00
6.043600000000000136e+02 5.700000000000000000e+01 4.900000000000000000e+01 1.000000000000000000e+00 0.000000000000000000e+00
6.043799999999999955e+02 5.700000000000000000e+01 4.900000000000000000e+01 1.000000000000000000e+00 0.000000000000000000e+00
6.098300000000000409e+02 6.300000000000000000e+01 4.500000000000000000e+01 1.000000000000000000e+00 0.000000000000000000e+00
6.136000000000000227e+02 4.900000000000000000e+01 4.000000000000000000e+01 1.000000000000000000e+00 0.000000000000000000e+00
6.136100000000000136e+02 4.900000000000000000e+01 4.000000000000000000e+01 1.000000000000000000e+00 0.000000000000000000e+00
6.148300000000000409e+02 6.300000000000000000e+01 4.200000000000000000e+01 1.000000000000000000e+00 0.000000000000000000e+00
6.202999999999999545e+02 4.900000000000000000e+01 4.100000000000000000e+01 1.000000000000000000e+00 0.000000000000000000e+00
6.216000000000000227e+02 5.700000000000000000e+01 3.800000000000000000e+01 0.000000000000000000e+00 0.000000000000000000e+00
6.259500000000000455e+02 5.200000000000000000e+01 4.800000000000000000e+01 1.000000000000000000e+00 0.000000000000000000e+00
6.259600000000000364e+02 5.200000000000000000e+01 4.800000000000000000e+01 1.000000000000000000e+00 0.000000000000000000e+00
6.273300000000000409e+02 5.200000000000000000e+01 4.200000000000000000e+01 1.000000000000000000e+00 0.000000000000000000e+00
6.300700000000000500e+02 5.800000000000000000e+01 2.000000000000000000e+01 1.000000000000000000e+00 0.000000000000000000e+00
6.321200000000000045e+02 6.400000000000000000e+01 4.500000000000000000e+01 1.000000000000000000e+00 0.000000000000000000e+00
6.327999999999999545e+02 5.600000000000000000e+01 4.900000000000000000e+01 1.000000000000000000e+00 0.000000000000000000e+00
6.331900000000000546e+02 5.500000000000000000e+01 4.900000000000000000e+01 1.000000000000000000e+00 0.000000000000000000e+00
6.374600000000000364e+02 5.800000000000000000e+01 4.900000000000000000e+01 1.000000000000000000e+00 0.000000000000000000e+00
6.400499999999999545e+02 6.000000000000000000e+01 4.900000000000000000e+01 1.000000000000000000e+00 0.000000000000000000e+00
6.442699999999999818e+02 6.300000000000000000e+01 4.100000000000000000e+01 1.000000000000000000e+00 0.000000000000000000e+00
6.442899999999999636e+02 6.300000000000000000e+01 4.100000000000000000e+01 1.000000000000000000e+00 0.000000000000000000e+00
6.446299999999999955e+02 4.900000000000000000e+01 4.300000000000000000e+01 1.000000000000000000e+00 0.000000000000000000e+00
6.446499999999999773e+02 4.900000000000000000e+01 4.300000000000000000e+01 1.000000000000000000e+00 0.000000000000000000e+00
6.459600000000000364e+02 4.900000000000000000e+01 4.600000000000000000e+01 1.000000000000000000e+00 0.000000000000000000e+00
6.527899999999999636e+02 4.900000000000000000e+01 4.600000000000000000e+01 1.000000000000000000e+00 0.000000000000000000e+00
6.565700000000000500e+02 5.600000000000000000e+01 0.000000000000000000e+00 1.000000000000000000e+00 0.000000000000000000e+00
6.592699999999999818e+02 5.400000000000000000e+01 4.800000000000000000e+01 1.000000000000000000e+00 0.000000000000000000e+00
6.628700000000000045e+02 5.100000000000000000e+01 1.400000000000000000e+01 1.000000000000000000e+00 0.000000000000000000e+00
6.631799999999999500e+02 2.500000000000000000e+01 6.100000000000000000e+01 0.000000000000000000e+00 0.000000000000000000e+00
6.700000000000000000e+02 2.500000000000000000e+01 6.100000000000000000e+01 0.000000000000000000e+00 0.000000000000000000e+00
6.725099999999999909e+02 4.900000000000000000e+01 4.400000000000000000e+01 1.000000000000000000e+00 0.000000000000000000e+00
6.725199999999999818e+02 4.900000000000000000e+01 4.400000000000000000e+01 1.000000000000000000e+00 0.000000000000000000e+00
6.793500000000000227e+02 4.900000000000000000e+01 4.400000000000000000e+01 1.000000000000000000e+00 0.000000000000000000e+00
6.797500000000000000e+02 5.700000000000000000e+01 4.900000000000000000e+01 1.000000000000000000e+00 0.000000000000000000e+00
6.811299999999999955e+02 4.900000000000000000e+01 4.200000000000000000e+01 1.000000000000000000e+00 0.000000000000000000e+00
6.811499999999999773e+02 4.900000000000000000e+01 4.200000000000000000e+01 1.000000000000000000e+00 0.000000000000000000e+00
6.829600000000000364e+02 6.300000000000000000e+01 4.000000000000000000e+01 1.000000000000000000e+00 0.000000000000000000e+00
6.829700000000000273e+02 6.300000000000000000e+01 4.000000000000000000e+01 1.000000000000000000e+00 0.000000000000000000e+00
6.834800000000000182e+02 5.700000000000000000e+01 2.900000000000000000e+01 1.000000000000000000e+00 0.000000000000000000e+00
6.841799999999999500e+02 6.000000000000000000e+01 4.800000000000000000e+01 1.000000000000000000e+00 0.000000000000000000e+00
6.841900000000000546e+02 6.000000000000000000e+01 4.800000000000000000e+01 1.000000000000000000e+00 0.000000000000000000e+00
6.865299999999999727e+02 5.900000000000000000e+01 4.900000000000000000e+01 1.000000000000000000e+00 0.000000000000000000e+00
6.865399999999999636e+02 5.900000000000000000e+01 4.900000000000000000e+01 1.000000000000000000e+00 0.000000000000000000e+00
6.866399999999999864e+02 6.100000000000000000e+01 4.700000000000000000e+01 1.000000000000000000e+00 0.000000000000000000e+00
6.896900000000000546e+02 6.200000000000000000e+01 4.600000000000000000e+01 1.000000000000000000e+00 0.000000000000000000e+00
6.897000000000000455e+02 6.200000000000000000e+01 4.600000000000000000e+01 1.000000000000000000e+00 0.000000000000000000e+00
6.920399999999999636e+02 5.400000000000000000e+01 4.900000000000000000e+01 1.000000000000000000e+00 0.000000000000000000e+00
6.949199999999999591e+02 5.000000000000000000e+01 4.600000000000000000e+01 1.000000000000000000e+00 0.000000000000000000e+00
6.949299999999999500e+02 5.000000000000000000e+01 4.600000000000000000e+01 1.000000000000000000e+00 0.000000000000000000e+00
6.949400000000000546e+02 5.000000000000000000e+01 4.600000000000000000e+01 1.000000000000000000e+00 0.000000000000000000e+00
6.950599999999999454e+02 5.200000000000000000e+01 4.300000000000000000e+01 1.000000000000000000e+00 0.000000000000000000e+00
6.989299999999999500e+02 5.100000000000000000e+01 4.700000000000000000e+01 1.000000000000000000e+00 0.000000000000000000e+00
6.989400000000000546e+02 5.100000000000000000e+01 4.700000000000000000e+01 1.000000000000000000e+00 0.000000000000000000e+00
7.003099999999999454e+02 4.900000000000000000e+01 4.100000000000000000e+01 1.000000000000000000e+00 0.000000000000000000e+00
7.011799999999999500e+02 6.300000000000000000e+01 4.400000000000000000e+01 1.000000000000000000e+00 0.000000000000000000e+00
7.080099999999999909e+02 6.300000000000000000e+01 4.400000000000000000e+01 1.000000000000000000e+00 0.000000000000000000e+00
7.135199999999999818e+02 4.900000000000000000e+01 4.300000000000000000e+01 1.000000000000000000e+00 0.000000000000000000e+00
7.135299999999999727e+02 4.900000000000000000e+01 4.300000000000000000e+01 1.000000000000000000e+00 0.000000000000000000e+00
7.203600000000000136e+02 4.900000000000000000e+01 4.300000000000000000e+01 1.000000000000000000e+00 0.000000000000000000e+00
7.217899999999999636e+02 4.300000000000000000e+01 3.900000000000000000e+01 1.000000000000000000e+00 0.000000000000000000e+00
7.243300000000000409e+02 5.100000000000000000e+01 4.600000000000000000e+01 1.000000000000000000e+00 0.000000000000000000e+00
7.252500000000000000e+02 5.300000000000000000e+01 4.800000000000000000e+01 1.000000000000000000e+00 0.000000000000000000e+00
7.252599999999999909e+02 5.300000000000000000e+01 4.800000000000000000e+01 1.000000000000000000e+00 0.000000000000000000e+00
7.266399999999999864e+02 6.100000000000000000e+01 3.100000000000000000e+01 1.000000000000000000e+00 0.000000000000000000e+00
7.332599999999999909e+02 4.900000000000000000e+01 4.000000000000000000e+01 1.000000000000000000e+00 0.000000000000000000e+00
7.332699999999999818e+02 4.900000000000000000e+01 4.000000000000000000e+01 1.000000000000000000e+00 0.000000000000000000e+00
7.367500000000000000e+02 5.700000000000000000e+01 2.100000000000000000e+01 1.000000000000000000e+00 0.000000000000000000e+00
7.378999999999999773e+02 5.700000000000000000e+01 5.000000000000000000e+01 1.000000000000000000e+00 0.000000000000000000e+00
7.424700000000000273e+02 5.200000000000000000e+01 4.500000000000000000e+01 1.000000000000000000e+00 0.000000000000000000e+00
7.487599999999999909e+02 6.200000000000000000e+01 4.500000000000000000e+01 1.000000000000000000e+00 0.000000000000000000e+00
7.539299999999999500e+02 5.400000000000000000e+01 3.500000000000000000e+01 0.000000000000000000e+00 0.000000000000000000e+00
7.545599999999999454e+02 4.500000000000000000e+01 2.400000000000000000e+01 1.000000000000000000e+00 0.000000000000000000e+00
7.574400000000000546e+02 5.900000000000000000e+01 4.800000000000000000e+01 1.000000000000000000e+00 0.000000000000000000e+00
7.574500000000000455e+02 5.900000000000000000e+01 4.800000000000000000e+01 1.000000000000000000e+00 0.000000000000000000e+00
7.611000000000000227e+02 5.200000000000000000e+01 4.400000000000000000e+01 1.000000000000000000e+00 0.000000000000000000e+00
7.632300000000000182e+02 6.200000000000000000e+01 3.800000000000000000e+01 1.000000000000000000e+00 0.000000000000000000e+00
7.652300000000000182e+02 5.500000000000000000e+01 4.900000000000000000e+01 1.000000000000000000e+00 0.000000000000000000e+00
7.652400000000000091e+02 5.500000000000000000e+01 4.900000000000000000e+01 1.000000000000000000e+00 0.000000000000000000e+00
7.652400000000000091e+02 5.500000000000000000e+01 4.900000000000000000e+01 1.000000000000000000e+00 0.000000000000000000e+00
7.658899999999999864e+02 5.800000000000000000e+01 4.800000000000000000e+01 1.000000000000000000e+00 0.000000000000000000e+00
7.660099999999999909e+02 5.500000000000000000e+01 4.800000000000000000e+01 1.000000000000000000e+00 0.000000000000000000e+00
7.685599999999999454e+02 5.600000000000000000e+01 4.900000000000000000e+01 1.000000000000000000e+00 0.000000000000000000e+00
7.703799999999999955e+02 6.100000000000000000e+01 4.600000000000000000e+01 1.000000000000000000e+00 0.000000000000000000e+00
7.703899999999999864e+02 6.100000000000000000e+01 4.600000000000000000e+01 1.000000000000000000e+00 0.000000000000000000e+00
7.703999999999999773e+02 6.100000000000000000e+01 4.600000000000000000e+01 1.000000000000000000e+00 0.000000000000000000e+00
7.725599999999999454e+02 5.000000000000000000e+01 4.500000000000000000e+01 1.000000000000000000e+00 0.000000000000000000e+00
7.725700000000000500e+02 5.000000000000000000e+01 4.500000000000000000e+01 1.000000000000000000e+00 0.000000000000000000e+00
7.725800000000000409e+02 5.000000000000000000e+01 4.500000000000000000e+01 1.000000000000000000e+00 0.000000000000000000e+00
7.729199999999999591e+02 6.300000000000000000e+01 4.300000000000000000e+01 1.000000000000000000e+00 0.000000000000000000e+00
7.729299999999999500e+02 6.300000000000000000e+01 4.300000000000000000e+01 1.000000000000000000e+00 0.000000000000000000e+00
7.740000000000000000e+02 5.100000000000000000e+01 4.800000000000000000e+01 1.000000000000000000e+00 0.000000000000000000e+00
7.745900000000000318e+02 4.900000000000000000e+01 4.200000000000000000e+01 1.000000000000000000e+00 0.000000000000000000e+00
7.746000000000000227e+02 4.900000000000000000e+01 4.200000000000000000e+01 1.000000000000000000e+00 0.000000000000000000e+00
7.746100000000000136e+02 4.900000000000000000e+01 4.200000000000000000e+01 1.000000000000000000e+00 0.000000000000000000e+00
7.751599999999999682e+02 5.000000000000000000e+01 4.400000000000000000e+01 1.000000000000000000e+00 0.000000000000000000e+00
7.765599999999999454e+02 5.300000000000000000e+01 4.700000000000000000e+01 1.000000000000000000e+00 0.000000000000000000e+00
7.817899999999999636e+02 5.600000000000000000e+01 4.800000000000000000e+01 1.000000000000000000e+00 0.000000000000000000e+00
7.831399999999999864e+02 5.400000000000000000e+01 4.800000000000000000e+01 1.000000000000000000e+00 0.000000000000000000e+00
7.831499999999999773e+02 5.400000000000000000e+01 4.800000000000000000e+01 1.000000000000000000e+00 0.000000000000000000e+00
7.844600000000000364e+02 5.400000000000000000e+01 2.100000000000000000e+01 1.000000000000000000e+00 0.000000000000000000e+00
7.894500000000000455e+02 5.000000000000000000e+01 3.900000000000000000e+01 1.000000000000000000e+00 0.000000000000000000e+00
7.897599999999999909e+02 2.600000000000000000e+01 5.800000000000000000e+01 0.000000000000000000e+00 0.000000000000000000e+00
7.931499999999999773e+02 6.300000000000000000e+01 4.200000000000000000e+01 1.000000000000000000e+00 0.000000000000000000e+00
7.931699999999999591e+02 6.300000000000000000e+01 4.200000000000000000e+01 1.000000000000000000e+00 0.000000000000000000e+00
7.933999999999999773e+02 5.900000000000000000e+01 4.600000000000000000e+01 1.000000000000000000e+00 0.000000000000000000e+00
7.944900000000000091e+02 4.900000000000000000e+01 4.100000000000000000e+01 1.000000000000000000e+00 0.000000000000000000e+00
7.945000000000000000e+02 4.900000000000000000e+01 4.100000000000000000e+01 1.000000000000000000e+00 0.000000000000000000e+00
7.981900000000000546e+02 5.100000000000000000e+01 4.600000000000000000e+01 1.000000000000000000e+00 0.000000000000000000e+00
7.982000000000000455e+02 5.100000000000000000e+01 4.600000000000000000e+01 1.000000000000000000e+00 0.000000000000000000e+00
8.003799999999999955e+02 5.200000000000000000e+01 4.700000000000000000e+01 1.000000000000000000e+00 0.000000000000000000e+00
8.067400000000000091e+02 4.800000000000000000e+01 4.600000000000000000e+01 1.000000000000000000e+00 0.000000000000000000e+00
8.067500000000000000e+02 4.800000000000000000e+01 4.600000000000000000e+01 1.000000000000000000e+00 0.000000000000000000e+00
8.072699999999999818e+02 4.900000000000000000e+01 4.500000000000000000e+01 1.000000000000000000e+00 0.000000000000000000e+00
8.134099999999999682e+02 5.600000000000000000e+01 3.000000000000000000e+00 1.000000000000000000e+00 0.000000000000000000e+00
8.135900000000000318e+02 4.600000000000000000e+01 4.000000000000000000e+01 1.000000000000000000e+00 0.000000000000000000e+00
8.136000000000000227e+02 4.600000000000000000e+01 4.000000000000000000e+01 1.000000000000000000e+00 0.000000000000000000e+00
8.149500000000000455e+02 5.000000000000000000e+01 4.300000000000000000e+01 1.000000000000000000e+00 0.000000000000000000e+00
8.155599999999999454e+02 5.000000000000000000e+01 3.600000000000000000e+01 1.000000000000000000e+00 0.000000000000000000e+00
8.164800000000000182e+02 5.300000000000000000e+01 4.600000000000000000e+01 1.000000000000000000e+00 0.000000000000000000e+00
8.169099999999999682e+02 5.300000000000000000e+01 2.300000000000000000e+01 1.000000000000000000e+00 0.000000000000000000e+00
8.171499999999999773e+02 4.200000000000000000e+01 2.700000000000000000e+01 1.000000000000000000e+00 0.000000000000000000e+00
8.188999999999999773e+02 6.200000000000000000e+01 3.700000000000000000e+01 1.000000000000000000e+00 0.000000000000000000e+00
8.189199999999999591e+02 6.200000000000000000e+01 3.700000000000000000e+01 1.000000000000000000e+00 0.000000000000000000e+00
8.232300000000000182e+02 5.200000000000000000e+01 4.000000000000000000e+01 0.000000000000000000e+00 0.000000000000000000e+00
8.256599999999999682e+02 5.200000000000000000e+01 4.500000000000000000e+01 1.000000000000000000e+00 0.000000000000000000e+00
8.324800000000000182e+02 5.200000000000000000e+01 4.500000000000000000e+01 1.000000000000000000e+00 0.000000000000000000e+00
8.326599999999999682e+02 5.300000000000000000e+01 3.500000000000000000e+01 0.000000000000000000e+00 0.000000000000000000e+00
8.348899999999999864e+02 6.500000000000000000e+01 3.800000000000000000e+01 1.000000000000000000e+00 0.000000000000000000e+00
8.381699999999999591e+02 5.600000000000000000e+01 4.700000000000000000e+01 1.000000000000000000e+00 0.000000000000000000e+00
8.382899999999999636e+02 5.900000000000000000e+01 3.500000000000000000e+01 0.000000000000000000e+00 0.000000000000000000e+00
8.394900000000000091e+02 5.900000000000000000e+01 4.000000000000000000e+01 0.000000000000000000e+00 0.000000000000000000e+00
8.413500000000000227e+02 5.700000000000000000e+01 4.800000000000000000e+01 1.000000000000000000e+00 0.000000000000000000e+00
8.421299999999999955e+02 5.500000000000000000e+01 3.400000000000000000e+01 0.000000000000000000e+00 0.000000000000000000e+00
8.447599999999999909e+02 5.400000000000000000e+01 3.900000000000000000e+01 1.000000000000000000e+00 0.000000000000000000e+00
8.447699999999999818e+02 5.400000000000000000e+01 3.900000000000000000e+01 1.000000000000000000e+00 0.000000000000000000e+00
8.489099999999999682e+02 5.400000000000000000e+01 4.800000000000000000e+01 1.000000000000000000e+00 0.000000000000000000e+00
8.524800000000000182e+02 6.000000000000000000e+01 4.700000000000000000e+01 1.000000000000000000e+00 0.000000000000000000e+00
8.531499999999999773e+02 5.600000000000000000e+01 4.600000000000000000e+01 1.000000000000000000e+00 0.000000000000000000e+00
8.548300000000000409e+02 4.900000000000000000e+01 4.200000000000000000e+01 1.000000000000000000e+00 0.000000000000000000e+00
8.548400000000000318e+02 4.900000000000000000e+01 4.200000000000000000e+01 1.000000000000000000e+00 0.000000000000000000e+00
8.548500000000000227e+02 4.900000000000000000e+01 4.200000000000000000e+01 1.000000000000000000e+00 0.000000000000000000e+00
8.557899999999999636e+02 5.300000000000000000e+01 4.800000000000000000e+01 1.000000000000000000e+00 0.000000000000000000e+00
8.589800000000000182e+02 5.100000000000000000e+01 4.600000000000000000e+01 1.000000000000000000e+00 0.000000000000000000e+00
8.603799999999999955e+02 4.900000000000000000e+01 4.100000000000000000e+01 1.000000000000000000e+00 0.000000000000000000e+00
8.621399999999999864e+02 5.100000000000000000e+01 4.300000000000000000e+01 1.000000000000000000e+00 0.000000000000000000e+00
8.650599999999999454e+02 5.200000000000000000e+01 4.700000000000000000e+01 1.000000000000000000e+00 0.000000000000000000e+00
8.715700000000000500e+02 5.500000000000000000e+01 4.800000000000000000e+01 1.000000000000000000e+00 0.000000000000000000e+00
8.715800000000000409e+02 5.500000000000000000e+01 4.800000000000000000e+01 1.000000000000000000e+00 0.000000000000000000e+00
8.784099999999999682e+02 5.500000000000000000e+01 4.800000000000000000e+01 1.000000000000000000e+00 0.000000000000000000e+00
8.792599999999999909e+02 5.800000000000000000e+01 4.800000000000000000e+01 1.000000000000000000e+00 0.000000000000000000e+00
8.792699999999999818e+02 5.800000000000000000e+01 4.800000000000000000e+01 1.000000000000000000e+00 0.000000000000000000e+00
8.827200000000000273e+02 5.600000000000000000e+01 4.800000000000000000e+01 1.000000000000000000e+00 0.000000000000000000e+00
8.827300000000000182e+02 5.600000000000000000e+01 4.800000000000000000e+01 1.000000000000000000e+00 0.000000000000000000e+00
8.829900000000000091e+02 5.000000000000000000e+01 4.500000000000000000e+01 1.000000000000000000e+00 0.000000000000000000e+00
8.830000000000000000e+02 5.000000000000000000e+01 4.500000000000000000e+01 1.000000000000000000e+00 0.000000000000000000e+00
8.830099999999999909e+02 5.000000000000000000e+01 4.500000000000000000e+01 1.000000000000000000e+00 0.000000000000000000e+00
8.893999999999999773e+02 4.900000000000000000e+01 4.300000000000000000e+01 1.000000000000000000e+00 0.000000000000000000e+00
8.894099999999999682e+02 4.900000000000000000e+01 4.300000000000000000e+01 1.000000000000000000e+00 0.000000000000000000e+00
8.907400000000000091e+02 5.700000000000000000e+01 4.800000000000000000e+01 1.000000000000000000e+00 0.000000000000000000e+00
8.907500000000000000e+02 5.700000000000000000e+01 4.800000000000000000e+01 1.000000000000000000e+00 0.000000000000000000e+00
8.939400000000000546e+02 6.300000000000000000e+01 4.100000000000000000e+01 1.000000000000000000e+00 0.000000000000000000e+00
8.939500000000000455e+02 6.300000000000000000e+01 4.100000000000000000e+01 1.000000000000000000e+00 0.000000000000000000e+00
8.940499999999999545e+02 6.000000000000000000e+01 4.200000000000000000e+01 1.000000000000000000e+00 0.000000000000000000e+00
8.945299999999999727e+02 2.400000000000000000e+01 3.300000000000000000e+01 0.000000000000000000e+00 0.000000000000000000e+00
8.946399999999999864e+02 5.300000000000000000e+01 3.500000000000000000e+01 0.000000000000000000e+00 0.000000000000000000e+00
8.989400000000000546e+02 5.900000000000000000e+01 4.100000000000000000e+01 1.000000000000000000e+00 0.000000000000000000e+00
9.040900000000000318e+02 5.800000000000000000e+01 4.500000000000000000e+01 1.000000000000000000e+00 0.000000000000000000e+00
9.041000000000000227e+02 5.800000000000000000e+01 4.500000000000000000e+01 1.000000000000000000e+00 0.000000000000000000e+00
9.109299999999999500e+02 5.800000000000000000e+01 4.500000000000000000e+01 1.000000000000000000e+00 0.000000000000000000e+00
9.139800000000000182e+02 6.200000000000000000e+01 4.500000000000000000e+01 1.000000000000000000e+00 0.000000000000000000e+00
9.139900000000000091e+02 6.200000000000000000e+01 4.500000000000000000e+01 1.000000000000000000e+00 0.000000000000000000e+00
9.139900000000000091e+02 5.100000000000000000e+01 4.600000000000000000e+01 1.000000000000000000e+00 0.000000000000000000e+00
9.181299999999999955e+02 5.300000000000000000e+01 4.700000000000000000e+01 1.000000000000000000e+00 0.000000000000000000e+00
9.193700000000000045e+02 5.800000000000000000e+01 4.700000000000000000e+01 1.000000000000000000e+00 0.000000000000000000e+00
9.193799999999999955e+02 5.800000000000000000e+01 4.700000000000000000e+01 1.000000000000000000e+00 0.000000000000000000e+00
9.229400000000000546e+02 5.900000000000000000e+01 3.500000000000000000e+01 0.000000000000000000e+00 0.000000000000000000e+00
9.229600000000000364e+02 5.200000000000000000e+01 3.600000000000000000e+01 0.000000000000000000e+00 0.000000000000000000e+00
9.231799999999999500e+02 5.200000000000000000e+01 4.100000000000000000e+01 1.000000000000000000e+00 0.000000000000000000e+00
9.242699999999999818e+02 2.400000000000000000e+01 2.700000000000000000e+01 0.000000000000000000e+00 0.000000000000000000e+00
9.244600000000000364e+02 2.400000000000000000e+01 3.300000000000000000e+01 0.000000000000000000e+00 0.000000000000000000e+00
9.296799999999999500e+02 5.000000000000000000e+01 4.400000000000000000e+01 1.000000000000000000e+00 0.000000000000000000e+00
9.296900000000000546e+02 5.000000000000000000e+01 4.400000000000000000e+01 1.000000000000000000e+00 0.000000000000000000e+00
9.297000000000000455e+02 5.000000000000000000e+01 4.400000000000000000e+01 1.000000000000000000e+00 0.000000000000000000e+00
9.317899999999999636e+02 5.000000000000000000e+01 4.000000000000000000e+01 1.000000000000000000e+00 0.000000000000000000e+00
9.328600000000000136e+02 5.500000000000000000e+01 5.000000000000000000e+01 1.000000000000000000e+00 0.000000000000000000e+00
9.353400000000000318e+02 5.400000000000000000e+01 4.700000000000000000e+01 1.000000000000000000e+00 0.000000000000000000e+00
9.369600000000000364e+02 5.800000000000000000e+01 4.400000000000000000e+01 1.000000000000000000e+00 0.000000000000000000e+00
9.402300000000000182e+02 6.000000000000000000e+01 3.600000000000000000e+01 0.000000000000000000e+00 0.000000000000000000e+00
9.409500000000000455e+02 5.900000000000000000e+01 4.700000000000000000e+01 1.000000000000000000e+00 0.000000000000000000e+00
9.409600000000000364e+02 5.900000000000000000e+01 4.700000000000000000e+01 1.000000000000000000e+00 0.000000000000000000e+00
9.411000000000000227e+02 5.500000000000000000e+01 4.700000000000000000e+01 1.000000000000000000e+00 0.000000000000000000e+00
9.421399999999999864e+02 6.000000000000000000e+01 4.600000000000000000e+01 1.000000000000000000e+00 0.000000000000000000e+00
9.450099999999999909e+02 6.100000000000000000e+01 4.600000000000000000e+01 1.000000000000000000e+00 0.000000000000000000e+00
9.450199999999999818e+02 6.100000000000000000e+01 4.600000000000000000e+01 1.000000000000000000e+00 0.000000000000000000e+00
9.450299999999999727e+02 6.100000000000000000e+01 4.600000000000000000e+01 1.000000000000000000e+00 0.000000000000000000e+00
9.450900000000000318e+02 5.500000000000000000e+01 4.000000000000000000e+01 0.000000000000000000e+00 0.000000000000000000e+00
9.457599999999999909e+02 5.100000000000000000e+01 4.500000000000000000e+01 1.000000000000000000e+00 0.000000000000000000e+00
9.457699999999999818e+02 5.100000000000000000e+01 4.500000000000000000e+01 1.000000000000000000e+00 0.000000000000000000e+00
9.504299999999999500e+02 4.900000000000000000e+01 4.000000000000000000e+01 1.000000000000000000e+00 0.000000000000000000e+00
9.504400000000000546e+02 4.900000000000000000e+01 4.000000000000000000e+01 1.000000000000000000e+00 0.000000000000000000e+00
9.512300000000000182e+02 4.900000000000000000e+01 4.400000000000000000e+01 1.000000000000000000e+00 0.000000000000000000e+00
9.525700000000000500e+02 5.800000000000000000e+01 4.600000000000000000e+01 1.000000000000000000e+00 0.000000000000000000e+00
9.549600000000000364e+02 5.700000000000000000e+01 3.500000000000000000e+01 0.000000000000000000e+00 0.000000000000000000e+00
9.566000000000000227e+02 5.000000000000000000e+01 4.200000000000000000e+01 1.000000000000000000e+00 0.000000000000000000e+00
9.602400000000000091e+02 5.900000000000000000e+01 4.500000000000000000e+01 1.000000000000000000e+00 0.000000000000000000e+00
9.602599999999999909e+02 5.900000000000000000e+01 4.500000000000000000e+01 1.000000000000000000e+00 0.000000000000000000e+00
9.627400000000000091e+02 5.000000000000000000e+01 4.700000000000000000e+01 1.000000000000000000e+00 0.000000000000000000e+00
9.695700000000000500e+02 5.000000000000000000e+01 4.700000000000000000e+01 1.000000000000000000e+00 0.000000000000000000e+00
9.699299999999999500e+02 5.300000000000000000e+01 3.500000000000000000e+01 0.000000000000000000e+00 0.000000000000000000e+00
9.716399999999999864e+02 5.100000000000000000e+01 4.400000000000000000e+01 1.000000000000000000e+00 0.000000000000000000e+00
9.732999999999999545e+02 5.900000000000000000e+01 4.800000000000000000e+01 1.000000000000000000e+00 0.000000000000000000e+00
9.782500000000000000e+02 5.300000000000000000e+01 4.600000000000000000e+01 1.000000000000000000e+00 0.000000000000000000e+00
9.782599999999999909e+02 5.300000000000000000e+01 4.600000000000000000e+01 1.000000000000000000e+00 0.000000000000000000e+00
9.827300000000000182e+02 5.400000000000000000e+01 5.000000000000000000e+01 1.000000000000000000e+00 0.000000000000000000e+00
9.860199999999999818e+02 5.400000000000000000e+01 4.800000000000000000e+01 1.000000000000000000e+00 0.000000000000000000e+00
9.904299999999999500e+02 5.500000000000000000e+01 3.900000000000000000e+01 1.000000000000000000e+00 0.000000000000000000e+00
9.943099999999999454e+02 5.000000000000000000e+01 4.400000000000000000e+01 1.000000000000000000e+00 0.000000000000000000e+00
9.943200000000000500e+02 5.000000000000000000e+01 4.400000000000000000e+01 1.000000000000000000e+00 0.000000000000000000e+00
9.948400000000000318e+02 5.600000000000000000e+01 3.900000000000000000e+01 1.000000000000000000e+00 0.000000000000000000e+00
9.948500000000000227e+02 5.600000000000000000e+01 3.900000000000000000e+01 1.000000000000000000e+00 0.000000000000000000e+00
9.949099999999999682e+02 5.200000000000000000e+01 4.600000000000000000e+01 1.000000000000000000e+00 0.000000000000000000e+00
9.949199999999999591e+02 5.200000000000000000e+01 4.600000000000000000e+01 1.000000000000000000e+00 0.000000000000000000e+00
9.950000000000000000e+02 5.500000000000000000e+01 4.300000000000000000e+01 1.000000000000000000e+00 0.000000000000000000e+00
9.953200000000000500e+02 5.100000000000000000e+01 2.900000000000000000e+01 1.000000000000000000e+00 0.000000000000000000e+00
9.953400000000000318e+02 5.100000000000000000e+01 2.900000000000000000e+01 1.000000000000000000e+00 0.000000000000000000e+00
9.961599999999999682e+02 6.200000000000000000e+01 4.400000000000000000e+01 1.000000000000000000e+00 0.000000000000000000e+00
9.961699999999999591e+02 6.200000000000000000e+01 4.400000000000000000e+01 1.000000000000000000e+00 0.000000000000000000e+00
9.961699999999999591e+02 6.200000000000000000e+01 4.400000000000000000e+01 1.000000000000000000e+00 0.000000000000000000e+00
9.966799999999999500e+02 5.700000000000000000e+01 4.400000000000000000e+01 1.000000000000000000e+00 0.000000000000000000e+00
9.969099999999999682e+02 6.300000000000000000e+01 4.200000000000000000e+01 1.000000000000000000e+00 0.000000000000000000e+00
9.969199999999999591e+02 6.300000000000000000e+01 4.200000000000000000e+01 1.000000000000000000e+00 0.000000000000000000e+00
9.986299999999999955e+02 5.100000000000000000e+01 4.500000000000000000e+01 1.000000000000000000e+00 0.000000000000000000e+00
