0.000000000000000000e+00 5.600000000000000000e+01 2.200000000000000000e+01 1.000000000000000000e+00 0.000000000000000000e+00
1.000000000000000021e-02 5.600000000000000000e+01 2.200000000000000000e+01 1.000000000000000000e+00 0.000000000000000000e+00
2.000000000000000042e-02 5.600000000000000000e+01 2.200000000000000000e+01 1.000000000000000000e+00 0.000000000000000000e+00
4.570000000000000284e+00 5.200000000000000000e+01 2.300000000000000000e+01 1.000000000000000000e+00 0.000000000000000000e+00
5.780000000000000249e+00 5.400000000000000000e+01 2.200000000000000000e+01 1.000000000000000000e+00 0.000000000000000000e+00
6.000000000000000000e+00 5.900000000000000000e+01 2.300000000000000000e+01 1.000000000000000000e+00 0.000000000000000000e+00
6.379999999999999893e+00 5.500000000000000000e+01 3.000000000000000000e+01 0.000000000000000000e+00 0.000000000000000000e+00
7.190000000000000391e+00 5.200000000000000000e+01 2.800000000000000000e+01 0.000000000000000000e+00 0.000000000000000000e+00
8.050000000000000711e+00 5.700000000000000000e+01 2.300000000000000000e+01 1.000000000000000000e+00 0.000000000000000000e+00
8.650000000000000355e+00 5.500000000000000000e+01 2.100000000000000000e+01 1.000000000000000000e+00 0.000000000000000000e+00
9.320000000000000284e+00 5.700000000000000000e+01 3.100000000000000000e+01 0.000000000000000000e+00 0.000000000000000000e+00
9.919999999999999929e+00 5.700000000000000000e+01 2.800000000000000000e+01 0.000000000000000000e+00 0.000000000000000000e+00
1.011999999999999922e+01 5.700000000000000000e+01 2.900000000000000000e+01 1.000000000000000000e+00 0.000000000000000000e+00
1.032000000000000028e+01 5.200000000000000000e+01 3.000000000000000000e+01 0.000000000000000000e+00 0.000000000000000000e+00
2.000000000000000000e+01 5.100000000000000000e+01 2.400000000000000000e+01 1.000000000000000000e+00 0.000000000000000000e+00
2.007000000000000028e+01 5.500000000000000000e+01 2.300000000000000000e+01 1.000000000000000000e+00 0.000000000000000000e+00
2.105999999999999872e+01 5.100000000000000000e+01 2.900000000000000000e+01 0.000000000000000000e+00 0.000000000000000000e+00
2.246000000000000085e+01 5.100000000000000000e+01 2.300000000000000000e+01 1.000000000000000000e+00 0.000000000000000000e+00
2.253000000000000114e+01 5.900000000000000000e+01 2.500000000000000000e+01 1.000000000000000000e+00 0.000000000000000000e+00
2.773000000000000043e+01 5.300000000000000000e+01 2.200000000000000000e+01 1.000000000000000000e+00 0.000000000000000000e+00
2.942999999999999972e+01 5.000000000000000000e+01 2.400000000000000000e+01 1.000000000000000000e+00 0.000000000000000000e+00
2.944000000000000128e+01 5.000000000000000000e+01 2.400000000000000000e+01 1.000000000000000000e+00 0.000000000000000000e+00
2.944000000000000128e+01 5.000000000000000000e+01 2.400000000000000000e+01 1.000000000000000000e+00 0.000000000000000000e+00
3.151000000000000156e+01 5.000000000000000000e+01 2.500000000000000000e+01 1.000000000000000000e+00 0.000000000000000000e+00
3.232000000000000028e+01 5.000000000000000000e+01 2.900000000000000000e+01 0.000000000000000000e+00 0.000000000000000000e+00
3.914999999999999858e+01 5.000000000000000000e+01 2.900000000000000000e+01 0.000000000000000000e+00 0.000000000000000000e+00
4.085000000000000142e+01 5.900000000000000000e+01 2.800000000000000000e+01 0.000000000000000000e+00 0.000000000000000000e+00
4.428999999999999915e+01 5.400000000000000000e+01 3.200000000000000000e+01 0.000000000000000000e+00 0.000000000000000000e+00
4.585000000000000142e+01 5.200000000000000000e+01 2.300000000000000000e+01 1.000000000000000000e+00 0.000000000000000000e+00
4.592000000000000171e+01 5.200000000000000000e+01 2.900000000000000000e+01 0.000000000000000000e+00 0.000000000000000000e+00
4.907000000000000028e+01 5.700000000000000000e+01 2.700000000000000000e+01 0.000000000000000000e+00 0.000000000000000000e+00
5.038000000000000256e+01 5.800000000000000000e+01 3.000000000000000000e+01 0.000000000000000000e+00 0.000000000000000000e+00
5.364000000000000057e+01 5.300000000000000000e+01 3.200000000000000000e+01 0.000000000000000000e+00 0.000000000000000000e+00
5.382999999999999829e+01 5.500000000000000000e+01 3.200000000000000000e+01 0.000000000000000000e+00 0.000000000000000000e+00
5.653000000000000114e+01 5.400000000000000000e+01 2.200000000000000000e+01 1.000000000000000000e+00 0.000000000000000000e+00
5.653999999999999915e+01 5.400000000000000000e+01 2.200000000000000000e+01 1.000000000000000000e+00 0.000000000000000000e+00
5.724000000000000199e+01 5.100000000000000000e+01 3.000000000000000000e+01 0.000000000000000000e+00 0.000000000000000000e+00
5.895000000000000284e+01 5.900000000000000000e+01 2.900000000000000000e+01 0.000000000000000000e+00 0.000000000000000000e+00
6.342000000000000171e+01 5.800000000000000000e+01 2.900000000000000000e+01 0.000000000000000000e+00 0.000000000000000000e+00
6.575000000000000000e+01 5.400000000000000000e+01 2.400000000000000000e+01 1.000000000000000000e+00 0.000000000000000000e+00
6.737999999999999545e+01 5.700000000000000000e+01 2.300000000000000000e+01 1.000000000000000000e+00 0.000000000000000000e+00
6.739000000000000057e+01 5.700000000000000000e+01 2.300000000000000000e+01 1.000000000000000000e+00 0.000000000000000000e+00
6.815000000000000568e+01 5.400000000000000000e+01 2.800000000000000000e+01 1.000000000000000000e+00 0.000000000000000000e+00
6.839000000000000057e+01 5.700000000000000000e+01 2.100000000000000000e+01 1.000000000000000000e+00 0.000000000000000000e+00
7.001999999999999602e+01 5.200000000000000000e+01 3.100000000000000000e+01 0.000000000000000000e+00 0.000000000000000000e+00
7.143999999999999773e+01 5.400000000000000000e+01 3.100000000000000000e+01 0.000000000000000000e+00 0.000000000000000000e+00
7.193000000000000682e+01 5.200000000000000000e+01 2.700000000000000000e+01 0.000000000000000000e+00 0.000000000000000000e+00
7.215000000000000568e+01 5.400000000000000000e+01 2.700000000000000000e+01 0.000000000000000000e+00 0.000000000000000000e+00
7.343999999999999773e+01 5.300000000000000000e+01 2.900000000000000000e+01 0.000000000000000000e+00 0.000000000000000000e+00
7.393000000000000682e+01 5.100000000000000000e+01 2.900000000000000000e+01 0.000000000000000000e+00 0.000000000000000000e+00
7.973999999999999488e+01 5.400000000000000000e+01 3.200000000000000000e+01 0.000000000000000000e+00 0.000000000000000000e+00
8.221999999999999886e+01 5.200000000000000000e+01 2.200000000000000000e+01 1.000000000000000000e+00 0.000000000000000000e+00
8.296999999999999886e+01 5.600000000000000000e+01 2.300000000000000000e+01 1.000000000000000000e+00 0.000000000000000000e+00
8.559000000000000341e+01 5.500000000000000000e+01 3.200000000000000000e+01 0.000000000000000000e+00 0.000000000000000000e+00
8.867000000000000171e+01 5.700000000000000000e+01 3.100000000000000000e+01 0.000000000000000000e+00 0.000000000000000000e+00
8.973000000000000398e+01 5.500000000000000000e+01 2.200000000000000000e+01 1.000000000000000000e+00 0.000000000000000000e+00
9.196999999999999886e+01 5.100000000000000000e+01 2.400000000000000000e+01 1.000000000000000000e+00 0.000000000000000000e+00
9.206000000000000227e+01 5.000000000000000000e+01 2.800000000000000000e+01 0.000000000000000000e+00 0.000000000000000000e+00
9.551999999999999602e+01 5.800000000000000000e+01 2.400000000000000000e+01 1.000000000000000000e+00 0.000000000000000000e+00
9.553000000000000114e+01 5.800000000000000000e+01 2.400000000000000000e+01 1.000000000000000000e+00 0.000000000000000000e+00
1.023599999999999994e+02 5.800000000000000000e+01 2.400000000000000000e+01 1.000000000000000000e+00 0.000000000000000000e+00
1.026500000000000057e+02 5.200000000000000000e+01 2.300000000000000000e+01 1.000000000000000000e+00 0.000000000000000000e+00
1.039399999999999977e+02 5.300000000000000000e+01 3.200000000000000000e+01 0.000000000000000000e+00 0.000000000000000000e+00
1.087199999999999989e+02 5.600000000000000000e+01 2.800000000000000000e+01 0.000000000000000000e+00 0.000000000000000000e+00
1.089200000000000017e+02 5.600000000000000000e+01 3.100000000000000000e+01 0.000000000000000000e+00 0.000000000000000000e+00
1.139599999999999937e+02 5.100000000000000000e+01 3.100000000000000000e+01 0.000000000000000000e+00 0.000000000000000000e+00
1.144899999999999949e+02 5.400000000000000000e+01 3.200000000000000000e+01 0.000000000000000000e+00 0.000000000000000000e+00
1.148799999999999955e+02 5.000000000000000000e+01 2.900000000000000000e+01 0.000000000000000000e+00 0.000000000000000000e+00
1.176099999999999994e+02 5.500000000000000000e+01 3.000000000000000000e+00 0.000000000000000000e+00 0.000000000000000000e+00
1.197300000000000040e+02 5.600000000000000000e+01 2.700000000000000000e+01 0.000000000000000000e+00 0.000000000000000000e+00
1.203900000000000006e+02 1.600000000000000000e+01 5.800000000000000000e+01 0.000000000000000000e+00 0.000000000000000000e+00
1.214200000000000017e+02 5.300000000000000000e+01 2.300000000000000000e+01 1.000000000000000000e+00 0.000000000000000000e+00
1.215499999999999972e+02 5.500000000000000000e+01 3.000000000000000000e+01 0.000000000000000000e+00 0.000000000000000000e+00
1.227699999999999960e+02 5.900000000000000000e+01 2.900000000000000000e+01 0.000000000000000000e+00 0.000000000000000000e+00
1.237600000000000051e+02 5.300000000000000000e+01 3.100000000000000000e+01 0.000000000000000000e+00 0.000000000000000000e+00
1.244699999999999989e+02 5.800000000000000000e+01 2.900000000000000000e+01 0.000000000000000000e+00 0.000000000000000000e+00
1.257699999999999960e+02 6.000000000000000000e+01 2.400000000000000000e+01 1.000000000000000000e+00 0.000000000000000000e+00
1.290000000000000000e+02 5.400000000000000000e+01 3.000000000000000000e+01 0.000000000000000000e+00 0.000000000000000000e+00
1.313499999999999943e+02 5.400000000000000000e+01 3.100000000000000000e+01 0.000000000000000000e+00 0.000000000000000000e+00
1.319000000000000057e+02 5.500000000000000000e+01 0.000000000000000000e+00 0.000000000000000000e+00 0.000000000000000000e+00
1.319799999999999898e+02 5.100000000000000000e+01 2.800000000000000000e+01 0.000000000000000000e+00 0.000000000000000000e+00
1.320900000000000034e+02 5.700000000000000000e+01 2.200000000000000000e+01 1.000000000000000000e+00 0.000000000000000000e+00
1.325699999999999932e+02 5.000000000000000000e+01 3.000000000000000000e+01 0.000000000000000000e+00 0.000000000000000000e+00
1.329499999999999886e+02 5.300000000000000000e+01 3.200000000000000000e+01 0.000000000000000000e+00 0.000000000000000000e+00
1.342500000000000000e+02 5.100000000000000000e+01 2.400000000000000000e+01 1.000000000000000000e+00 0.000000000000000000e+00
1.343199999999999932e+02 5.000000000000000000e+01 2.500000000000000000e+01 1.000000000000000000e+00 0.000000000000000000e+00
1.402500000000000000e+02 5.800000000000000000e+01 2.800000000000000000e+01 0.000000000000000000e+00 0.000000000000000000e+00
1.422199999999999989e+02 5.600000000000000000e+01 2.200000000000000000e+01 1.000000000000000000e+00 0.000000000000000000e+00
1.451999999999999886e+02 5.700000000000000000e+01 2.300000000000000000e+01 1.000000000000000000e+00 0.000000000000000000e+00
1.458100000000000023e+02 5.500000000000000000e+01 3.200000000000000000e+01 0.000000000000000000e+00 0.000000000000000000e+00
1.476100000000000136e+02 5.500000000000000000e+01 2.700000000000000000e+01 0.000000000000000000e+00 0.000000000000000000e+00
1.517599999999999909e+02 5.600000000000000000e+01 3.200000000000000000e+01 0.000000000000000000e+00 0.000000000000000000e+00
1.572299999999999898e+02 5.500000000000000000e+01 2.800000000000000000e+01 0.000000000000000000e+00 0.000000000000000000e+00
1.585500000000000114e+02 5.000000000000000000e+01 3.000000000000000000e+01 0.000000000000000000e+00 0.000000000000000000e+00
1.599799999999999898e+02 5.500000000000000000e+01 1.800000000000000000e+01 1.000000000000000000e+00 0.000000000000000000e+00
1.614199999999999875e+02 5.500000000000000000e+01 1.700000000000000000e+01 1.000000000000000000e+00 0.000000000000000000e+00
1.651399999999999864e+02 5.300000000000000000e+01 2.800000000000000000e+01 1.000000000000000000e+00 0.000000000000000000e+00
1.661299999999999955e+02 5.200000000000000000e+01 3.100000000000000000e+01 0.000000000000000000e+00 0.000000000000000000e+00
1.677400000000000091e+02 5.600000000000000000e+01 2.300000000000000000e+01 1.000000000000000000e+00 0.000000000000000000e+00
1.728899999999999864e+02 5.600000000000000000e+01 3.100000000000000000e+01 0.000000000000000000e+00 0.000000000000000000e+00
1.788199999999999932e+02 5.000000000000000000e+01 2.900000000000000000e+01 0.000000000000000000e+00 0.000000000000000000e+00
1.817100000000000080e+02 5.300000000000000000e+01 2.300000000000000000e+01 1.000000000000000000e+00 0.000000000000000000e+00
1.829900000000000091e+02 5.600000000000000000e+01 3.000000000000000000e+01 0.000000000000000000e+00 0.000000000000000000e+00
1.834699999999999989e+02 5.800000000000000000e+01 2.400000000000000000e+01 1.000000000000000000e+00 0.000000000000000000e+00
1.834799999999999898e+02 5.800000000000000000e+01 2.400000000000000000e+01 1.000000000000000000e+00 0.000000000000000000e+00
1.835900000000000034e+02 5.300000000000000000e+01 2.700000000000000000e+01 0.000000000000000000e+00 0.000000000000000000e+00
1.869000000000000057e+02 5.800000000000000000e+01 4.100000000000000000e+01 1.000000000000000000e+00 0.000000000000000000e+00
1.884000000000000057e+02 5.900000000000000000e+01 2.600000000000000000e+01 1.000000000000000000e+00 0.000000000000000000e+00
1.920300000000000011e+02 5.200000000000000000e+01 3.200000000000000000e+01 0.000000000000000000e+00 0.000000000000000000e+00
1.948899999999999864e+02 5.500000000000000000e+01 2.900000000000000000e+01 1.000000000000000000e+00 0.000000000000000000e+00
1.963600000000000136e+02 5.100000000000000000e+01 3.100000000000000000e+01 0.000000000000000000e+00 0.000000000000000000e+00
1.982800000000000011e+02 5.700000000000000000e+01 2.900000000000000000e+01 0.000000000000000000e+00 0.000000000000000000e+00
2.087299999999999898e+02 5.500000000000000000e+01 2.300000000000000000e+01 1.000000000000000000e+00 0.000000000000000000e+00
2.087899999999999920e+02 5.500000000000000000e+01 3.100000000000000000e+01 0.000000000000000000e+00 0.000000000000000000e+00
2.097700000000000102e+02 5.400000000000000000e+01 2.400000000000000000e+01 1.000000000000000000e+00 0.000000000000000000e+00
2.135300000000000011e+02 5.200000000000000000e+01 2.400000000000000000e+01 1.000000000000000000e+00 0.000000000000000000e+00
2.148100000000000023e+02 5.500000000000000000e+01 2.200000000000000000e+01 1.000000000000000000e+00 0.000000000000000000e+00
2.152899999999999920e+02 5.300000000000000000e+01 2.300000000000000000e+01 1.000000000000000000e+00 0.000000000000000000e+00
2.154199999999999875e+02 5.600000000000000000e+01 3.200000000000000000e+01 0.000000000000000000e+00 0.000000000000000000e+00
2.177299999999999898e+02 5.100000000000000000e+01 2.400000000000000000e+01 1.000000000000000000e+00 0.000000000000000000e+00
2.200600000000000023e+02 5.800000000000000000e+01 3.100000000000000000e+01 0.000000000000000000e+00 0.000000000000000000e+00
2.218799999999999955e+02 5.500000000000000000e+01 2.100000000000000000e+01 1.000000000000000000e+00 0.000000000000000000e+00
2.223000000000000114e+02 5.500000000000000000e+01 2.800000000000000000e+01 0.000000000000000000e+00 0.000000000000000000e+00
2.232400000000000091e+02 5.300000000000000000e+01 3.000000000000000000e+01 0.000000000000000000e+00 0.000000000000000000e+00
2.281899999999999977e+02 5.500000000000000000e+01 1.200000000000000000e+01 1.000000000000000000e+00 0.000000000000000000e+00
2.283899999999999864e+02 5.200000000000000000e+01 2.300000000000000000e+01 1.000000000000000000e+00 0.000000000000000000e+00
2.285099999999999909e+02 5.400000000000000000e+01 2.300000000000000000e+01 1.000000000000000000e+00 0.000000000000000000e+00
2.293799999999999955e+02 5.400000000000000000e+01 2.800000000000000000e+01 0.000000000000000000e+00 0.000000000000000000e+00
2.305999999999999943e+02 5.700000000000000000e+01 2.700000000000000000e+01 0.000000000000000000e+00 0.000000000000000000e+00
2.306999999999999886e+02 2.600000000000000000e+01 1.200000000000000000e+01 0.000000000000000000e+00 0.000000000000000000e+00
2.358799999999999955e+02 5.200000000000000000e+01 3.200000000000000000e+01 0.000000000000000000e+00 0.000000000000000000e+00
2.374499999999999886e+02 5.500000000000000000e+01 1.300000000000000000e+01 1.000000000000000000e+00 0.000000000000000000e+00
2.391800000000000068e+02 5.200000000000000000e+01 3.100000000000000000e+01 0.000000000000000000e+00 0.000000000000000000e+00
2.415099999999999909e+02 5.300000000000000000e+01 3.200000000000000000e+01 0.000000000000000000e+00 0.000000000000000000e+00
2.421299999999999955e+02 5.000000000000000000e+01 3.000000000000000000e+01 0.000000000000000000e+00 0.000000000000000000e+00
2.478799999999999955e+02 5.600000000000000000e+01 2.300000000000000000e+01 1.000000000000000000e+00 0.000000000000000000e+00
2.478899999999999864e+02 5.600000000000000000e+01 2.300000000000000000e+01 1.000000000000000000e+00 0.000000000000000000e+00
2.490600000000000023e+02 5.500000000000000000e+01 3.300000000000000000e+01 0.000000000000000000e+00 0.000000000000000000e+00
2.499000000000000057e+02 5.700000000000000000e+01 3.200000000000000000e+01 0.000000000000000000e+00 0.000000000000000000e+00
2.518799999999999955e+02 5.600000000000000000e+01 2.000000000000000000e+01 1.000000000000000000e+00 0.000000000000000000e+00
2.545600000000000023e+02 5.900000000000000000e+01 2.900000000000000000e+01 0.000000000000000000e+00 0.000000000000000000e+00
2.565400000000000205e+02 5.700000000000000000e+01 3.100000000000000000e+01 0.000000000000000000e+00 0.000000000000000000e+00
2.633700000000000045e+02 5.700000000000000000e+01 3.100000000000000000e+01 0.000000000000000000e+00 0.000000000000000000e+00
2.643399999999999750e+02 5.200000000000000000e+01 2.400000000000000000e+01 1.000000000000000000e+00 0.000000000000000000e+00
2.666399999999999864e+02 5.300000000000000000e+01 2.300000000000000000e+01 1.000000000000000000e+00 0.000000000000000000e+00
2.683199999999999932e+02 5.400000000000000000e+01 2.300000000000000000e+01 1.000000000000000000e+00 0.000000000000000000e+00
2.691399999999999864e+02 5.000000000000000000e+01 3.000000000000000000e+01 0.000000000000000000e+00 0.000000000000000000e+00
2.697799999999999727e+02 5.400000000000000000e+01 3.000000000000000000e+01 0.000000000000000000e+00 0.000000000000000000e+00
2.723100000000000023e+02 5.500000000000000000e+01 3.100000000000000000e+01 0.000000000000000000e+00 0.000000000000000000e+00
2.726299999999999955e+02 5.400000000000000000e+01 2.800000000000000000e+01 0.000000000000000000e+00 0.000000000000000000e+00
2.735600000000000023e+02 5.700000000000000000e+01 2.400000000000000000e+01 1.000000000000000000e+00 0.000000000000000000e+00
2.749300000000000068e+02 5.100000000000000000e+01 2.900000000000000000e+01 0.000000000000000000e+00 0.000000000000000000e+00
2.760699999999999932e+02 5.200000000000000000e+01 2.800000000000000000e+01 0.000000000000000000e+00 0.000000000000000000e+00
2.762799999999999727e+02 5.100000000000000000e+01 3.100000000000000000e+01 0.000000000000000000e+00 0.000000000000000000e+00
2.763299999999999841e+02 5.400000000000000000e+01 3.300000000000000000e+01 0.000000000000000000e+00 0.000000000000000000e+00
2.798399999999999750e+02 5.700000000000000000e+01 2.800000000000000000e+01 0.000000000000000000e+00 0.000000000000000000e+00
2.799200000000000159e+02 5.500000000000000000e+01 2.000000000000000000e+01 1.000000000000000000e+00 0.000000000000000000e+00
2.806899999999999977e+02 5.500000000000000000e+01 3.200000000000000000e+01 0.000000000000000000e+00 0.000000000000000000e+00
2.863399999999999750e+02 5.500000000000000000e+01 3.300000000000000000e+01 0.000000000000000000e+00 0.000000000000000000e+00
2.883899999999999864e+02 5.800000000000000000e+01 3.000000000000000000e+01 0.000000000000000000e+00 0.000000000000000000e+00
2.904100000000000250e+02 5.300000000000000000e+01 3.300000000000000000e+01 0.000000000000000000e+00 0.000000000000000000e+00
2.919800000000000182e+02 5.100000000000000000e+01 3.200000000000000000e+01 0.000000000000000000e+00 0.000000000000000000e+00
2.951600000000000250e+02 5.300000000000000000e+01 2.600000000000000000e+01 1.000000000000000000e+00 0.000000000000000000e+00
2.998500000000000227e+02 5.400000000000000000e+01 3.200000000000000000e+01 0.000000000000000000e+00 0.000000000000000000e+00
3.017500000000000000e+02 5.000000000000000000e+01 2.600000000000000000e+01 1.000000000000000000e+00 0.000000000000000000e+00
3.022599999999999909e+02 5.400000000000000000e+01 3.300000000000000000e+01 0.000000000000000000e+00 0.000000000000000000e+00
3.053700000000000045e+02 5.500000000000000000e+01 2.300000000000000000e+01 1.000000000000000000e+00 0.000000000000000000e+00
3.053799999999999955e+02 5.500000000000000000e+01 2.300000000000000000e+01 1.000000000000000000e+00 0.000000000000000000e+00
3.066299999999999955e+02 5.700000000000000000e+01 3.200000000000000000e+01 0.000000000000000000e+00 0.000000000000000000e+00
3.073100000000000023e+02 5.000000000000000000e+01 2.900000000000000000e+01 0.000000000000000000e+00 0.000000000000000000e+00
3.079499999999999886e+02 5.200000000000000000e+01 3.200000000000000000e+01 0.000000000000000000e+00 0.000000000000000000e+00
3.103899999999999864e+02 5.100000000000000000e+01 2.500000000000000000e+01 1.000000000000000000e+00 0.000000000000000000e+00
3.114100000000000250e+02 5.400000000000000000e+01 2.900000000000000000e+01 1.000000000000000000e+00 0.000000000000000000e+00
3.120600000000000023e+02 5.000000000000000000e+01 3.000000000000000000e+01 0.000000000000000000e+00 0.000000000000000000e+00
3.122699999999999818e+02 5.500000000000000000e+01 1.600000000000000000e+01 1.000000000000000000e+00 0.000000000000000000e+00
3.145400000000000205e+02 5.900000000000000000e+01 3.000000000000000000e+01 0.000000000000000000e+00 0.000000000000000000e+00
3.156499999999999773e+02 5.700000000000000000e+01 2.700000000000000000e+01 0.000000000000000000e+00 0.000000000000000000e+00
3.156999999999999886e+02 5.200000000000000000e+01 2.400000000000000000e+01 1.000000000000000000e+00 0.000000000000000000e+00
3.157200000000000273e+02 5.500000000000000000e+01 3.300000000000000000e+01 0.000000000000000000e+00 0.000000000000000000e+00
3.180899999999999750e+02 5.200000000000000000e+01 3.000000000000000000e+01 0.000000000000000000e+00 0.000000000000000000e+00
3.185899999999999750e+02 5.200000000000000000e+01 2.800000000000000000e+01 0.000000000000000000e+00 0.000000000000000000e+00
3.193500000000000227e+02 5.300000000000000000e+01 3.200000000000000000e+01 0.000000000000000000e+00 0.000000000000000000e+00
3.212400000000000091e+02 5.800000000000000000e+01 2.500000000000000000e+01 1.000000000000000000e+00 0.000000000000000000e+00
3.259499999999999886e+02 5.500000000000000000e+01 2.200000000000000000e+01 1.000000000000000000e+00 0.000000000000000000e+00
3.296200000000000045e+02 5.000000000000000000e+01 3.100000000000000000e+01 0.000000000000000000e+00 0.000000000000000000e+00
3.305000000000000000e+02 5.600000000000000000e+01 3.300000000000000000e+01 0.000000000000000000e+00 0.000000000000000000e+00
3.307900000000000205e+02 5.300000000000000000e+01 3.300000000000000000e+01 0.000000000000000000e+00 0.000000000000000000e+00
3.314399999999999977e+02 5.400000000000000000e+01 2.500000000000000000e+01 1.000000000000000000e+00 0.000000000000000000e+00
3.324100000000000250e+02 5.600000000000000000e+01 2.900000000000000000e+01 0.000000000000000000e+00 0.000000000000000000e+00
3.342900000000000205e+02 5.600000000000000000e+01 2.400000000000000000e+01 1.000000000000000000e+00 0.000000000000000000e+00
3.347099999999999795e+02 5.500000000000000000e+01 3.100000000000000000e+01 0.000000000000000000e+00 0.000000000000000000e+00
3.347599999999999909e+02 5.600000000000000000e+01 2.700000000000000000e+01 0.000000000000000000e+00 0.000000000000000000e+00
3.370500000000000114e+02 5.200000000000000000e+01 3.200000000000000000e+01 0.000000000000000000e+00 0.000000000000000000e+00
3.383899999999999864e+02 5.500000000000000000e+01 3.000000000000000000e+01 0.000000000000000000e+00 0.000000000000000000e+00
3.419200000000000159e+02 5.700000000000000000e+01 2.400000000000000000e+01 1.000000000000000000e+00 0.000000000000000000e+00
3.432900000000000205e+02 5.000000000000000000e+01 2.800000000000000000e+01 0.000000000000000000e+00 0.000000000000000000e+00
3.490199999999999818e+02 1.000000000000000000e+00 2.700000000000000000e+01 0.000000000000000000e+00 0.000000000000000000e+00
3.500699999999999932e+02 5.600000000000000000e+01 3.200000000000000000e+01 0.000000000000000000e+00 0.000000000000000000e+00
3.509599999999999795e+02 5.100000000000000000e+01 3.200000000000000000e+01 0.000000000000000000e+00 0.000000000000000000e+00
3.513600000000000136e+02 5.600000000000000000e+01 3.100000000000000000e+01 0.000000000000000000e+00 0.000000000000000000e+00
3.528899999999999864e+02 2.600000000000000000e+01 5.800000000000000000e+01 0.000000000000000000e+00 0.000000000000000000e+00
3.584599999999999795e+02 5.000000000000000000e+01 3.100000000000000000e+01 0.000000000000000000e+00 0.000000000000000000e+00
3.616000000000000227e+02 5.000000000000000000e+01 3.000000000000000000e+01 0.000000000000000000e+00 0.000000000000000000e+00
3.626000000000000227e+02 5.200000000000000000e+01 2.100000000000000000e+01 1.000000000000000000e+00 0.000000000000000000e+00
3.631200000000000045e+02 5.500000000000000000e+01 1.500000000000000000e+01 1.000000000000000000e+00 0.000000000000000000e+00
3.643899999999999864e+02 5.800000000000000000e+01 2.900000000000000000e+01 0.000000000000000000e+00 0.000000000000000000e+00
3.651299999999999955e+02 5.100000000000000000e+01 2.500000000000000000e+01 1.000000000000000000e+00 0.000000000000000000e+00
3.666200000000000045e+02 5.500000000000000000e+01 1.000000000000000000e+01 1.000000000000000000e+00 0.000000000000000000e+00
3.676999999999999886e+02 5.000000000000000000e+01 2.500000000000000000e+01 1.000000000000000000e+00 0.000000000000000000e+00
3.678100000000000023e+02 5.100000000000000000e+01 3.200000000000000000e+01 0.000000000000000000e+00 0.000000000000000000e+00
3.697900000000000205e+02 5.600000000000000000e+01 2.800000000000000000e+01 0.000000000000000000e+00 0.000000000000000000e+00
3.720500000000000114e+02 5.500000000000000000e+01 1.400000000000000000e+01 1.000000000000000000e+00 0.000000000000000000e+00
3.730000000000000000e+02 5.600000000000000000e+01 3.300000000000000000e+01 0.000000000000000000e+00 0.000000000000000000e+00
3.732300000000000182e+02 5.200000000000000000e+01 2.400000000000000000e+01 1.000000000000000000e+00 0.000000000000000000e+00
3.732900000000000205e+02 5.800000000000000000e+01 2.800000000000000000e+01 0.000000000000000000e+00 0.000000000000000000e+00
3.750299999999999727e+02 5.100000000000000000e+01 3.000000000000000000e+01 0.000000000000000000e+00 0.000000000000000000e+00
3.761600000000000250e+02 5.200000000000000000e+01 3.300000000000000000e+01 0.000000000000000000e+00 0.000000000000000000e+00
3.793199999999999932e+02 5.400000000000000000e+01 2.800000000000000000e+01 0.000000000000000000e+00 0.000000000000000000e+00
3.808899999999999864e+02 5.300000000000000000e+01 2.800000000000000000e+01 0.000000000000000000e+00 0.000000000000000000e+00
3.811200000000000045e+02 5.000000000000000000e+01 2.600000000000000000e+01 1.000000000000000000e+00 0.000000000000000000e+00
3.817699999999999818e+02 5.300000000000000000e+01 2.400000000000000000e+01 1.000000000000000000e+00 0.000000000000000000e+00
3.860199999999999818e+02 5.400000000000000000e+01 3.100000000000000000e+01 0.000000000000000000e+00 0.000000000000000000e+00
3.873299999999999841e+02 5.900000000000000000e+01 2.700000000000000000e+01 1.000000000000000000e+00 0.000000000000000000e+00
3.888100000000000023e+02 5.800000000000000000e+01 2.500000000000000000e+01 1.000000000000000000e+00 0.000000000000000000e+00
3.919200000000000159e+02 5.400000000000000000e+01 2.800000000000000000e+01 0.000000000000000000e+00 0.000000000000000000e+00
3.922200000000000273e+02 5.600000000000000000e+01 2.800000000000000000e+01 0.000000000000000000e+00 0.000000000000000000e+00
3.948899999999999864e+02 5.500000000000000000e+01 1.900000000000000000e+01 1.000000000000000000e+00 0.000000000000000000e+00
3.950899999999999750e+02 5.500000000000000000e+01 2.900000000000000000e+01 0.000000000000000000e+00 0.000000000000000000e+00
3.957200000000000273e+02 5.500000000000000000e+01 1.100000000000000000e+01 1.000000000000000000e+00 0.000000000000000000e+00
3.961399999999999864e+02 5.300000000000000000e+01 2.200000000000000000e+01 1.000000000000000000e+00 0.000000000000000000e+00
3.967599999999999909e+02 5.500000000000000000e+01 2.400000000000000000e+01 1.000000000000000000e+00 0.000000000000000000e+00
3.978399999999999750e+02 5.300000000000000000e+01 3.200000000000000000e+01 0.000000000000000000e+00 0.000000000000000000e+00
3.985699999999999932e+02 5.500000000000000000e+01 3.300000000000000000e+01 0.000000000000000000e+00 0.000000000000000000e+00
4.004499999999999886e+02 5.900000000000000000e+01 2.900000000000000000e+01 0.000000000000000000e+00 0.000000000000000000e+00
4.006100000000000136e+02 5.900000000000000000e+01 3.000000000000000000e+01 0.000000000000000000e+00 0.000000000000000000e+00
4.010799999999999841e+02 5.600000000000000000e+01 2.400000000000000000e+01 1.000000000000000000e+00 0.000000000000000000e+00
4.016800000000000068e+02 5.200000000000000000e+01 2.700000000000000000e+01 0.000000000000000000e+00 0.000000000000000000e+00
4.029399999999999977e+02 5.400000000000000000e+01 3.300000000000000000e+01 0.000000000000000000e+00 0.000000000000000000e+00
4.031399999999999864e+02 5.400000000000000000e+01 2.100000000000000000e+01 1.000000000000000000e+00 0.000000000000000000e+00
4.069599999999999795e+02 5.100000000000000000e+01 2.400000000000000000e+01 1.000000000000000000e+00 0.000000000000000000e+00
4.069700000000000273e+02 5.100000000000000000e+01 2.400000000000000000e+01 1.000000000000000000e+00 0.000000000000000000e+00
4.083899999999999864e+02 5.400000000000000000e+01 3.100000000000000000e+01 0.000000000000000000e+00 0.000000000000000000e+00
4.106299999999999955e+02 5.200000000000000000e+01 3.300000000000000000e+01 0.000000000000000000e+00 0.000000000000000000e+00
4.111600000000000250e+02 5.100000000000000000e+01 2.500000000000000000e+01 1.000000000000000000e+00 0.000000000000000000e+00
4.126800000000000068e+02 5.200000000000000000e+01 2.600000000000000000e+01 0.000000000000000000e+00 0.000000000000000000e+00
4.150699999999999932e+02 5.700000000000000000e+01 3.200000000000000000e+01 0.000000000000000000e+00 0.000000000000000000e+00
4.152799999999999727e+02 5.000000000000000000e+01 3.100000000000000000e+01 0.000000000000000000e+00 0.000000000000000000e+00
4.172699999999999818e+02 5.400000000000000000e+01 2.500000000000000000e+01 1.000000000000000000e+00 0.000000000000000000e+00
4.196100000000000136e+02 5.300000000000000000e+01 2.400000000000000000e+01 1.000000000000000000e+00 0.000000000000000000e+00
4.254300000000000068e+02 5.800000000000000000e+01 3.200000000000000000e+01 0.000000000000000000e+00 0.000000000000000000e+00
4.287500000000000000e+02 5.500000000000000000e+01 3.000000000000000000e+01 1.000000000000000000e+00 0.000000000000000000e+00
4.287699999999999818e+02 5.500000000000000000e+01 3.000000000000000000e+01 1.000000000000000000e+00 0.000000000000000000e+00
4.294399999999999977e+02 5.300000000000000000e+01 2.900000000000000000e+01 1.000000000000000000e+00 0.000000000000000000e+00
4.305000000000000000e+02 5.700000000000000000e+01 3.300000000000000000e+01 0.000000000000000000e+00 0.000000000000000000e+00
4.326399999999999864e+02 5.400000000000000000e+01 2.900000000000000000e+01 0.000000000000000000e+00 0.000000000000000000e+00
4.373899999999999864e+02 5.500000000000000000e+01 2.300000000000000000e+01 1.000000000000000000e+00 0.000000000000000000e+00
4.382500000000000000e+02 5.200000000000000000e+01 3.300000000000000000e+01 0.000000000000000000e+00 0.000000000000000000e+00
4.404499999999999886e+02 5.200000000000000000e+01 3.200000000000000000e+01 0.000000000000000000e+00 0.000000000000000000e+00
4.432699999999999818e+02 5.600000000000000000e+01 3.200000000000000000e+01 0.000000000000000000e+00 0.000000000000000000e+00
4.451000000000000227e+02 5.600000000000000000e+01 2.400000000000000000e+01 1.000000000000000000e+00 0.000000000000000000e+00
4.485199999999999818e+02 5.300000000000000000e+01 2.400000000000000000e+01 1.000000000000000000e+00 0.000000000000000000e+00
4.553500000000000227e+02 5.300000000000000000e+01 2.400000000000000000e+01 1.000000000000000000e+00 0.000000000000000000e+00
4.556899999999999977e+02 5.900000000000000000e+01 2.600000000000000000e+01 1.000000000000000000e+00 0.000000000000000000e+00
4.556999999999999886e+02 5.900000000000000000e+01 2.600000000000000000e+01 1.000000000000000000e+00 0.000000000000000000e+00
4.610000000000000000e+02 5.700000000000000000e+01 2.400000000000000000e+01 1.000000000000000000e+00 0.000000000000000000e+00
4.638600000000000136e+02 5.500000000000000000e+01 2.900000000000000000e+01 0.000000000000000000e+00 0.000000000000000000e+00
4.647699999999999818e+02 5.700000000000000000e+01 2.900000000000000000e+01 0.000000000000000000e+00 0.000000000000000000e+00
4.648600000000000136e+02 5.500000000000000000e+01 3.200000000000000000e+01 0.000000000000000000e+00 0.000000000000000000e+00
4.662099999999999795e+02 5.700000000000000000e+01 2.500000000000000000e+01 1.000000000000000000e+00 0.000000000000000000e+00
4.674800000000000182e+02 5.000000000000000000e+01 3.200000000000000000e+01 0.000000000000000000e+00 0.000000000000000000e+00
4.701999999999999886e+02 5.200000000000000000e+01 3.100000000000000000e+01 0.000000000000000000e+00 0.000000000000000000e+00
4.710400000000000205e+02 5.100000000000000000e+01 3.300000000000000000e+01 0.000000000000000000e+00 0.000000000000000000e+00
4.739200000000000159e+02 5.900000000000000000e+01 2.500000000000000000e+01 1.000000000000000000e+00 0.000000000000000000e+00
4.740000000000000000e+02 5.700000000000000000e+01 2.800000000000000000e+01 0.000000000000000000e+00 0.000000000000000000e+00
4.741600000000000250e+02 5.300000000000000000e+01 3.400000000000000000e+01 0.000000000000000000e+00 0.000000000000000000e+00
4.754499999999999886e+02 5.200000000000000000e+01 2.500000000000000000e+01 1.000000000000000000e+00 0.000000000000000000e+00
4.776999999999999886e+02 5.500000000000000000e+01 2.400000000000000000e+01 1.000000000000000000e+00 0.000000000000000000e+00
4.793700000000000045e+02 5.400000000000000000e+01 3.400000000000000000e+01 0.000000000000000000e+00 0.000000000000000000e+00
4.803600000000000136e+02 5.800000000000000000e+01 2.400000000000000000e+01 1.000000000000000000e+00 0.000000000000000000e+00
4.803700000000000045e+02 5.800000000000000000e+01 2.400000000000000000e+01 1.000000000000000000e+00 0.000000000000000000e+00
4.827699999999999818e+02 5.400000000000000000e+01 2.900000000000000000e+01 0.000000000000000000e+00 0.000000000000000000e+00
4.829399999999999977e+02 5.400000000000000000e+01 2.300000000000000000e+01 1.000000000000000000e+00 0.000000000000000000e+00
4.838000000000000114e+02 5.000000000000000000e+01 3.000000000000000000e+01 0.000000000000000000e+00 0.000000000000000000e+00
4.841800000000000068e+02 5.000000000000000000e+01 3.100000000000000000e+01 0.000000000000000000e+00 0.000000000000000000e+00
4.863199999999999932e+02 5.100000000000000000e+01 2.500000000000000000e+01 1.000000000000000000e+00 0.000000000000000000e+00
4.863899999999999864e+02 5.100000000000000000e+01 3.200000000000000000e+01 0.000000000000000000e+00 0.000000000000000000e+00
4.864599999999999795e+02 5.300000000000000000e+01 3.100000000000000000e+01 0.000000000000000000e+00 0.000000000000000000e+00
4.877099999999999795e+02 5.700000000000000000e+01 3.300000000000000000e+01 0.000000000000000000e+00 0.000000000000000000e+00
4.878399999999999750e+02 5.500000000000000000e+01 3.400000000000000000e+01 0.000000000000000000e+00 0.000000000000000000e+00
4.896299999999999955e+02 5.200000000000000000e+01 3.100000000000000000e+01 0.000000000000000000e+00 0.000000000000000000e+00
4.900400000000000205e+02 5.000000000000000000e+01 2.600000000000000000e+01 1.000000000000000000e+00 0.000000000000000000e+00
4.904700000000000273e+02 5.900000000000000000e+01 3.100000000000000000e+01 0.000000000000000000e+00 0.000000000000000000e+00
4.908700000000000045e+02 5.300000000000000000e+01 3.300000000000000000e+01 0.000000000000000000e+00 0.000000000000000000e+00
4.917699999999999818e+02 5.200000000000000000e+01 2.400000000000000000e+01 1.000000000000000000e+00 0.000000000000000000e+00
4.957900000000000205e+02 5.200000000000000000e+01 2.500000000000000000e+01 1.000000000000000000e+00 0.000000000000000000e+00
4.976100000000000136e+02 5.800000000000000000e+01 2.300000000000000000e+01 1.000000000000000000e+00 0.000000000000000000e+00
4.982099999999999795e+02 5.300000000000000000e+01 2.400000000000000000e+01 1.000000000000000000e+00 0.000000000000000000e+00
4.990000000000000000e+02 5.300000000000000000e+01 3.400000000000000000e+01 0.000000000000000000e+00 0.000000000000000000e+00
4.995299999999999727e+02 5.200000000000000000e+01 2.800000000000000000e+01 0.000000000000000000e+00 0.000000000000000000e+00
5.013199999999999932e+02 5.800000000000000000e+01 3.200000000000000000e+01 0.000000000000000000e+00 0.000000000000000000e+00
5.031999999999999886e+02 5.400000000000000000e+01 2.400000000000000000e+01 1.000000000000000000e+00 0.000000000000000000e+00
5.032200000000000273e+02 5.400000000000000000e+01 2.400000000000000000e+01 1.000000000000000000e+00 0.000000000000000000e+00
5.038199999999999932e+02 5.400000000000000000e+01 3.000000000000000000e+01 1.000000000000000000e+00 0.000000000000000000e+00
5.106399999999999864e+02 5.400000000000000000e+01 3.000000000000000000e+01 1.000000000000000000e+00 0.000000000000000000e+00
5.134600000000000364e+02 4.900000000000000000e+01 2.900000000000000000e+01 0.000000000000000000e+00 0.000000000000000000e+00
5.156100000000000136e+02 5.000000000000000000e+01 3.200000000000000000e+01 0.000000000000000000e+00 0.000000000000000000e+00
5.181299999999999955e+02 5.100000000000000000e+01 3.300000000000000000e+01 0.000000000000000000e+00 0.000000000000000000e+00
5.197599999999999909e+02 5.500000000000000000e+01 3.200000000000000000e+01 0.000000000000000000e+00 0.000000000000000000e+00
5.202100000000000364e+02 5.300000000000000000e+01 3.400000000000000000e+01 0.000000000000000000e+00 0.000000000000000000e+00
5.202999999999999545e+02 5.300000000000000000e+01 2.600000000000000000e+01 0.000000000000000000e+00 0.000000000000000000e+00
5.213300000000000409e+02 5.400000000000000000e+01 3.400000000000000000e+01 0.000000000000000000e+00 0.000000000000000000e+00
5.217500000000000000e+02 5.500000000000000000e+01 3.400000000000000000e+01 0.000000000000000000e+00 0.000000000000000000e+00
5.251799999999999500e+02 5.800000000000000000e+01 3.100000000000000000e+01 0.000000000000000000e+00 0.000000000000000000e+00
5.265199999999999818e+02 5.800000000000000000e+01 2.900000000000000000e+01 0.000000000000000000e+00 0.000000000000000000e+00
5.267200000000000273e+02 5.300000000000000000e+01 2.300000000000000000e+01 1.000000000000000000e+00 0.000000000000000000e+00
5.267500000000000000e+02 5.200000000000000000e+01 2.900000000000000000e+01 0.000000000000000000e+00 0.000000000000000000e+00
5.268300000000000409e+02 5.600000000000000000e+01 3.300000000000000000e+01 0.000000000000000000e+00 0.000000000000000000e+00
5.302599999999999909e+02 5.200000000000000000e+01 3.300000000000000000e+01 0.000000000000000000e+00 0.000000000000000000e+00
5.313300000000000409e+02 5.200000000000000000e+01 3.100000000000000000e+01 0.000000000000000000e+00 0.000000000000000000e+00
5.327000000000000455e+02 5.100000000000000000e+01 3.100000000000000000e+01 0.000000000000000000e+00 0.000000000000000000e+00
5.348200000000000500e+02 5.600000000000000000e+01 2.500000000000000000e+01 1.000000000000000000e+00 0.000000000000000000e+00
5.354700000000000273e+02 5.800000000000000000e+01 2.500000000000000000e+01 1.000000000000000000e+00 0.000000000000000000e+00
5.356499999999999773e+02 5.100000000000000000e+01 3.300000000000000000e+01 0.000000000000000000e+00 0.000000000000000000e+00
5.356499999999999773e+02 5.000000000000000000e+01 2.700000000000000000e+01 1.000000000000000000e+00 0.000000000000000000e+00
5.364700000000000273e+02 5.700000000000000000e+01 2.500000000000000000e+01 1.000000000000000000e+00 0.000000000000000000e+00
5.413799999999999955e+02 5.400000000000000000e+01 3.300000000000000000e+01 0.000000000000000000e+00 0.000000000000000000e+00
5.446000000000000227e+02 5.300000000000000000e+01 2.900000000000000000e+01 0.000000000000000000e+00 0.000000000000000000e+00
5.447799999999999727e+02 5.400000000000000000e+01 3.000000000000000000e+01 1.000000000000000000e+00 0.000000000000000000e+00
5.460700000000000500e+02 5.500000000000000000e+01 2.300000000000000000e+01 1.000000000000000000e+00 0.000000000000000000e+00
5.463099999999999454e+02 5.500000000000000000e+01 3.100000000000000000e+01 0.000000000000000000e+00 0.000000000000000000e+00
5.465099999999999909e+02 5.200000000000000000e+01 2.500000000000000000e+01 1.000000000000000000e+00 0.000000000000000000e+00
5.501100000000000136e+02 5.600000000000000000e+01 3.400000000000000000e+01 0.000000000000000000e+00 0.000000000000000000e+00
5.508200000000000500e+02 5.900000000000000000e+01 3.000000000000000000e+01 0.000000000000000000e+00 0.000000000000000000e+00
5.536900000000000546e+02 5.200000000000000000e+01 3.400000000000000000e+01 0.000000000000000000e+00 0.000000000000000000e+00
5.541200000000000045e+02 5.900000000000000000e+01 2.200000000000000000e+01 1.000000000000000000e+00 0.000000000000000000e+00
5.554099999999999682e+02 5.900000000000000000e+01 3.100000000000000000e+01 0.000000000000000000e+00 0.000000000000000000e+00
5.644800000000000182e+02 5.800000000000000000e+01 2.600000000000000000e+01 1.000000000000000000e+00 0.000000000000000000e+00
5.682799999999999727e+02 5.100000000000000000e+01 2.600000000000000000e+01 1.000000000000000000e+00 0.000000000000000000e+00
5.682999999999999545e+02 5.800000000000000000e+01 3.000000000000000000e+01 0.000000000000000000e+00 0.000000000000000000e+00
5.690900000000000318e+02 5.400000000000000000e+01 2.200000000000000000e+01 1.000000000000000000e+00 0.000000000000000000e+00
5.700000000000000000e+02 5.500000000000000000e+01 2.400000000000000000e+01 1.000000000000000000e+00 0.000000000000000000e+00
5.700099999999999909e+02 5.500000000000000000e+01 2.400000000000000000e+01 1.000000000000000000e+00 0.000000000000000000e+00
5.704299999999999500e+02 5.900000000000000000e+01 2.700000000000000000e+01 1.000000000000000000e+00 0.000000000000000000e+00
5.712999999999999545e+02 5.300000000000000000e+01 2.900000000000000000e+01 0.000000000000000000e+00 0.000000000000000000e+00
5.715700000000000500e+02 5.800000000000000000e+01 3.300000000000000000e+01 0.000000000000000000e+00 0.000000000000000000e+00
5.758799999999999955e+02 5.200000000000000000e+01 2.500000000000000000e+01 1.000000000000000000e+00 0.000000000000000000e+00
5.769500000000000455e+02 5.300000000000000000e+01 2.800000000000000000e+01 0.000000000000000000e+00 0.000000000000000000e+00
5.837699999999999818e+02 5.300000000000000000e+01 2.800000000000000000e+01 0.000000000000000000e+00 0.000000000000000000e+00
5.855800000000000409e+02 5.600000000000000000e+01 3.000000000000000000e+01 0.000000000000000000e+00 0.000000000000000000e+00
5.912999999999999545e+02 5.200000000000000000e+01 3.400000000000000000e+01 0.000000000000000000e+00 0.000000000000000000e+00
5.931599999999999682e+02 5.300000000000000000e+01 3.400000000000000000e+01 0.000000000000000000e+00 0.000000000000000000e+00
5.945099999999999909e+02 5.600000000000000000e+01 2.500000000000000000e+01 1.000000000000000000e+00 0.000000000000000000e+00
5.945499999999999545e+02 5.000000000000000000e+01 3.200000000000000000e+01 0.000000000000000000e+00 0.000000000000000000e+00
5.949400000000000546e+02 5.500000000000000000e+01 9.000000000000000000e+00 1.000000000000000000e+00 0.000000000000000000e+00
5.952000000000000455e+02 5.400000000000000000e+01 2.500000000000000000e+01 0.000000000000000000e+00 0.000000000000000000e+00
5.956699999999999591e+02 2.700000000000000000e+01 4.900000000000000000e+01 0.000000000000000000e+00 0.000000000000000000e+00
5.963099999999999454e+02 5.400000000000000000e+01 2.900000000000000000e+01 0.000000000000000000e+00 0.000000000000000000e+00
5.968099999999999454e+02 5.600000000000000000e+01 2.400000000000000000e+01 1.000000000000000000e+00 0.000000000000000000e+00
6.005299999999999727e+02 5.600000000000000000e+01 3.300000000000000000e+01 0.000000000000000000e+00 0.000000000000000000e+00
6.008999999999999773e+02 5.500000000000000000e+01 3.000000000000000000e+01 0.000000000000000000e+00 0.000000000000000000e+00
6.017899999999999636e+02 5.100000000000000000e+01 3.300000000000000000e+01 0.000000000000000000e+00 0.000000000000000000e+00
6.071299999999999955e+02 5.100000000000000000e+01 2.900000000000000000e+01 0.000000000000000000e+00 0.000000000000000000e+00
6.104400000000000546e+02 5.200000000000000000e+01 3.300000000000000000e+01 0.000000000000000000e+00 0.000000000000000000e+00
6.120800000000000409e+02 5.000000000000000000e+01 2.700000000000000000e+01 1.000000000000000000e+00 0.000000000000000000e+00
6.129900000000000091e+02 5.000000000000000000e+01 3.100000000000000000e+01 0.000000000000000000e+00 0.000000000000000000e+00
6.133099999999999454e+02 5.800000000000000000e+01 3.000000000000000000e+01 0.000000000000000000e+00 0.000000000000000000e+00
6.142300000000000182e+02 5.700000000000000000e+01 2.900000000000000000e+01 0.000000000000000000e+00 0.000000000000000000e+00
6.158799999999999955e+02 5.900000000000000000e+01 2.800000000000000000e+01 1.000000000000000000e+00 0.000000000000000000e+00
6.176599999999999682e+02 5.000000000000000000e+01 3.200000000000000000e+01 0.000000000000000000e+00 0.000000000000000000e+00
6.177799999999999727e+02 5.200000000000000000e+01 3.400000000000000000e+01 0.000000000000000000e+00 0.000000000000000000e+00
6.182400000000000091e+02 5.700000000000000000e+01 2.500000000000000000e+01 1.000000000000000000e+00 0.000000000000000000e+00
6.193400000000000318e+02 5.300000000000000000e+01 2.900000000000000000e+01 0.000000000000000000e+00 0.000000000000000000e+00
6.208899999999999864e+02 5.300000000000000000e+01 2.700000000000000000e+01 1.000000000000000000e+00 0.000000000000000000e+00
6.214400000000000546e+02 5.300000000000000000e+01 2.800000000000000000e+01 0.000000000000000000e+00 0.000000000000000000e+00
6.247699999999999818e+02 5.500000000000000000e+01 3.000000000000000000e+01 0.000000000000000000e+00 0.000000000000000000e+00
6.251100000000000136e+02 5.300000000000000000e+01 2.500000000000000000e+01 1.000000000000000000e+00 0.000000000000000000e+00
6.272500000000000000e+02 5.500000000000000000e+01 2.500000000000000000e+01 1.000000000000000000e+00 0.000000000000000000e+00
6.282599999999999909e+02 5.100000000000000000e+01 2.600000000000000000e+01 1.000000000000000000e+00 0.000000000000000000e+00
6.310399999999999636e+02 5.500000000000000000e+01 3.300000000000000000e+01 0.000000000000000000e+00 0.000000000000000000e+00
6.341499999999999773e+02 5.800000000000000000e+01 3.300000000000000000e+01 0.000000000000000000e+00 0.000000000000000000e+00
6.342500000000000000e+02 5.300000000000000000e+01 3.000000000000000000e+01 1.000000000000000000e+00 0.000000000000000000e+00
6.365599999999999454e+02 5.200000000000000000e+01 2.500000000000000000e+01 1.000000000000000000e+00 0.000000000000000000e+00
6.365700000000000500e+02 5.200000000000000000e+01 2.500000000000000000e+01 1.000000000000000000e+00 0.000000000000000000e+00
6.375099999999999909e+02 5.500000000000000000e+01 3.400000000000000000e+01 0.000000000000000000e+00 0.000000000000000000e+00
6.388600000000000136e+02 5.400000000000000000e+01 2.600000000000000000e+01 1.000000000000000000e+00 0.000000000000000000e+00
6.400900000000000318e+02 5.400000000000000000e+01 3.000000000000000000e+01 0.000000000000000000e+00 0.000000000000000000e+00
6.418799999999999955e+02 5.200000000000000000e+01 2.000000000000000000e+01 1.000000000000000000e+00 0.000000000000000000e+00
6.421100000000000136e+02 5.600000000000000000e+01 3.400000000000000000e+01 0.000000000000000000e+00 0.000000000000000000e+00
6.428300000000000409e+02 5.400000000000000000e+01 3.200000000000000000e+01 0.000000000000000000e+00 0.000000000000000000e+00
6.435900000000000318e+02 5.400000000000000000e+01 2.400000000000000000e+01 1.000000000000000000e+00 0.000000000000000000e+00
6.447999999999999545e+02 5.500000000000000000e+01 3.000000000000000000e+01 0.000000000000000000e+00 0.000000000000000000e+00
6.450299999999999727e+02 5.400000000000000000e+01 3.500000000000000000e+01 0.000000000000000000e+00 0.000000000000000000e+00
6.507799999999999727e+02 5.700000000000000000e+01 3.300000000000000000e+01 0.000000000000000000e+00 0.000000000000000000e+00
6.513300000000000409e+02 5.500000000000000000e+01 3.500000000000000000e+01 0.000000000000000000e+00 0.000000000000000000e+00
6.522599999999999909e+02 5.700000000000000000e+01 3.400000000000000000e+01 0.000000000000000000e+00 0.000000000000000000e+00
6.523799999999999955e+02 4.900000000000000000e+01 3.000000000000000000e+01 0.000000000000000000e+00 0.000000000000000000e+00
6.533099999999999454e+02 5.200000000000000000e+01 3.400000000000000000e+01 0.000000000000000000e+00 0.000000000000000000e+00
6.569500000000000455e+02 5.300000000000000000e+01 3.500000000000000000e+01 0.000000000000000000e+00 0.000000000000000000e+00
6.575800000000000409e+02 5.100000000000000000e+01 3.400000000000000000e+01 0.000000000000000000e+00 0.000000000000000000e+00
6.582000000000000455e+02 5.300000000000000000e+01 3.200000000000000000e+01 0.000000000000000000e+00 0.000000000000000000e+00
6.597899999999999636e+02 2.500000000000000000e+01 1.400000000000000000e+01 0.000000000000000000e+00 0.000000000000000000e+00
6.622999999999999545e+02 5.500000000000000000e+01 1.100000000000000000e+01 1.000000000000000000e+00 0.000000000000000000e+00
6.624299999999999500e+02 5.600000000000000000e+01 2.500000000000000000e+01 1.000000000000000000e+00 0.000000000000000000e+00
6.659500000000000455e+02 5.000000000000000000e+01 3.300000000000000000e+01 0.000000000000000000e+00 0.000000000000000000e+00
6.698700000000000045e+02 5.600000000000000000e+01 2.900000000000000000e+01 0.000000000000000000e+00 0.000000000000000000e+00
6.720499999999999545e+02 5.300000000000000000e+01 2.500000000000000000e+01 1.000000000000000000e+00 0.000000000000000000e+00
6.720599999999999454e+02 5.300000000000000000e+01 2.500000000000000000e+01 1.000000000000000000e+00 0.000000000000000000e+00
6.725000000000000000e+02 5.400000000000000000e+01 2.500000000000000000e+01 1.000000000000000000e+00 0.000000000000000000e+00
6.754099999999999682e+02 5.100000000000000000e+01 2.600000000000000000e+01 1.000000000000000000e+00 0.000000000000000000e+00
6.771100000000000136e+02 5.500000000000000000e+01 2.400000000000000000e+01 1.000000000000000000e+00 0.000000000000000000e+00
6.775199999999999818e+02 5.400000000000000000e+01 3.500000000000000000e+01 0.000000000000000000e+00 0.000000000000000000e+00
6.777699999999999818e+02 5.300000000000000000e+01 3.000000000000000000e+01 1.000000000000000000e+00 0.000000000000000000e+00
6.799199999999999591e+02 5.300000000000000000e+01 3.500000000000000000e+01 0.000000000000000000e+00 0.000000000000000000e+00
6.818600000000000136e+02 5.500000000000000000e+01 3.100000000000000000e+01 1.000000000000000000e+00 0.000000000000000000e+00
6.827999999999999545e+02 5.500000000000000000e+01 3.000000000000000000e+01 0.000000000000000000e+00 0.000000000000000000e+00
6.829700000000000273e+02 5.700000000000000000e+01 2.600000000000000000e+01 1.000000000000000000e+00 0.000000000000000000e+00
6.836399999999999864e+02 5.000000000000000000e+01 2.700000000000000000e+01 1.000000000000000000e+00 0.000000000000000000e+00
6.841699999999999591e+02 5.100000000000000000e+01 3.400000000000000000e+01 0.000000000000000000e+00 0.000000000000000000e+00
6.851699999999999591e+02 5.500000000000000000e+01 3.500000000000000000e+01 0.000000000000000000e+00 0.000000000000000000e+00
6.857899999999999636e+02 5.000000000000000000e+01 3.000000000000000000e+01 0.000000000000000000e+00 0.000000000000000000e+00
6.873600000000000136e+02 5.900000000000000000e+01 3.100000000000000000e+01 0.000000000000000000e+00 0.000000000000000000e+00
6.890199999999999818e+02 5.400000000000000000e+01 3.000000000000000000e+01 0.000000000000000000e+00 0.000000000000000000e+00
6.933300000000000409e+02 5.500000000000000000e+01 2.500000000000000000e+01 1.000000000000000000e+00 0.000000000000000000e+00
6.933400000000000318e+02 5.500000000000000000e+01 2.500000000000000000e+01 1.000000000000000000e+00 0.000000000000000000e+00
6.962100000000000364e+02 5.500000000000000000e+01 1.300000000000000000e+01 1.000000000000000000e+00 0.000000000000000000e+00
6.970099999999999909e+02 5.600000000000000000e+01 3.500000000000000000e+01 0.000000000000000000e+00 0.000000000000000000e+00
7.014400000000000546e+02 5.700000000000000000e+01 3.000000000000000000e+01 0.000000000000000000e+00 0.000000000000000000e+00
7.022799999999999727e+02 4.900000000000000000e+01 3.100000000000000000e+01 0.000000000000000000e+00 0.000000000000000000e+00
7.036900000000000546e+02 5.300000000000000000e+01 2.900000000000000000e+01 0.000000000000000000e+00 0.000000000000000000e+00
7.056299999999999955e+02 5.700000000000000000e+01 2.300000000000000000e+01 1.000000000000000000e+00 0.000000000000000000e+00
7.063799999999999955e+02 5.100000000000000000e+01 3.400000000000000000e+01 0.000000000000000000e+00 0.000000000000000000e+00
7.074800000000000182e+02 5.400000000000000000e+01 3.400000000000000000e+01 0.000000000000000000e+00 0.000000000000000000e+00
7.076399999999999864e+02 5.100000000000000000e+01 3.100000000000000000e+01 0.000000000000000000e+00 0.000000000000000000e+00
7.082599999999999909e+02 5.500000000000000000e+01 2.200000000000000000e+01 1.000000000000000000e+00 0.000000000000000000e+00
7.103899999999999864e+02 5.400000000000000000e+01 2.400000000000000000e+01 1.000000000000000000e+00 0.000000000000000000e+00
7.114800000000000182e+02 5.400000000000000000e+01 3.500000000000000000e+01 0.000000000000000000e+00 0.000000000000000000e+00
7.133999999999999773e+02 5.300000000000000000e+01 3.500000000000000000e+01 0.000000000000000000e+00 0.000000000000000000e+00
7.140599999999999454e+02 5.200000000000000000e+01 2.600000000000000000e+01 1.000000000000000000e+00 0.000000000000000000e+00
7.177000000000000455e+02 5.800000000000000000e+01 2.600000000000000000e+01 1.000000000000000000e+00 0.000000000000000000e+00
7.193799999999999955e+02 5.500000000000000000e+01 6.000000000000000000e+00 1.000000000000000000e+00 0.000000000000000000e+00
7.213600000000000136e+02 5.000000000000000000e+01 3.300000000000000000e+01 0.000000000000000000e+00 0.000000000000000000e+00
7.222899999999999636e+02 5.000000000000000000e+01 3.000000000000000000e+01 0.000000000000000000e+00 0.000000000000000000e+00
7.223600000000000136e+02 5.900000000000000000e+01 3.200000000000000000e+01 0.000000000000000000e+00 0.000000000000000000e+00
7.232999999999999545e+02 5.900000000000000000e+01 2.900000000000000000e+01 1.000000000000000000e+00 0.000000000000000000e+00
7.237000000000000455e+02 5.700000000000000000e+01 3.400000000000000000e+01 0.000000000000000000e+00 0.000000000000000000e+00
7.239299999999999500e+02 5.200000000000000000e+01 3.400000000000000000e+01 0.000000000000000000e+00 0.000000000000000000e+00
7.267000000000000455e+02 5.100000000000000000e+01 2.600000000000000000e+01 1.000000000000000000e+00 0.000000000000000000e+00
7.279400000000000546e+02 5.600000000000000000e+01 2.300000000000000000e+01 1.000000000000000000e+00 0.000000000000000000e+00
7.315399999999999636e+02 5.300000000000000000e+01 2.500000000000000000e+01 1.000000000000000000e+00 0.000000000000000000e+00
7.341299999999999955e+02 4.900000000000000000e+01 3.100000000000000000e+01 0.000000000000000000e+00 0.000000000000000000e+00
7.352500000000000000e+02 5.100000000000000000e+01 3.200000000000000000e+01 0.000000000000000000e+00 0.000000000000000000e+00
7.353300000000000409e+02 5.100000000000000000e+01 3.400000000000000000e+01 0.000000000000000000e+00 0.000000000000000000e+00
7.363500000000000227e+02 5.200000000000000000e+01 3.500000000000000000e+01 0.000000000000000000e+00 0.000000000000000000e+00
7.375299999999999727e+02 5.400000000000000000e+01 3.000000000000000000e+01 0.000000000000000000e+00 0.000000000000000000e+00
7.379900000000000091e+02 5.800000000000000000e+01 3.200000000000000000e+01 0.000000000000000000e+00 0.000000000000000000e+00
7.396299999999999955e+02 5.500000000000000000e+01 3.500000000000000000e+01 0.000000000000000000e+00 0.000000000000000000e+00
7.404299999999999500e+02 5.600000000000000000e+01 3.400000000000000000e+01 0.000000000000000000e+00 0.000000000000000000e+00
7.460199999999999818e+02 5.200000000000000000e+01 3.200000000000000000e+01 0.000000000000000000e+00 0.000000000000000000e+00
7.471499999999999773e+02 5.100000000000000000e+01 2.500000000000000000e+01 1.000000000000000000e+00 0.000000000000000000e+00
7.489299999999999500e+02 5.600000000000000000e+01 3.500000000000000000e+01 0.000000000000000000e+00 0.000000000000000000e+00
7.516299999999999955e+02 5.500000000000000000e+01 8.000000000000000000e+00 1.000000000000000000e+00 0.000000000000000000e+00
7.525000000000000000e+02 5.000000000000000000e+01 3.300000000000000000e+01 0.000000000000000000e+00 0.000000000000000000e+00
7.541000000000000227e+02 4.900000000000000000e+01 3.000000000000000000e+01 0.000000000000000000e+00 0.000000000000000000e+00
7.548600000000000136e+02 5.800000000000000000e+01 2.700000000000000000e+01 1.000000000000000000e+00 0.000000000000000000e+00
7.548799999999999955e+02 5.800000000000000000e+01 2.700000000000000000e+01 1.000000000000000000e+00 0.000000000000000000e+00
7.617000000000000455e+02 5.800000000000000000e+01 2.700000000000000000e+01 1.000000000000000000e+00 0.000000000000000000e+00
7.679700000000000273e+02 5.500000000000000000e+01 3.300000000000000000e+01 0.000000000000000000e+00 0.000000000000000000e+00
7.693500000000000227e+02 5.000000000000000000e+01 2.800000000000000000e+01 1.000000000000000000e+00 0.000000000000000000e+00
7.695399999999999636e+02 5.500000000000000000e+01 2.700000000000000000e+01 0.000000000000000000e+00 0.000000000000000000e+00
7.718700000000000045e+02 5.200000000000000000e+01 3.500000000000000000e+01 0.000000000000000000e+00 0.000000000000000000e+00
7.719900000000000091e+02 5.200000000000000000e+01 2.600000000000000000e+01 1.000000000000000000e+00 0.000000000000000000e+00
7.723500000000000227e+02 4.900000000000000000e+01 3.200000000000000000e+01 0.000000000000000000e+00 0.000000000000000000e+00
7.738600000000000136e+02 5.700000000000000000e+01 2.600000000000000000e+01 1.000000000000000000e+00 0.000000000000000000e+00
7.788300000000000409e+02 5.200000000000000000e+01 2.900000000000000000e+01 0.000000000000000000e+00 0.000000000000000000e+00
7.821000000000000227e+02 5.800000000000000000e+01 3.100000000000000000e+01 0.000000000000000000e+00 0.000000000000000000e+00
7.870099999999999909e+02 5.500000000000000000e+01 2.900000000000000000e+01 0.000000000000000000e+00 0.000000000000000000e+00
7.876699999999999591e+02 5.300000000000000000e+01 2.400000000000000000e+01 1.000000000000000000e+00 0.000000000000000000e+00
7.885700000000000500e+02 5.600000000000000000e+01 2.600000000000000000e+01 1.000000000000000000e+00 0.000000000000000000e+00
7.885900000000000318e+02 5.500000000000000000e+01 1.700000000000000000e+01 1.000000000000000000e+00 0.000000000000000000e+00
7.894900000000000091e+02 5.000000000000000000e+01 2.700000000000000000e+01 1.000000000000000000e+00 0.000000000000000000e+00
7.898500000000000227e+02 5.100000000000000000e+01 3.200000000000000000e+01 0.000000000000000000e+00 0.000000000000000000e+00
7.913799999999999955e+02 5.400000000000000000e+01 3.100000000000000000e+01 1.000000000000000000e+00 0.000000000000000000e+00
7.921599999999999682e+02 5.300000000000000000e+01 3.000000000000000000e+01 0.000000000000000000e+00 0.000000000000000000e+00
7.927899999999999636e+02 5.200000000000000000e+01 3.500000000000000000e+01 0.000000000000000000e+00 0.000000000000000000e+00
7.948500000000000227e+02 5.900000000000000000e+01 2.900000000000000000e+01 1.000000000000000000e+00 0.000000000000000000e+00
7.954500000000000455e+02 5.200000000000000000e+01 3.400000000000000000e+01 0.000000000000000000e+00 0.000000000000000000e+00
7.955900000000000318e+02 5.600000000000000000e+01 3.500000000000000000e+01 0.000000000000000000e+00 0.000000000000000000e+00
8.012100000000000364e+02 5.500000000000000000e+01 1.200000000000000000e+01 1.000000000000000000e+00 0.000000000000000000e+00
8.029099999999999682e+02 5.200000000000000000e+01 2.600000000000000000e+01 1.000000000000000000e+00 0.000000000000000000e+00
8.029199999999999591e+02 5.200000000000000000e+01 2.600000000000000000e+01 1.000000000000000000e+00 0.000000000000000000e+00
8.035499999999999545e+02 5.700000000000000000e+01 3.000000000000000000e+01 0.000000000000000000e+00 0.000000000000000000e+00
8.103700000000000045e+02 5.700000000000000000e+01 3.000000000000000000e+01 0.000000000000000000e+00 0.000000000000000000e+00
8.107300000000000182e+02 5.800000000000000000e+01 3.400000000000000000e+01 0.000000000000000000e+00 0.000000000000000000e+00
8.113799999999999955e+02 5.300000000000000000e+01 3.500000000000000000e+01 0.000000000000000000e+00 0.000000000000000000e+00
8.145199999999999818e+02 5.600000000000000000e+01 2.500000000000000000e+01 1.000000000000000000e+00 0.000000000000000000e+00
8.145299999999999727e+02 5.600000000000000000e+01 2.500000000000000000e+01 1.000000000000000000e+00 0.000000000000000000e+00
8.148300000000000409e+02 5.600000000000000000e+01 2.600000000000000000e+01 1.000000000000000000e+00 0.000000000000000000e+00
8.148500000000000227e+02 4.900000000000000000e+01 3.100000000000000000e+01 0.000000000000000000e+00 0.000000000000000000e+00
8.161900000000000546e+02 5.500000000000000000e+01 2.500000000000000000e+01 1.000000000000000000e+00 0.000000000000000000e+00
8.162000000000000455e+02 5.500000000000000000e+01 2.500000000000000000e+01 1.000000000000000000e+00 0.000000000000000000e+00
8.184199999999999591e+02 5.500000000000000000e+01 2.600000000000000000e+01 1.000000000000000000e+00 0.000000000000000000e+00
8.184299999999999500e+02 5.300000000000000000e+01 2.600000000000000000e+01 1.000000000000000000e+00 0.000000000000000000e+00
8.202899999999999636e+02 5.300000000000000000e+01 3.000000000000000000e+01 0.000000000000000000e+00 0.000000000000000000e+00
8.221599999999999682e+02 5.000000000000000000e+01 3.200000000000000000e+01 0.000000000000000000e+00 0.000000000000000000e+00
8.222400000000000091e+02 5.500000000000000000e+01 3.000000000000000000e+00 1.000000000000000000e+00 0.000000000000000000e+00
8.225599999999999454e+02 5.500000000000000000e+01 3.100000000000000000e+01 0.000000000000000000e+00 0.000000000000000000e+00
8.240000000000000000e+02 5.600000000000000000e+01 3.000000000000000000e+01 0.000000000000000000e+00 0.000000000000000000e+00
8.255700000000000500e+02 5.400000000000000000e+01 3.600000000000000000e+01 0.000000000000000000e+00 0.000000000000000000e+00
8.256699999999999591e+02 5.900000000000000000e+01 3.200000000000000000e+01 0.000000000000000000e+00 0.000000000000000000e+00
8.303200000000000500e+02 5.400000000000000000e+01 3.500000000000000000e+01 0.000000000000000000e+00 0.000000000000000000e+00
8.317000000000000455e+02 5.300000000000000000e+01 2.600000000000000000e+01 0.000000000000000000e+00 0.000000000000000000e+00
8.326599999999999682e+02 5.100000000000000000e+01 2.700000000000000000e+01 1.000000000000000000e+00 0.000000000000000000e+00
8.337300000000000182e+02 5.400000000000000000e+01 3.200000000000000000e+01 0.000000000000000000e+00 0.000000000000000000e+00
8.363600000000000136e+02 5.800000000000000000e+01 2.700000000000000000e+01 1.000000000000000000e+00 0.000000000000000000e+00
8.370399999999999636e+02 5.700000000000000000e+01 3.500000000000000000e+01 0.000000000000000000e+00 0.000000000000000000e+00
8.374700000000000273e+02 5.000000000000000000e+01 3.400000000000000000e+01 0.000000000000000000e+00 0.000000000000000000e+00
8.385099999999999909e+02 4.900000000000000000e+01 3.200000000000000000e+01 0.000000000000000000e+00 0.000000000000000000e+00
8.435599999999999454e+02 5.300000000000000000e+01 3.300000000000000000e+01 0.000000000000000000e+00 0.000000000000000000e+00
8.437999999999999545e+02 5.500000000000000000e+01 7.000000000000000000e+00 1.000000000000000000e+00 0.000000000000000000e+00
8.442300000000000182e+02 5.500000000000000000e+01 3.600000000000000000e+01 0.000000000000000000e+00 0.000000000000000000e+00
8.452999999999999545e+02 5.200000000000000000e+01 2.500000000000000000e+01 1.000000000000000000e+00 0.000000000000000000e+00
8.454800000000000182e+02 5.400000000000000000e+01 2.700000000000000000e+01 1.000000000000000000e+00 0.000000000000000000e+00
8.456599999999999682e+02 5.300000000000000000e+01 3.600000000000000000e+01 0.000000000000000000e+00 0.000000000000000000e+00
8.469800000000000182e+02 5.300000000000000000e+01 2.600000000000000000e+01 1.000000000000000000e+00 0.000000000000000000e+00
8.471200000000000045e+02 5.200000000000000000e+01 3.500000000000000000e+01 0.000000000000000000e+00 0.000000000000000000e+00
8.486799999999999500e+02 5.400000000000000000e+01 3.300000000000000000e+01 0.000000000000000000e+00 0.000000000000000000e+00
8.526900000000000546e+02 5.400000000000000000e+01 2.500000000000000000e+01 1.000000000000000000e+00 0.000000000000000000e+00
8.557300000000000182e+02 5.100000000000000000e+01 3.500000000000000000e+01 0.000000000000000000e+00 0.000000000000000000e+00
8.584700000000000273e+02 5.600000000000000000e+01 5.000000000000000000e+00 1.000000000000000000e+00 0.000000000000000000e+00
8.652999999999999545e+02 5.600000000000000000e+01 5.000000000000000000e+00 1.000000000000000000e+00 0.000000000000000000e+00
8.663700000000000045e+02 5.600000000000000000e+01 2.600000000000000000e+01 1.000000000000000000e+00 0.000000000000000000e+00
8.680700000000000500e+02 5.200000000000000000e+01 2.600000000000000000e+01 1.000000000000000000e+00 0.000000000000000000e+00
8.681799999999999500e+02 5.000000000000000000e+01 2.800000000000000000e+01 1.000000000000000000e+00 0.000000000000000000e+00
8.682599999999999909e+02 5.200000000000000000e+01 3.300000000000000000e+01 0.000000000000000000e+00 0.000000000000000000e+00
8.688200000000000500e+02 5.900000000000000000e+01 3.300000000000000000e+01 0.000000000000000000e+00 0.000000000000000000e+00
8.711900000000000546e+02 5.300000000000000000e+01 3.100000000000000000e+01 1.000000000000000000e+00 0.000000000000000000e+00
8.721100000000000136e+02 5.500000000000000000e+01 2.600000000000000000e+01 1.000000000000000000e+00 0.000000000000000000e+00
8.734199999999999591e+02 5.400000000000000000e+01 3.600000000000000000e+01 0.000000000000000000e+00 0.000000000000000000e+00
8.737999999999999545e+02 5.200000000000000000e+01 2.300000000000000000e+01 1.000000000000000000e+00 0.000000000000000000e+00
8.768400000000000318e+02 5.600000000000000000e+01 3.300000000000000000e+01 0.000000000000000000e+00 0.000000000000000000e+00
8.779600000000000364e+02 5.500000000000000000e+01 5.000000000000000000e+00 1.000000000000000000e+00 0.000000000000000000e+00
8.785900000000000318e+02 5.500000000000000000e+01 3.600000000000000000e+01 0.000000000000000000e+00 0.000000000000000000e+00
8.803300000000000409e+02 4.900000000000000000e+01 3.100000000000000000e+01 0.000000000000000000e+00 0.000000000000000000e+00
8.833099999999999454e+02 5.100000000000000000e+01 2.700000000000000000e+01 1.000000000000000000e+00 0.000000000000000000e+00
8.834400000000000546e+02 5.100000000000000000e+01 3.500000000000000000e+01 0.000000000000000000e+00 0.000000000000000000e+00
8.860199999999999818e+02 5.400000000000000000e+01 3.100000000000000000e+01 0.000000000000000000e+00 0.000000000000000000e+00
8.885800000000000409e+02 5.300000000000000000e+01 3.600000000000000000e+01 0.000000000000000000e+00 0.000000000000000000e+00
8.954099999999999682e+02 5.300000000000000000e+01 3.600000000000000000e+01 0.000000000000000000e+00 0.000000000000000000e+00
8.970499999999999545e+02 5.700000000000000000e+01 2.600000000000000000e+01 1.000000000000000000e+00 0.000000000000000000e+00
8.971900000000000546e+02 5.700000000000000000e+01 3.500000000000000000e+01 0.000000000000000000e+00 0.000000000000000000e+00
9.004199999999999591e+02 5.300000000000000000e+01 2.600000000000000000e+01 1.000000000000000000e+00 0.000000000000000000e+00
9.012000000000000455e+02 5.800000000000000000e+01 3.400000000000000000e+01 0.000000000000000000e+00 0.000000000000000000e+00
9.012599999999999909e+02 5.200000000000000000e+01 3.600000000000000000e+01 0.000000000000000000e+00 0.000000000000000000e+00
9.019900000000000091e+02 5.500000000000000000e+01 2.400000000000000000e+01 1.000000000000000000e+00 0.000000000000000000e+00
9.022300000000000182e+02 5.000000000000000000e+01 3.400000000000000000e+01 0.000000000000000000e+00 0.000000000000000000e+00
9.025900000000000318e+02 5.700000000000000000e+01 3.100000000000000000e+01 0.000000000000000000e+00 0.000000000000000000e+00
9.082999999999999545e+02 5.700000000000000000e+01 3.400000000000000000e+01 0.000000000000000000e+00 0.000000000000000000e+00
9.127000000000000455e+02 5.800000000000000000e+01 3.300000000000000000e+01 0.000000000000000000e+00 0.000000000000000000e+00
9.127300000000000182e+02 5.500000000000000000e+01 1.000000000000000000e+01 1.000000000000000000e+00 0.000000000000000000e+00
9.132699999999999818e+02 5.500000000000000000e+01 3.400000000000000000e+01 0.000000000000000000e+00 0.000000000000000000e+00
9.173799999999999955e+02 5.100000000000000000e+01 2.600000000000000000e+01 1.000000000000000000e+00 0.000000000000000000e+00
9.173899999999999864e+02 5.100000000000000000e+01 2.600000000000000000e+01 1.000000000000000000e+00 0.000000000000000000e+00
9.181900000000000546e+02 5.100000000000000000e+01 2.700000000000000000e+01 1.000000000000000000e+00 0.000000000000000000e+00
9.186900000000000546e+02 5.100000000000000000e+01 3.300000000000000000e+01 0.000000000000000000e+00 0.000000000000000000e+00
9.187899999999999636e+02 5.900000000000000000e+01 2.800000000000000000e+01 1.000000000000000000e+00 0.000000000000000000e+00
9.217100000000000364e+02 5.400000000000000000e+01 3.100000000000000000e+01 0.000000000000000000e+00 0.000000000000000000e+00
9.219400000000000546e+02 5.600000000000000000e+01 1.900000000000000000e+01 1.000000000000000000e+00 0.000000000000000000e+00
9.227400000000000091e+02 5.300000000000000000e+01 2.500000000000000000e+01 1.000000000000000000e+00 0.000000000000000000e+00
9.242500000000000000e+02 5.500000000000000000e+01 2.700000000000000000e+01 1.000000000000000000e+00 0.000000000000000000e+00
9.245399999999999636e+02 5.000000000000000000e+01 2.800000000000000000e+01 1.000000000000000000e+00 0.000000000000000000e+00
9.245900000000000318e+02 5.200000000000000000e+01 3.600000000000000000e+01 0.000000000000000000e+00 0.000000000000000000e+00
9.254600000000000364e+02 5.500000000000000000e+01 3.600000000000000000e+01 0.000000000000000000e+00 0.000000000000000000e+00
9.287400000000000091e+02 5.500000000000000000e+01 1.800000000000000000e+01 1.000000000000000000e+00 0.000000000000000000e+00
9.302500000000000000e+02 5.500000000000000000e+01 2.500000000000000000e+01 1.000000000000000000e+00 0.000000000000000000e+00
9.370800000000000409e+02 5.500000000000000000e+01 2.500000000000000000e+01 1.000000000000000000e+00 0.000000000000000000e+00
9.394800000000000182e+02 5.800000000000000000e+01 3.300000000000000000e+01 0.000000000000000000e+00 0.000000000000000000e+00
9.405700000000000500e+02 5.900000000000000000e+01 3.300000000000000000e+01 0.000000000000000000e+00 0.000000000000000000e+00
9.406599999999999682e+02 4.900000000000000000e+01 3.200000000000000000e+01 0.000000000000000000e+00 0.000000000000000000e+00
9.420199999999999818e+02 5.600000000000000000e+01 3.600000000000000000e+01 0.000000000000000000e+00 0.000000000000000000e+00
9.433700000000000045e+02 5.900000000000000000e+01 3.200000000000000000e+01 0.000000000000000000e+00 0.000000000000000000e+00
9.461000000000000227e+02 5.200000000000000000e+01 2.700000000000000000e+01 1.000000000000000000e+00 0.000000000000000000e+00
9.480000000000000000e+02 5.300000000000000000e+01 3.500000000000000000e+01 0.000000000000000000e+00 0.000000000000000000e+00
9.484500000000000455e+02 5.500000000000000000e+01 1.400000000000000000e+01 1.000000000000000000e+00 0.000000000000000000e+00
9.487200000000000273e+02 5.500000000000000000e+01 3.200000000000000000e+01 1.000000000000000000e+00 0.000000000000000000e+00
9.493500000000000227e+02 5.400000000000000000e+01 3.200000000000000000e+01 1.000000000000000000e+00 0.000000000000000000e+00
9.518799999999999955e+02 5.200000000000000000e+01 3.600000000000000000e+01 0.000000000000000000e+00 0.000000000000000000e+00
9.552000000000000455e+02 5.600000000000000000e+01 3.400000000000000000e+01 0.000000000000000000e+00 0.000000000000000000e+00
9.552999999999999545e+02 5.600000000000000000e+01 3.500000000000000000e+01 0.000000000000000000e+00 0.000000000000000000e+00
9.563200000000000500e+02 2.800000000000000000e+01 6.500000000000000000e+01 0.000000000000000000e+00 0.000000000000000000e+00
9.568300000000000409e+02 5.000000000000000000e+01 3.400000000000000000e+01 0.000000000000000000e+00 0.000000000000000000e+00
9.569900000000000091e+02 5.500000000000000000e+01 3.000000000000000000e+01 0.000000000000000000e+00 0.000000000000000000e+00
9.572599999999999909e+02 5.900000000000000000e+01 3.000000000000000000e+01 1.000000000000000000e+00 0.000000000000000000e+00
9.600800000000000409e+02 5.000000000000000000e+01 3.500000000000000000e+01 0.000000000000000000e+00 0.000000000000000000e+00
9.606699999999999591e+02 4.900000000000000000e+01 3.300000000000000000e+01 0.000000000000000000e+00 0.000000000000000000e+00
9.622500000000000000e+02 4.900000000000000000e+01 3.200000000000000000e+01 0.000000000000000000e+00 0.000000000000000000e+00
9.623999999999999773e+02 5.800000000000000000e+01 2.800000000000000000e+01 1.000000000000000000e+00 0.000000000000000000e+00
9.682999999999999545e+02 5.400000000000000000e+01 3.100000000000000000e+01 0.000000000000000000e+00 0.000000000000000000e+00
9.697899999999999636e+02 5.500000000000000000e+01 2.600000000000000000e+01 1.000000000000000000e+00 0.000000000000000000e+00
9.702500000000000000e+02 5.600000000000000000e+01 3.200000000000000000e+01 0.000000000000000000e+00 0.000000000000000000e+00
9.704600000000000364e+02 5.300000000000000000e+01 3.600000000000000000e+01 0.000000000000000000e+00 0.000000000000000000e+00
9.720900000000000318e+02 5.300000000000000000e+01 3.000000000000000000e+01 0.000000000000000000e+00 0.000000000000000000e+00
9.780700000000000500e+02 5.000000000000000000e+01 2.800000000000000000e+01 1.000000000000000000e+00 0.000000000000000000e+00
9.795900000000000318e+02 5.200000000000000000e+01 3.600000000000000000e+01 0.000000000000000000e+00 0.000000000000000000e+00
9.797300000000000182e+02 5.600000000000000000e+01 2.600000000000000000e+01 1.000000000000000000e+00 0.000000000000000000e+00
9.810199999999999818e+02 5.500000000000000000e+01 1.500000000000000000e+01 1.000000000000000000e+00 0.000000000000000000e+00
9.814199999999999591e+02 5.500000000000000000e+01 3.600000000000000000e+01 0.000000000000000000e+00 0.000000000000000000e+00
9.821900000000000546e+02 5.700000000000000000e+01 2.700000000000000000e+01 1.000000000000000000e+00 0.000000000000000000e+00
9.851000000000000227e+02 5.100000000000000000e+01 3.600000000000000000e+01 0.000000000000000000e+00 0.000000000000000000e+00
9.867400000000000091e+02 5.600000000000000000e+01 2.700000000000000000e+01 1.000000000000000000e+00 0.000000000000000000e+00
9.909400000000000546e+02 5.500000000000000000e+01 6.000000000000000000e+00 1.000000000000000000e+00 0.000000000000000000e+00
9.912000000000000455e+02 5.300000000000000000e+01 3.000000000000000000e+01 0.000000000000000000e+00 0.000000000000000000e+00
9.915900000000000318e+02 5.200000000000000000e+01 2.700000000000000000e+01 1.000000000000000000e+00 0.000000000000000000e+00
9.922100000000000364e+02 5.400000000000000000e+01 3.700000000000000000e+01 0.000000000000000000e+00 0.000000000000000000e+00
9.926100000000000136e+02 5.400000000000000000e+01 3.600000000000000000e+01 0.000000000000000000e+00 0.000000000000000000e+00
9.940700000000000500e+02 5.400000000000000000e+01 3.200000000000000000e+01 1.000000000000000000e+00 0.000000000000000000e+00
9.942300000000000182e+02 5.000000000000000000e+01 3.500000000000000000e+01 0.000000000000000000e+00 0.000000000000000000e+00
9.955399999999999636e+02 5.300000000000000000e+01 2.600000000000000000e+01 1.000000000000000000e+00 0.000000000000000000e+00
9.958799999999999955e+02 5.000000000000000000e+01 3.000000000000000000e+01 0.000000000000000000e+00 0.000000000000000000e+00
9.964299999999999500e+02 5.200000000000000000e+01 3.000000000000000000e+01 0.000000000000000000e+00 0.000000000000000000e+00
9.967300000000000182e+02 5.000000000000000000e+01 3.300000000000000000e+01 0.000000000000000000e+00 0.000000000000000000e+00
9.991699999999999591e+02 5.800000000000000000e+01 3.500000000000000000e+01 0.000000000000000000e+00 0.000000000000000000e+00
