5.000000000000000278e-02 5.300000000000000000e+01 3.600000000000000000e+01 0.000000000000000000e+00 0.000000000000000000e+00
2.950000000000000178e+00 5.300000000000000000e+01 3.100000000000000000e+01 0.000000000000000000e+00 0.000000000000000000e+00
3.770000000000000018e+00 4.900000000000000000e+01 3.300000000000000000e+01 0.000000000000000000e+00 0.000000000000000000e+00
5.950000000000000178e+00 5.400000000000000000e+01 3.400000000000000000e+01 0.000000000000000000e+00 0.000000000000000000e+00
6.200000000000000178e+00 5.900000000000000000e+01 2.900000000000000000e+01 1.000000000000000000e+00 0.000000000000000000e+00
6.400000000000000355e+00 5.700000000000000000e+01 3.500000000000000000e+01 0.000000000000000000e+00 0.000000000000000000e+00
6.950000000000000178e+00 5.500000000000000000e+01 3.500000000000000000e+01 0.000000000000000000e+00 0.000000000000000000e+00
1.139000000000000057e+01 5.300000000000000000e+01 3.400000000000000000e+01 0.000000000000000000e+00 0.000000000000000000e+00
1.821000000000000085e+01 5.300000000000000000e+01 3.400000000000000000e+01 0.000000000000000000e+00 0.000000000000000000e+00
1.842000000000000171e+01 5.200000000000000000e+01 2.700000000000000000e+01 1.000000000000000000e+00 0.000000000000000000e+00
2.353999999999999915e+01 5.400000000000000000e+01 3.700000000000000000e+01 0.000000000000000000e+00 0.000000000000000000e+00
2.535000000000000142e+01 5.200000000000000000e+01 3.700000000000000000e+01 0.000000000000000000e+00 0.000000000000000000e+00
2.685999999999999943e+01 5.800000000000000000e+01 2.800000000000000000e+01 1.000000000000000000e+00 0.000000000000000000e+00
2.860999999999999943e+01 5.100000000000000000e+01 3.600000000000000000e+01 0.000000000000000000e+00 0.000000000000000000e+00
2.883999999999999986e+01 5.100000000000000000e+01 2.800000000000000000e+01 1.000000000000000000e+00 0.000000000000000000e+00
2.912000000000000099e+01 5.400000000000000000e+01 2.500000000000000000e+01 1.000000000000000000e+00 0.000000000000000000e+00
2.928000000000000114e+01 5.500000000000000000e+01 3.700000000000000000e+01 0.000000000000000000e+00 0.000000000000000000e+00
2.944999999999999929e+01 5.200000000000000000e+01 2.600000000000000000e+01 1.000000000000000000e+00 0.000000000000000000e+00
2.985000000000000142e+01 5.600000000000000000e+01 3.100000000000000000e+01 0.000000000000000000e+00 0.000000000000000000e+00
3.076000000000000156e+01 5.500000000000000000e+01 3.200000000000000000e+01 0.000000000000000000e+00 0.000000000000000000e+00
3.415999999999999659e+01 5.000000000000000000e+01 3.500000000000000000e+01 0.000000000000000000e+00 0.000000000000000000e+00
3.481000000000000227e+01 5.700000000000000000e+01 3.600000000000000000e+01 0.000000000000000000e+00 0.000000000000000000e+00
3.565999999999999659e+01 5.100000000000000000e+01 2.700000000000000000e+01 1.000000000000000000e+00 0.000000000000000000e+00
3.657000000000000028e+01 4.900000000000000000e+01 3.400000000000000000e+01 0.000000000000000000e+00 0.000000000000000000e+00
3.664999999999999858e+01 5.400000000000000000e+01 2.800000000000000000e+01 1.000000000000000000e+00 0.000000000000000000e+00
3.806000000000000227e+01 2.400000000000000000e+01 6.400000000000000000e+01 0.000000000000000000e+00 0.000000000000000000e+00
4.489000000000000057e+01 2.400000000000000000e+01 6.400000000000000000e+01 0.000000000000000000e+00 0.000000000000000000e+00
4.567999999999999972e+01 5.300000000000000000e+01 3.700000000000000000e+01 0.000000000000000000e+00 0.000000000000000000e+00
4.731000000000000227e+01 5.200000000000000000e+01 3.400000000000000000e+01 0.000000000000000000e+00 0.000000000000000000e+00
4.863000000000000256e+01 5.300000000000000000e+01 3.100000000000000000e+01 0.000000000000000000e+00 0.000000000000000000e+00
5.004999999999999716e+01 5.500000000000000000e+01 2.600000000000000000e+01 1.000000000000000000e+00 0.000000000000000000e+00
5.189999999999999858e+01 5.200000000000000000e+01 3.600000000000000000e+01 0.000000000000000000e+00 0.000000000000000000e+00
5.409000000000000341e+01 4.900000000000000000e+01 3.000000000000000000e+01 1.000000000000000000e+00 0.000000000000000000e+00
5.571999999999999886e+01 5.500000000000000000e+01 3.100000000000000000e+01 0.000000000000000000e+00 0.000000000000000000e+00
5.725999999999999801e+01 5.000000000000000000e+01 2.900000000000000000e+01 1.000000000000000000e+00 0.000000000000000000e+00
5.909000000000000341e+01 5.500000000000000000e+01 3.300000000000000000e+01 1.000000000000000000e+00 0.000000000000000000e+00
6.004999999999999716e+01 5.000000000000000000e+01 3.000000000000000000e+01 0.000000000000000000e+00 0.000000000000000000e+00
6.013000000000000256e+01 5.000000000000000000e+01 3.500000000000000000e+01 0.000000000000000000e+00 0.000000000000000000e+00
6.088000000000000256e+01 5.400000000000000000e+01 3.700000000000000000e+01 0.000000000000000000e+00 0.000000000000000000e+00
6.111999999999999744e+01 4.900000000000000000e+01 3.300000000000000000e+01 0.000000000000000000e+00 0.000000000000000000e+00
6.132000000000000028e+01 5.800000000000000000e+01 3.200000000000000000e+01 0.000000000000000000e+00 0.000000000000000000e+00
6.200999999999999801e+01 3.600000000000000000e+01 6.000000000000000000e+00 0.000000000000000000e+00 0.000000000000000000e+00
6.278000000000000114e+01 5.900000000000000000e+01 3.300000000000000000e+01 0.000000000000000000e+00 0.000000000000000000e+00
6.295000000000000284e+01 5.200000000000000000e+01 3.500000000000000000e+01 0.000000000000000000e+00 0.000000000000000000e+00
6.435999999999999943e+01 5.200000000000000000e+01 2.700000000000000000e+01 1.000000000000000000e+00 0.000000000000000000e+00
6.445999999999999375e+01 5.700000000000000000e+01 2.700000000000000000e+01 1.000000000000000000e+00 0.000000000000000000e+00
6.690000000000000568e+01 5.600000000000000000e+01 2.700000000000000000e+01 1.000000000000000000e+00 0.000000000000000000e+00
6.985999999999999943e+01 5.500000000000000000e+01 3.700000000000000000e+01 0.000000000000000000e+00 0.000000000000000000e+00
6.987999999999999545e+01 5.300000000000000000e+01 2.700000000000000000e+01 1.000000000000000000e+00 0.000000000000000000e+00
7.195000000000000284e+01 5.300000000000000000e+01 3.700000000000000000e+01 0.000000000000000000e+00 0.000000000000000000e+00
7.214000000000000057e+01 5.400000000000000000e+01 3.200000000000000000e+01 0.000000000000000000e+00 0.000000000000000000e+00
7.412999999999999545e+01 5.600000000000000000e+01 3.700000000000000000e+01 0.000000000000000000e+00 0.000000000000000000e+00
7.609999999999999432e+01 5.300000000000000000e+01 3.200000000000000000e+01 1.000000000000000000e+00 0.000000000000000000e+00
7.626000000000000512e+01 5.400000000000000000e+01 3.500000000000000000e+01 0.000000000000000000e+00 0.000000000000000000e+00
7.790999999999999659e+01 5.100000000000000000e+01 2.800000000000000000e+01 1.000000000000000000e+00 0.000000000000000000e+00
8.482999999999999829e+01 5.700000000000000000e+01 2.800000000000000000e+01 1.000000000000000000e+00 0.000000000000000000e+00
8.589000000000000057e+01 5.900000000000000000e+01 3.400000000000000000e+01 0.000000000000000000e+00 0.000000000000000000e+00
8.614000000000000057e+01 5.000000000000000000e+01 2.800000000000000000e+01 1.000000000000000000e+00 0.000000000000000000e+00
8.615000000000000568e+01 5.000000000000000000e+01 2.800000000000000000e+01 1.000000000000000000e+00 0.000000000000000000e+00
8.864000000000000057e+01 5.500000000000000000e+01 2.700000000000000000e+01 1.000000000000000000e+00 0.000000000000000000e+00
8.909000000000000341e+01 5.500000000000000000e+01 3.500000000000000000e+01 0.000000000000000000e+00 0.000000000000000000e+00
9.165999999999999659e+01 5.000000000000000000e+01 2.600000000000000000e+01 1.000000000000000000e+00 0.000000000000000000e+00
9.295999999999999375e+01 5.200000000000000000e+01 3.700000000000000000e+01 0.000000000000000000e+00 0.000000000000000000e+00
9.387999999999999545e+01 4.900000000000000000e+01 3.400000000000000000e+01 0.000000000000000000e+00 0.000000000000000000e+00
9.562000000000000455e+01 5.100000000000000000e+01 3.600000000000000000e+01 0.000000000000000000e+00 0.000000000000000000e+00
9.676000000000000512e+01 5.400000000000000000e+01 2.300000000000000000e+01 0.000000000000000000e+00 0.000000000000000000e+00
9.746999999999999886e+01 2.500000000000000000e+01 7.600000000000000000e+01 0.000000000000000000e+00 0.000000000000000000e+00
9.881999999999999318e+01 5.600000000000000000e+01 3.500000000000000000e+01 0.000000000000000000e+00 0.000000000000000000e+00
9.884999999999999432e+01 5.100000000000000000e+01 2.800000000000000000e+01 1.000000000000000000e+00 0.000000000000000000e+00
1.053499999999999943e+02 5.700000000000000000e+01 3.200000000000000000e+01 0.000000000000000000e+00 0.000000000000000000e+00
1.060499999999999972e+02 5.500000000000000000e+01 3.100000000000000000e+01 0.000000000000000000e+00 0.000000000000000000e+00
1.077300000000000040e+02 5.300000000000000000e+01 2.700000000000000000e+01 1.000000000000000000e+00 0.000000000000000000e+00
1.089300000000000068e+02 5.500000000000000000e+01 9.000000000000000000e+00 1.000000000000000000e+00 0.000000000000000000e+00
1.128199999999999932e+02 5.600000000000000000e+01 3.600000000000000000e+01 0.000000000000000000e+00 0.000000000000000000e+00
1.129399999999999977e+02 5.200000000000000000e+01 3.700000000000000000e+01 0.000000000000000000e+00 0.000000000000000000e+00
1.130999999999999943e+02 5.000000000000000000e+01 3.600000000000000000e+01 0.000000000000000000e+00 0.000000000000000000e+00
1.140100000000000051e+02 5.400000000000000000e+01 3.200000000000000000e+01 0.000000000000000000e+00 0.000000000000000000e+00
1.141500000000000057e+02 5.000000000000000000e+01 3.400000000000000000e+01 0.000000000000000000e+00 0.000000000000000000e+00
1.146400000000000006e+02 5.400000000000000000e+01 2.600000000000000000e+01 1.000000000000000000e+00 0.000000000000000000e+00
1.195600000000000023e+02 5.500000000000000000e+01 2.700000000000000000e+01 1.000000000000000000e+00 0.000000000000000000e+00
1.209599999999999937e+02 5.800000000000000000e+01 2.900000000000000000e+01 1.000000000000000000e+00 0.000000000000000000e+00
1.222699999999999960e+02 5.800000000000000000e+01 3.600000000000000000e+01 0.000000000000000000e+00 0.000000000000000000e+00
1.238199999999999932e+02 4.900000000000000000e+01 3.400000000000000000e+01 0.000000000000000000e+00 0.000000000000000000e+00
1.242500000000000000e+02 5.600000000000000000e+01 3.700000000000000000e+01 0.000000000000000000e+00 0.000000000000000000e+00
1.267600000000000051e+02 5.400000000000000000e+01 2.100000000000000000e+01 0.000000000000000000e+00 0.000000000000000000e+00
1.293899999999999864e+02 5.000000000000000000e+01 2.900000000000000000e+01 1.000000000000000000e+00 0.000000000000000000e+00
1.294799999999999898e+02 5.700000000000000000e+01 2.800000000000000000e+01 1.000000000000000000e+00 0.000000000000000000e+00
1.301399999999999864e+02 2.500000000000000000e+01 5.800000000000000000e+01 0.000000000000000000e+00 0.000000000000000000e+00
1.328799999999999955e+02 5.900000000000000000e+01 3.000000000000000000e+01 1.000000000000000000e+00 0.000000000000000000e+00
1.331200000000000045e+02 5.700000000000000000e+01 3.600000000000000000e+01 0.000000000000000000e+00 0.000000000000000000e+00
1.342899999999999920e+02 5.300000000000000000e+01 3.600000000000000000e+01 0.000000000000000000e+00 0.000000000000000000e+00
1.344099999999999966e+02 5.100000000000000000e+01 2.300000000000000000e+01 1.000000000000000000e+00 0.000000000000000000e+00
1.354000000000000057e+02 5.100000000000000000e+01 3.400000000000000000e+01 0.000000000000000000e+00 0.000000000000000000e+00
1.354499999999999886e+02 5.100000000000000000e+01 3.200000000000000000e+01 0.000000000000000000e+00 0.000000000000000000e+00
1.365500000000000114e+02 5.500000000000000000e+01 3.700000000000000000e+01 0.000000000000000000e+00 0.000000000000000000e+00
1.416299999999999955e+02 5.800000000000000000e+01 3.400000000000000000e+01 0.000000000000000000e+00 0.000000000000000000e+00
1.436299999999999955e+02 5.100000000000000000e+01 2.800000000000000000e+01 1.000000000000000000e+00 0.000000000000000000e+00
1.441399999999999864e+02 5.200000000000000000e+01 3.700000000000000000e+01 0.000000000000000000e+00 0.000000000000000000e+00
1.486500000000000057e+02 4.900000000000000000e+01 3.500000000000000000e+01 0.000000000000000000e+00 0.000000000000000000e+00
1.489000000000000057e+02 5.000000000000000000e+01 3.600000000000000000e+01 0.000000000000000000e+00 0.000000000000000000e+00
1.505999999999999943e+02 5.100000000000000000e+01 3.700000000000000000e+01 0.000000000000000000e+00 0.000000000000000000e+00
1.548400000000000034e+02 5.300000000000000000e+01 3.400000000000000000e+01 0.000000000000000000e+00 0.000000000000000000e+00
1.587400000000000091e+02 5.700000000000000000e+01 3.700000000000000000e+01 0.000000000000000000e+00 0.000000000000000000e+00
1.601100000000000136e+02 5.400000000000000000e+01 3.700000000000000000e+01 0.000000000000000000e+00 0.000000000000000000e+00
1.613600000000000136e+02 5.600000000000000000e+01 3.100000000000000000e+01 0.000000000000000000e+00 0.000000000000000000e+00
1.621500000000000057e+02 5.200000000000000000e+01 2.800000000000000000e+01 1.000000000000000000e+00 0.000000000000000000e+00
1.642800000000000011e+02 5.400000000000000000e+01 3.800000000000000000e+01 0.000000000000000000e+00 0.000000000000000000e+00
1.643899999999999864e+02 5.200000000000000000e+01 3.700000000000000000e+01 0.000000000000000000e+00 0.000000000000000000e+00
1.650300000000000011e+02 4.900000000000000000e+01 3.300000000000000000e+01 0.000000000000000000e+00 0.000000000000000000e+00
1.675300000000000011e+02 5.800000000000000000e+01 3.600000000000000000e+01 0.000000000000000000e+00 0.000000000000000000e+00
1.675600000000000023e+02 5.800000000000000000e+01 3.000000000000000000e+01 0.000000000000000000e+00 0.000000000000000000e+00
1.689300000000000068e+02 5.000000000000000000e+01 2.700000000000000000e+01 1.000000000000000000e+00 0.000000000000000000e+00
1.692800000000000011e+02 4.900000000000000000e+01 3.400000000000000000e+01 0.000000000000000000e+00 0.000000000000000000e+00
1.714900000000000091e+02 5.700000000000000000e+01 2.800000000000000000e+01 1.000000000000000000e+00 0.000000000000000000e+00
1.715399999999999920e+02 5.900000000000000000e+01 3.400000000000000000e+01 0.000000000000000000e+00 0.000000000000000000e+00
1.717700000000000102e+02 5.300000000000000000e+01 2.900000000000000000e+01 1.000000000000000000e+00 0.000000000000000000e+00
1.729199999999999875e+02 4.900000000000000000e+01 3.500000000000000000e+01 0.000000000000000000e+00 0.000000000000000000e+00
1.776699999999999875e+02 5.200000000000000000e+01 2.700000000000000000e+01 1.000000000000000000e+00 0.000000000000000000e+00
1.784300000000000068e+02 5.000000000000000000e+01 3.600000000000000000e+01 0.000000000000000000e+00 0.000000000000000000e+00
1.784799999999999898e+02 5.300000000000000000e+01 3.100000000000000000e+01 0.000000000000000000e+00 0.000000000000000000e+00
1.805399999999999920e+02 5.600000000000000000e+01 2.800000000000000000e+01 1.000000000000000000e+00 0.000000000000000000e+00
1.811500000000000057e+02 5.300000000000000000e+01 3.800000000000000000e+01 0.000000000000000000e+00 0.000000000000000000e+00
1.830000000000000000e+02 5.600000000000000000e+01 2.700000000000000000e+01 1.000000000000000000e+00 0.000000000000000000e+00
1.843300000000000125e+02 5.500000000000000000e+01 1.100000000000000000e+01 1.000000000000000000e+00 0.000000000000000000e+00
1.846699999999999875e+02 5.100000000000000000e+01 3.700000000000000000e+01 0.000000000000000000e+00 0.000000000000000000e+00
1.857800000000000011e+02 5.500000000000000000e+01 2.100000000000000000e+01 1.000000000000000000e+00 0.000000000000000000e+00
1.888600000000000136e+02 4.900000000000000000e+01 3.000000000000000000e+01 1.000000000000000000e+00 0.000000000000000000e+00
1.889499999999999886e+02 5.100000000000000000e+01 3.200000000000000000e+01 0.000000000000000000e+00 0.000000000000000000e+00
1.909799999999999898e+02 5.800000000000000000e+01 2.900000000000000000e+01 1.000000000000000000e+00 0.000000000000000000e+00
1.915000000000000000e+02 5.300000000000000000e+01 2.700000000000000000e+01 1.000000000000000000e+00 0.000000000000000000e+00
1.916200000000000045e+02 5.400000000000000000e+01 3.300000000000000000e+01 1.000000000000000000e+00 0.000000000000000000e+00
1.925800000000000125e+02 5.300000000000000000e+01 3.700000000000000000e+01 0.000000000000000000e+00 0.000000000000000000e+00
1.926800000000000068e+02 5.800000000000000000e+01 3.200000000000000000e+01 0.000000000000000000e+00 0.000000000000000000e+00
1.932599999999999909e+02 5.400000000000000000e+01 3.200000000000000000e+01 0.000000000000000000e+00 0.000000000000000000e+00
1.952100000000000080e+02 5.300000000000000000e+01 3.500000000000000000e+01 0.000000000000000000e+00 0.000000000000000000e+00
1.954499999999999886e+02 5.300000000000000000e+01 3.100000000000000000e+01 0.000000000000000000e+00 0.000000000000000000e+00
1.970500000000000114e+02 5.200000000000000000e+01 3.000000000000000000e+01 0.000000000000000000e+00 0.000000000000000000e+00
1.980200000000000102e+02 5.000000000000000000e+01 2.900000000000000000e+01 1.000000000000000000e+00 0.000000000000000000e+00
1.982299999999999898e+02 5.500000000000000000e+01 3.800000000000000000e+01 0.000000000000000000e+00 0.000000000000000000e+00
1.986800000000000068e+02 5.500000000000000000e+01 3.600000000000000000e+01 0.000000000000000000e+00 0.000000000000000000e+00
2.001500000000000057e+02 5.400000000000000000e+01 3.800000000000000000e+01 0.000000000000000000e+00 0.000000000000000000e+00
2.036500000000000057e+02 5.300000000000000000e+01 3.200000000000000000e+01 0.000000000000000000e+00 0.000000000000000000e+00
2.050699999999999932e+02 5.700000000000000000e+01 3.700000000000000000e+01 0.000000000000000000e+00 0.000000000000000000e+00
2.072100000000000080e+02 5.100000000000000000e+01 3.200000000000000000e+01 0.000000000000000000e+00 0.000000000000000000e+00
2.076399999999999864e+02 5.500000000000000000e+01 2.700000000000000000e+01 1.000000000000000000e+00 0.000000000000000000e+00
2.076500000000000057e+02 5.500000000000000000e+01 2.700000000000000000e+01 1.000000000000000000e+00 0.000000000000000000e+00
2.091899999999999977e+02 4.900000000000000000e+01 3.500000000000000000e+01 0.000000000000000000e+00 0.000000000000000000e+00
2.108199999999999932e+02 5.200000000000000000e+01 3.000000000000000000e+01 0.000000000000000000e+00 0.000000000000000000e+00
2.109900000000000091e+02 5.300000000000000000e+01 3.800000000000000000e+01 0.000000000000000000e+00 0.000000000000000000e+00
2.115699999999999932e+02 5.100000000000000000e+01 3.400000000000000000e+01 0.000000000000000000e+00 0.000000000000000000e+00
2.124399999999999977e+02 5.500000000000000000e+01 3.300000000000000000e+01 0.000000000000000000e+00 0.000000000000000000e+00
2.134499999999999886e+02 5.900000000000000000e+01 3.100000000000000000e+01 1.000000000000000000e+00 0.000000000000000000e+00
2.175699999999999932e+02 5.200000000000000000e+01 2.800000000000000000e+01 1.000000000000000000e+00 0.000000000000000000e+00
2.182199999999999989e+02 5.300000000000000000e+01 3.500000000000000000e+01 0.000000000000000000e+00 0.000000000000000000e+00
2.193400000000000034e+02 1.000000000000000000e+01 2.600000000000000000e+01 0.000000000000000000e+00 0.000000000000000000e+00
2.195300000000000011e+02 5.100000000000000000e+01 2.800000000000000000e+01 1.000000000000000000e+00 0.000000000000000000e+00
2.195399999999999920e+02 5.200000000000000000e+01 3.600000000000000000e+01 0.000000000000000000e+00 0.000000000000000000e+00
2.199900000000000091e+02 5.100000000000000000e+01 3.100000000000000000e+01 0.000000000000000000e+00 0.000000000000000000e+00
2.213199999999999932e+02 5.200000000000000000e+01 3.800000000000000000e+01 0.000000000000000000e+00 0.000000000000000000e+00
2.235500000000000114e+02 5.400000000000000000e+01 1.900000000000000000e+01 0.000000000000000000e+00 0.000000000000000000e+00
2.242700000000000102e+02 5.400000000000000000e+01 2.500000000000000000e+01 0.000000000000000000e+00 0.000000000000000000e+00
2.278799999999999955e+02 5.600000000000000000e+01 3.200000000000000000e+01 0.000000000000000000e+00 0.000000000000000000e+00
2.282800000000000011e+02 5.400000000000000000e+01 3.800000000000000000e+01 0.000000000000000000e+00 0.000000000000000000e+00
2.321299999999999955e+02 4.900000000000000000e+01 3.400000000000000000e+01 0.000000000000000000e+00 0.000000000000000000e+00
2.343000000000000114e+02 5.100000000000000000e+01 2.900000000000000000e+01 1.000000000000000000e+00 0.000000000000000000e+00
2.347100000000000080e+02 5.500000000000000000e+01 2.600000000000000000e+01 1.000000000000000000e+00 0.000000000000000000e+00
2.364099999999999966e+02 5.000000000000000000e+01 3.600000000000000000e+01 0.000000000000000000e+00 0.000000000000000000e+00
2.365900000000000034e+02 5.100000000000000000e+01 3.300000000000000000e+01 0.000000000000000000e+00 0.000000000000000000e+00
2.386599999999999966e+02 5.700000000000000000e+01 3.200000000000000000e+01 0.000000000000000000e+00 0.000000000000000000e+00
2.387100000000000080e+02 4.900000000000000000e+01 3.500000000000000000e+01 0.000000000000000000e+00 0.000000000000000000e+00
2.398000000000000114e+02 5.500000000000000000e+01 3.800000000000000000e+01 0.000000000000000000e+00 0.000000000000000000e+00
2.398100000000000023e+02 5.600000000000000000e+01 2.800000000000000000e+01 1.000000000000000000e+00 0.000000000000000000e+00
2.402100000000000080e+02 5.300000000000000000e+01 3.200000000000000000e+01 0.000000000000000000e+00 0.000000000000000000e+00
2.414399999999999977e+02 5.400000000000000000e+01 2.400000000000000000e+01 0.000000000000000000e+00 0.000000000000000000e+00
2.440099999999999909e+02 5.200000000000000000e+01 3.400000000000000000e+01 0.000000000000000000e+00 0.000000000000000000e+00
2.452299999999999898e+02 5.600000000000000000e+01 3.700000000000000000e+01 0.000000000000000000e+00 0.000000000000000000e+00
2.471599999999999966e+02 5.200000000000000000e+01 3.800000000000000000e+01 0.000000000000000000e+00 0.000000000000000000e+00
2.477299999999999898e+02 5.400000000000000000e+01 2.800000000000000000e+01 1.000000000000000000e+00 0.000000000000000000e+00
2.498899999999999864e+02 5.500000000000000000e+01 5.000000000000000000e+00 1.000000000000000000e+00 0.000000000000000000e+00
2.530099999999999909e+02 5.300000000000000000e+01 3.800000000000000000e+01 0.000000000000000000e+00 0.000000000000000000e+00
2.541699999999999875e+02 5.400000000000000000e+01 2.200000000000000000e+01 0.000000000000000000e+00 0.000000000000000000e+00
2.568100000000000023e+02 5.400000000000000000e+01 3.700000000000000000e+01 0.000000000000000000e+00 0.000000000000000000e+00
2.572699999999999818e+02 5.400000000000000000e+01 3.500000000000000000e+01 0.000000000000000000e+00 0.000000000000000000e+00
2.592599999999999909e+02 5.500000000000000000e+01 2.000000000000000000e+00 1.000000000000000000e+00 0.000000000000000000e+00
2.599800000000000182e+02 5.400000000000000000e+01 2.900000000000000000e+01 1.000000000000000000e+00 0.000000000000000000e+00
2.605400000000000205e+02 5.100000000000000000e+01 3.200000000000000000e+01 0.000000000000000000e+00 0.000000000000000000e+00
2.605600000000000023e+02 4.900000000000000000e+01 3.100000000000000000e+01 1.000000000000000000e+00 0.000000000000000000e+00
2.660600000000000023e+02 5.300000000000000000e+01 2.800000000000000000e+01 1.000000000000000000e+00 0.000000000000000000e+00
2.660699999999999932e+02 5.300000000000000000e+01 2.800000000000000000e+01 1.000000000000000000e+00 0.000000000000000000e+00
2.660799999999999841e+02 5.300000000000000000e+01 2.800000000000000000e+01 1.000000000000000000e+00 0.000000000000000000e+00
2.669399999999999977e+02 5.800000000000000000e+01 3.300000000000000000e+01 0.000000000000000000e+00 0.000000000000000000e+00
2.673899999999999864e+02 5.500000000000000000e+01 3.300000000000000000e+01 0.000000000000000000e+00 0.000000000000000000e+00
2.675799999999999841e+02 5.200000000000000000e+01 2.800000000000000000e+01 1.000000000000000000e+00 0.000000000000000000e+00
2.680099999999999909e+02 5.500000000000000000e+01 2.800000000000000000e+01 1.000000000000000000e+00 0.000000000000000000e+00
2.680799999999999841e+02 5.600000000000000000e+01 3.100000000000000000e+01 0.000000000000000000e+00 0.000000000000000000e+00
2.687200000000000273e+02 5.200000000000000000e+01 3.100000000000000000e+01 0.000000000000000000e+00 0.000000000000000000e+00
2.690799999999999841e+02 5.600000000000000000e+01 3.800000000000000000e+01 0.000000000000000000e+00 0.000000000000000000e+00
2.692699999999999818e+02 5.500000000000000000e+01 3.200000000000000000e+01 0.000000000000000000e+00 0.000000000000000000e+00
2.702200000000000273e+02 5.200000000000000000e+01 3.800000000000000000e+01 0.000000000000000000e+00 0.000000000000000000e+00
2.773000000000000114e+02 5.100000000000000000e+01 3.200000000000000000e+01 0.000000000000000000e+00 0.000000000000000000e+00
2.822599999999999909e+02 5.800000000000000000e+01 3.500000000000000000e+01 0.000000000000000000e+00 0.000000000000000000e+00
2.824399999999999977e+02 5.000000000000000000e+01 3.700000000000000000e+01 0.000000000000000000e+00 0.000000000000000000e+00
2.877099999999999795e+02 5.500000000000000000e+01 3.000000000000000000e+00 1.000000000000000000e+00 0.000000000000000000e+00
2.877200000000000273e+02 5.500000000000000000e+01 3.000000000000000000e+00 1.000000000000000000e+00 0.000000000000000000e+00
2.893600000000000136e+02 4.900000000000000000e+01 3.300000000000000000e+01 0.000000000000000000e+00 0.000000000000000000e+00
2.894700000000000273e+02 4.900000000000000000e+01 3.500000000000000000e+01 0.000000000000000000e+00 0.000000000000000000e+00
2.901999999999999886e+02 5.600000000000000000e+01 2.800000000000000000e+01 1.000000000000000000e+00 0.000000000000000000e+00
2.902300000000000182e+02 5.100000000000000000e+01 2.900000000000000000e+01 1.000000000000000000e+00 0.000000000000000000e+00
2.904399999999999977e+02 5.800000000000000000e+01 2.800000000000000000e+01 1.000000000000000000e+00 0.000000000000000000e+00
2.915500000000000114e+02 5.700000000000000000e+01 3.300000000000000000e+01 0.000000000000000000e+00 0.000000000000000000e+00
2.916299999999999955e+02 5.300000000000000000e+01 2.800000000000000000e+01 1.000000000000000000e+00 0.000000000000000000e+00
2.918000000000000114e+02 5.500000000000000000e+01 2.700000000000000000e+01 1.000000000000000000e+00 0.000000000000000000e+00
2.922099999999999795e+02 5.500000000000000000e+01 3.200000000000000000e+01 0.000000000000000000e+00 0.000000000000000000e+00
2.926999999999999886e+02 5.300000000000000000e+01 3.800000000000000000e+01 0.000000000000000000e+00 0.000000000000000000e+00
2.934100000000000250e+02 5.100000000000000000e+01 3.800000000000000000e+01 0.000000000000000000e+00 0.000000000000000000e+00
2.948399999999999750e+02 5.400000000000000000e+01 3.600000000000000000e+01 0.000000000000000000e+00 0.000000000000000000e+00
2.965600000000000023e+02 5.700000000000000000e+01 3.700000000000000000e+01 0.000000000000000000e+00 0.000000000000000000e+00
2.971800000000000068e+02 5.900000000000000000e+01 3.500000000000000000e+01 0.000000000000000000e+00 0.000000000000000000e+00
2.976999999999999886e+02 5.700000000000000000e+01 2.900000000000000000e+01 1.000000000000000000e+00 0.000000000000000000e+00
2.977400000000000091e+02 5.000000000000000000e+01 3.500000000000000000e+01 0.000000000000000000e+00 0.000000000000000000e+00
2.979200000000000159e+02 5.800000000000000000e+01 3.700000000000000000e+01 0.000000000000000000e+00 0.000000000000000000e+00
2.990799999999999841e+02 4.900000000000000000e+01 3.600000000000000000e+01 0.000000000000000000e+00 0.000000000000000000e+00
3.004700000000000273e+02 8.000000000000000000e+00 7.000000000000000000e+01 0.000000000000000000e+00 0.000000000000000000e+00
3.047500000000000000e+02 5.000000000000000000e+01 3.700000000000000000e+01 0.000000000000000000e+00 0.000000000000000000e+00
3.051299999999999955e+02 5.000000000000000000e+01 3.200000000000000000e+01 0.000000000000000000e+00 0.000000000000000000e+00
3.054499999999999886e+02 5.600000000000000000e+01 3.800000000000000000e+01 0.000000000000000000e+00 0.000000000000000000e+00
3.075500000000000114e+02 5.000000000000000000e+01 3.000000000000000000e+01 1.000000000000000000e+00 0.000000000000000000e+00
3.143799999999999955e+02 5.000000000000000000e+01 3.000000000000000000e+01 1.000000000000000000e+00 0.000000000000000000e+00
3.168600000000000136e+02 5.400000000000000000e+01 3.800000000000000000e+01 0.000000000000000000e+00 0.000000000000000000e+00
3.175000000000000000e+02 5.100000000000000000e+01 3.200000000000000000e+01 0.000000000000000000e+00 0.000000000000000000e+00
3.200400000000000205e+02 5.200000000000000000e+01 3.500000000000000000e+01 0.000000000000000000e+00 0.000000000000000000e+00
3.201700000000000159e+02 5.100000000000000000e+01 2.900000000000000000e+01 1.000000000000000000e+00 0.000000000000000000e+00
3.201999999999999886e+02 5.000000000000000000e+01 2.900000000000000000e+01 1.000000000000000000e+00 0.000000000000000000e+00
3.212300000000000182e+02 5.200000000000000000e+01 3.700000000000000000e+01 0.000000000000000000e+00 0.000000000000000000e+00
3.215799999999999841e+02 5.600000000000000000e+01 3.700000000000000000e+01 0.000000000000000000e+00 0.000000000000000000e+00
3.217200000000000273e+02 5.100000000000000000e+01 3.800000000000000000e+01 0.000000000000000000e+00 0.000000000000000000e+00
3.225899999999999750e+02 5.000000000000000000e+01 3.500000000000000000e+01 0.000000000000000000e+00 0.000000000000000000e+00
3.244900000000000091e+02 5.300000000000000000e+01 3.800000000000000000e+01 0.000000000000000000e+00 0.000000000000000000e+00
3.252900000000000205e+02 5.400000000000000000e+01 3.300000000000000000e+01 0.000000000000000000e+00 0.000000000000000000e+00
3.280400000000000205e+02 5.100000000000000000e+01 3.400000000000000000e+01 0.000000000000000000e+00 0.000000000000000000e+00
3.323600000000000136e+02 5.400000000000000000e+01 3.900000000000000000e+01 0.000000000000000000e+00 0.000000000000000000e+00
3.336999999999999886e+02 5.400000000000000000e+01 2.800000000000000000e+01 1.000000000000000000e+00 0.000000000000000000e+00
3.348899999999999864e+02 5.800000000000000000e+01 3.000000000000000000e+01 1.000000000000000000e+00 0.000000000000000000e+00
3.352799999999999727e+02 2.800000000000000000e+01 5.300000000000000000e+01 0.000000000000000000e+00 0.000000000000000000e+00
3.352900000000000205e+02 4.900000000000000000e+01 3.600000000000000000e+01 0.000000000000000000e+00 0.000000000000000000e+00
3.354200000000000159e+02 4.900000000000000000e+01 3.400000000000000000e+01 0.000000000000000000e+00 0.000000000000000000e+00
3.354599999999999795e+02 5.800000000000000000e+01 2.900000000000000000e+01 1.000000000000000000e+00 0.000000000000000000e+00
3.359200000000000159e+02 5.200000000000000000e+01 3.800000000000000000e+01 0.000000000000000000e+00 0.000000000000000000e+00
3.382200000000000273e+02 5.500000000000000000e+01 0.000000000000000000e+00 1.000000000000000000e+00 0.000000000000000000e+00
3.390199999999999818e+02 5.700000000000000000e+01 2.800000000000000000e+01 1.000000000000000000e+00 0.000000000000000000e+00
3.390299999999999727e+02 5.700000000000000000e+01 2.800000000000000000e+01 1.000000000000000000e+00 0.000000000000000000e+00
3.401100000000000136e+02 5.900000000000000000e+01 3.400000000000000000e+01 0.000000000000000000e+00 0.000000000000000000e+00
3.409100000000000250e+02 5.500000000000000000e+01 3.800000000000000000e+01 0.000000000000000000e+00 0.000000000000000000e+00
3.410000000000000000e+02 1.400000000000000000e+01 3.000000000000000000e+01 0.000000000000000000e+00 0.000000000000000000e+00
3.413600000000000136e+02 5.800000000000000000e+01 3.700000000000000000e+01 0.000000000000000000e+00 0.000000000000000000e+00
3.421600000000000250e+02 5.700000000000000000e+01 2.900000000000000000e+01 1.000000000000000000e+00 0.000000000000000000e+00
3.423100000000000023e+02 4.900000000000000000e+01 3.100000000000000000e+01 1.000000000000000000e+00 0.000000000000000000e+00
3.433799999999999955e+02 5.900000000000000000e+01 3.200000000000000000e+01 1.000000000000000000e+00 0.000000000000000000e+00
3.435500000000000114e+02 5.100000000000000000e+01 3.700000000000000000e+01 0.000000000000000000e+00 0.000000000000000000e+00
3.445699999999999932e+02 5.400000000000000000e+01 2.100000000000000000e+01 0.000000000000000000e+00 0.000000000000000000e+00
3.450799999999999841e+02 5.400000000000000000e+01 3.300000000000000000e+01 0.000000000000000000e+00 0.000000000000000000e+00
3.451700000000000159e+02 5.200000000000000000e+01 2.800000000000000000e+01 1.000000000000000000e+00 0.000000000000000000e+00
3.458000000000000114e+02 5.300000000000000000e+01 2.800000000000000000e+01 1.000000000000000000e+00 0.000000000000000000e+00
3.465199999999999818e+02 5.800000000000000000e+01 3.600000000000000000e+01 0.000000000000000000e+00 0.000000000000000000e+00
3.479599999999999795e+02 5.500000000000000000e+01 4.000000000000000000e+00 1.000000000000000000e+00 0.000000000000000000e+00
3.509700000000000273e+02 5.500000000000000000e+01 3.900000000000000000e+01 0.000000000000000000e+00 0.000000000000000000e+00
3.523500000000000227e+02 5.500000000000000000e+01 3.700000000000000000e+01 0.000000000000000000e+00 0.000000000000000000e+00
3.525099999999999909e+02 5.500000000000000000e+01 2.800000000000000000e+01 1.000000000000000000e+00 0.000000000000000000e+00
3.539399999999999977e+02 5.100000000000000000e+01 3.800000000000000000e+01 0.000000000000000000e+00 0.000000000000000000e+00
3.562799999999999727e+02 5.700000000000000000e+01 3.800000000000000000e+01 0.000000000000000000e+00 0.000000000000000000e+00
3.570500000000000114e+02 5.700000000000000000e+01 2.500000000000000000e+01 1.000000000000000000e+00 0.000000000000000000e+00
3.573199999999999932e+02 5.300000000000000000e+01 3.900000000000000000e+01 0.000000000000000000e+00 0.000000000000000000e+00
3.610099999999999909e+02 5.500000000000000000e+01 3.400000000000000000e+01 1.000000000000000000e+00 0.000000000000000000e+00
3.616399999999999864e+02 5.400000000000000000e+01 2.700000000000000000e+01 1.000000000000000000e+00 0.000000000000000000e+00
3.620699999999999932e+02 5.000000000000000000e+01 3.000000000000000000e+01 1.000000000000000000e+00 0.000000000000000000e+00
3.625400000000000205e+02 5.000000000000000000e+01 3.700000000000000000e+01 0.000000000000000000e+00 0.000000000000000000e+00
3.626299999999999955e+02 4.900000000000000000e+01 3.600000000000000000e+01 0.000000000000000000e+00 0.000000000000000000e+00
3.632300000000000182e+02 5.300000000000000000e+01 3.600000000000000000e+01 0.000000000000000000e+00 0.000000000000000000e+00
3.662300000000000182e+02 5.600000000000000000e+01 3.300000000000000000e+01 0.000000000000000000e+00 0.000000000000000000e+00
3.683000000000000114e+02 5.800000000000000000e+01 2.700000000000000000e+01 1.000000000000000000e+00 0.000000000000000000e+00
3.689300000000000068e+02 5.400000000000000000e+01 3.900000000000000000e+01 0.000000000000000000e+00 0.000000000000000000e+00
3.713999999999999773e+02 5.800000000000000000e+01 3.700000000000000000e+01 0.000000000000000000e+00 0.000000000000000000e+00
3.716399999999999864e+02 5.400000000000000000e+01 3.100000000000000000e+01 0.000000000000000000e+00 0.000000000000000000e+00
3.723700000000000045e+02 5.200000000000000000e+01 3.100000000000000000e+01 0.000000000000000000e+00 0.000000000000000000e+00
3.784100000000000250e+02 5.600000000000000000e+01 3.400000000000000000e+01 0.000000000000000000e+00 0.000000000000000000e+00
3.852400000000000091e+02 5.600000000000000000e+01 3.400000000000000000e+01 0.000000000000000000e+00 0.000000000000000000e+00
3.853299999999999841e+02 5.700000000000000000e+01 2.900000000000000000e+01 1.000000000000000000e+00 0.000000000000000000e+00
3.862099999999999795e+02 5.500000000000000000e+01 3.900000000000000000e+01 0.000000000000000000e+00 0.000000000000000000e+00
3.869800000000000182e+02 5.600000000000000000e+01 2.900000000000000000e+01 1.000000000000000000e+00 0.000000000000000000e+00
3.879399999999999977e+02 5.500000000000000000e+01 3.100000000000000000e+01 0.000000000000000000e+00 0.000000000000000000e+00
3.888999999999999773e+02 5.200000000000000000e+01 3.900000000000000000e+01 0.000000000000000000e+00 0.000000000000000000e+00
3.893100000000000023e+02 2.500000000000000000e+01 1.400000000000000000e+01 0.000000000000000000e+00 0.000000000000000000e+00
3.895199999999999818e+02 5.800000000000000000e+01 3.000000000000000000e+01 1.000000000000000000e+00 0.000000000000000000e+00
3.899300000000000068e+02 5.600000000000000000e+01 3.600000000000000000e+01 0.000000000000000000e+00 0.000000000000000000e+00
3.900699999999999932e+02 5.700000000000000000e+01 3.800000000000000000e+01 0.000000000000000000e+00 0.000000000000000000e+00
3.905299999999999727e+02 5.200000000000000000e+01 2.900000000000000000e+01 1.000000000000000000e+00 0.000000000000000000e+00
3.909300000000000068e+02 5.500000000000000000e+01 8.000000000000000000e+00 1.000000000000000000e+00 0.000000000000000000e+00
3.911499999999999773e+02 5.300000000000000000e+01 3.900000000000000000e+01 0.000000000000000000e+00 0.000000000000000000e+00
3.938999999999999773e+02 5.900000000000000000e+01 3.500000000000000000e+01 0.000000000000000000e+00 0.000000000000000000e+00
4.001600000000000250e+02 5.000000000000000000e+01 3.000000000000000000e+01 1.000000000000000000e+00 0.000000000000000000e+00
4.053799999999999955e+02 5.100000000000000000e+01 2.900000000000000000e+01 1.000000000000000000e+00 0.000000000000000000e+00
4.088899999999999864e+02 5.900000000000000000e+01 3.600000000000000000e+01 0.000000000000000000e+00 0.000000000000000000e+00
4.111399999999999864e+02 5.200000000000000000e+01 3.900000000000000000e+01 0.000000000000000000e+00 0.000000000000000000e+00
4.133500000000000227e+02 5.400000000000000000e+01 3.900000000000000000e+01 0.000000000000000000e+00 0.000000000000000000e+00
4.201700000000000159e+02 5.400000000000000000e+01 3.900000000000000000e+01 0.000000000000000000e+00 0.000000000000000000e+00
4.251999999999999886e+02 5.500000000000000000e+01 3.400000000000000000e+01 0.000000000000000000e+00 0.000000000000000000e+00
4.253899999999999864e+02 5.400000000000000000e+01 3.400000000000000000e+01 1.000000000000000000e+00 0.000000000000000000e+00
4.266700000000000159e+02 4.900000000000000000e+01 3.500000000000000000e+01 0.000000000000000000e+00 0.000000000000000000e+00
4.271100000000000136e+02 5.400000000000000000e+01 2.200000000000000000e+01 0.000000000000000000e+00 0.000000000000000000e+00
4.279499999999999886e+02 5.500000000000000000e+01 3.600000000000000000e+01 0.000000000000000000e+00 0.000000000000000000e+00
4.292099999999999795e+02 5.500000000000000000e+01 3.900000000000000000e+01 0.000000000000000000e+00 0.000000000000000000e+00
4.294499999999999886e+02 5.500000000000000000e+01 2.900000000000000000e+01 1.000000000000000000e+00 0.000000000000000000e+00
4.311399999999999864e+02 5.100000000000000000e+01 3.700000000000000000e+01 0.000000000000000000e+00 0.000000000000000000e+00
4.312099999999999795e+02 4.900000000000000000e+01 3.600000000000000000e+01 0.000000000000000000e+00 0.000000000000000000e+00
4.324499999999999886e+02 5.600000000000000000e+01 3.300000000000000000e+01 0.000000000000000000e+00 0.000000000000000000e+00
4.325500000000000114e+02 4.900000000000000000e+01 2.900000000000000000e+01 1.000000000000000000e+00 0.000000000000000000e+00
4.365600000000000023e+02 5.600000000000000000e+01 3.900000000000000000e+01 0.000000000000000000e+00 0.000000000000000000e+00
4.375699999999999932e+02 5.300000000000000000e+01 3.300000000000000000e+01 0.000000000000000000e+00 0.000000000000000000e+00
4.381800000000000068e+02 5.200000000000000000e+01 3.900000000000000000e+01 0.000000000000000000e+00 0.000000000000000000e+00
4.381899999999999977e+02 5.700000000000000000e+01 3.300000000000000000e+01 0.000000000000000000e+00 0.000000000000000000e+00
4.383700000000000045e+02 5.200000000000000000e+01 2.900000000000000000e+01 1.000000000000000000e+00 0.000000000000000000e+00
4.385099999999999909e+02 5.600000000000000000e+01 3.800000000000000000e+01 0.000000000000000000e+00 0.000000000000000000e+00
4.418899999999999864e+02 5.000000000000000000e+01 3.800000000000000000e+01 0.000000000000000000e+00 0.000000000000000000e+00
4.430799999999999841e+02 5.000000000000000000e+01 3.000000000000000000e+01 1.000000000000000000e+00 0.000000000000000000e+00
4.458600000000000136e+02 5.000000000000000000e+01 3.700000000000000000e+01 0.000000000000000000e+00 0.000000000000000000e+00
4.463799999999999955e+02 4.900000000000000000e+01 3.700000000000000000e+01 0.000000000000000000e+00 0.000000000000000000e+00
4.492500000000000000e+02 5.900000000000000000e+01 3.600000000000000000e+01 0.000000000000000000e+00 0.000000000000000000e+00
4.498199999999999932e+02 5.600000000000000000e+01 2.900000000000000000e+01 1.000000000000000000e+00 0.000000000000000000e+00
4.500799999999999841e+02 5.700000000000000000e+01 3.500000000000000000e+01 0.000000000000000000e+00 0.000000000000000000e+00
4.508100000000000023e+02 5.500000000000000000e+01 2.800000000000000000e+01 1.000000000000000000e+00 0.000000000000000000e+00
4.512300000000000182e+02 5.100000000000000000e+01 3.900000000000000000e+01 0.000000000000000000e+00 0.000000000000000000e+00
4.513000000000000114e+02 5.400000000000000000e+01 3.300000000000000000e+01 0.000000000000000000e+00 0.000000000000000000e+00
4.519800000000000182e+02 5.900000000000000000e+01 3.500000000000000000e+01 0.000000000000000000e+00 0.000000000000000000e+00
4.530899999999999750e+02 5.100000000000000000e+01 3.400000000000000000e+01 0.000000000000000000e+00 0.000000000000000000e+00
4.554800000000000182e+02 5.300000000000000000e+01 3.900000000000000000e+01 0.000000000000000000e+00 0.000000000000000000e+00
4.560199999999999818e+02 5.500000000000000000e+01 7.000000000000000000e+00 1.000000000000000000e+00 0.000000000000000000e+00
4.607099999999999795e+02 5.300000000000000000e+01 3.400000000000000000e+01 1.000000000000000000e+00 0.000000000000000000e+00
4.640899999999999750e+02 5.400000000000000000e+01 2.000000000000000000e+01 0.000000000000000000e+00 0.000000000000000000e+00
4.645000000000000000e+02 4.900000000000000000e+01 3.100000000000000000e+01 1.000000000000000000e+00 0.000000000000000000e+00
4.653999999999999773e+02 5.300000000000000000e+01 3.000000000000000000e+01 1.000000000000000000e+00 0.000000000000000000e+00
4.658299999999999841e+02 5.000000000000000000e+01 3.800000000000000000e+01 0.000000000000000000e+00 0.000000000000000000e+00
4.676299999999999955e+02 5.100000000000000000e+01 3.500000000000000000e+01 0.000000000000000000e+00 0.000000000000000000e+00
4.716700000000000159e+02 5.800000000000000000e+01 3.400000000000000000e+01 0.000000000000000000e+00 0.000000000000000000e+00
4.771800000000000068e+02 5.400000000000000000e+01 3.600000000000000000e+01 0.000000000000000000e+00 0.000000000000000000e+00
4.793500000000000227e+02 5.300000000000000000e+01 2.900000000000000000e+01 1.000000000000000000e+00 0.000000000000000000e+00
4.794900000000000091e+02 5.200000000000000000e+01 3.600000000000000000e+01 0.000000000000000000e+00 0.000000000000000000e+00
4.815400000000000205e+02 5.300000000000000000e+01 3.200000000000000000e+01 0.000000000000000000e+00 0.000000000000000000e+00
4.828700000000000045e+02 5.200000000000000000e+01 2.900000000000000000e+01 1.000000000000000000e+00 0.000000000000000000e+00
4.836399999999999864e+02 5.400000000000000000e+01 2.300000000000000000e+01 0.000000000000000000e+00 0.000000000000000000e+00
4.844399999999999977e+02 5.500000000000000000e+01 3.400000000000000000e+01 0.000000000000000000e+00 0.000000000000000000e+00
4.856499999999999773e+02 5.100000000000000000e+01 3.900000000000000000e+01 0.000000000000000000e+00 0.000000000000000000e+00
4.861600000000000250e+02 5.400000000000000000e+01 4.000000000000000000e+01 0.000000000000000000e+00 0.000000000000000000e+00
4.885799999999999841e+02 5.400000000000000000e+01 2.900000000000000000e+01 1.000000000000000000e+00 0.000000000000000000e+00
4.925500000000000114e+02 4.800000000000000000e+01 3.400000000000000000e+01 0.000000000000000000e+00 0.000000000000000000e+00
4.944399999999999977e+02 5.700000000000000000e+01 3.800000000000000000e+01 0.000000000000000000e+00 0.000000000000000000e+00
4.955099999999999909e+02 5.300000000000000000e+01 3.800000000000000000e+01 0.000000000000000000e+00 0.000000000000000000e+00
4.969100000000000250e+02 5.500000000000000000e+01 3.300000000000000000e+01 0.000000000000000000e+00 0.000000000000000000e+00
4.971000000000000227e+02 5.400000000000000000e+01 3.700000000000000000e+01 0.000000000000000000e+00 0.000000000000000000e+00
4.979100000000000250e+02 5.800000000000000000e+01 3.800000000000000000e+01 0.000000000000000000e+00 0.000000000000000000e+00
4.996299999999999955e+02 5.500000000000000000e+01 2.900000000000000000e+01 1.000000000000000000e+00 0.000000000000000000e+00
4.996700000000000159e+02 2.600000000000000000e+01 6.000000000000000000e+00 0.000000000000000000e+00 0.000000000000000000e+00
4.998199999999999932e+02 5.500000000000000000e+01 4.000000000000000000e+01 0.000000000000000000e+00 0.000000000000000000e+00
5.020400000000000205e+02 5.900000000000000000e+01 3.200000000000000000e+01 1.000000000000000000e+00 0.000000000000000000e+00
5.031800000000000068e+02 4.900000000000000000e+01 3.700000000000000000e+01 0.000000000000000000e+00 0.000000000000000000e+00
5.041700000000000159e+02 5.200000000000000000e+01 3.800000000000000000e+01 0.000000000000000000e+00 0.000000000000000000e+00
5.042500000000000000e+02 5.200000000000000000e+01 3.900000000000000000e+01 0.000000000000000000e+00 0.000000000000000000e+00
5.051600000000000250e+02 5.700000000000000000e+01 3.400000000000000000e+01 0.000000000000000000e+00 0.000000000000000000e+00
5.053100000000000023e+02 5.300000000000000000e+01 3.700000000000000000e+01 0.000000000000000000e+00 0.000000000000000000e+00
5.053500000000000227e+02 5.400000000000000000e+01 3.400000000000000000e+01 0.000000000000000000e+00 0.000000000000000000e+00
5.057400000000000091e+02 5.300000000000000000e+01 3.600000000000000000e+01 0.000000000000000000e+00 0.000000000000000000e+00
5.060500000000000114e+02 5.300000000000000000e+01 2.800000000000000000e+01 1.000000000000000000e+00 0.000000000000000000e+00
5.065899999999999750e+02 5.300000000000000000e+01 4.000000000000000000e+01 0.000000000000000000e+00 0.000000000000000000e+00
5.068299999999999841e+02 5.100000000000000000e+01 3.000000000000000000e+01 1.000000000000000000e+00 0.000000000000000000e+00
5.085000000000000000e+02 5.600000000000000000e+01 3.900000000000000000e+01 0.000000000000000000e+00 0.000000000000000000e+00
5.091499999999999773e+02 5.800000000000000000e+01 3.600000000000000000e+01 0.000000000000000000e+00 0.000000000000000000e+00
5.103399999999999750e+02 5.100000000000000000e+01 3.800000000000000000e+01 0.000000000000000000e+00 0.000000000000000000e+00
5.109800000000000182e+02 5.400000000000000000e+01 1.600000000000000000e+01 0.000000000000000000e+00 0.000000000000000000e+00
5.114399999999999977e+02 5.700000000000000000e+01 3.000000000000000000e+01 1.000000000000000000e+00 0.000000000000000000e+00
5.116299999999999955e+02 5.400000000000000000e+01 2.500000000000000000e+01 0.000000000000000000e+00 0.000000000000000000e+00
5.124700000000000273e+02 5.500000000000000000e+01 3.900000000000000000e+01 0.000000000000000000e+00 0.000000000000000000e+00
5.131499999999999773e+02 5.900000000000000000e+01 3.100000000000000000e+01 1.000000000000000000e+00 0.000000000000000000e+00
5.144099999999999682e+02 5.900000000000000000e+01 2.100000000000000000e+01 1.000000000000000000e+00 0.000000000000000000e+00
5.170299999999999727e+02 4.900000000000000000e+01 3.200000000000000000e+01 1.000000000000000000e+00 0.000000000000000000e+00
5.177000000000000455e+02 5.400000000000000000e+01 3.700000000000000000e+01 0.000000000000000000e+00 0.000000000000000000e+00
5.178400000000000318e+02 5.000000000000000000e+01 3.800000000000000000e+01 0.000000000000000000e+00 0.000000000000000000e+00
5.189800000000000182e+02 5.100000000000000000e+01 3.900000000000000000e+01 0.000000000000000000e+00 0.000000000000000000e+00
5.190199999999999818e+02 4.900000000000000000e+01 3.600000000000000000e+01 0.000000000000000000e+00 0.000000000000000000e+00
5.190199999999999818e+02 5.400000000000000000e+01 4.000000000000000000e+01 0.000000000000000000e+00 0.000000000000000000e+00
5.228400000000000318e+02 5.300000000000000000e+01 2.900000000000000000e+01 1.000000000000000000e+00 0.000000000000000000e+00
5.230399999999999636e+02 5.600000000000000000e+01 3.700000000000000000e+01 0.000000000000000000e+00 0.000000000000000000e+00
5.232100000000000364e+02 5.100000000000000000e+01 2.900000000000000000e+01 1.000000000000000000e+00 0.000000000000000000e+00
5.269600000000000364e+02 5.300000000000000000e+01 3.500000000000000000e+01 0.000000000000000000e+00 0.000000000000000000e+00
5.300199999999999818e+02 5.700000000000000000e+01 3.900000000000000000e+01 0.000000000000000000e+00 0.000000000000000000e+00
5.335399999999999636e+02 5.800000000000000000e+01 3.000000000000000000e+01 1.000000000000000000e+00 0.000000000000000000e+00
5.338700000000000045e+02 5.200000000000000000e+01 4.000000000000000000e+01 0.000000000000000000e+00 0.000000000000000000e+00
5.364900000000000091e+02 5.600000000000000000e+01 2.900000000000000000e+01 1.000000000000000000e+00 0.000000000000000000e+00
5.365000000000000000e+02 5.600000000000000000e+01 2.900000000000000000e+01 1.000000000000000000e+00 0.000000000000000000e+00
5.365000000000000000e+02 5.600000000000000000e+01 2.900000000000000000e+01 1.000000000000000000e+00 0.000000000000000000e+00
5.380499999999999545e+02 5.400000000000000000e+01 3.900000000000000000e+01 0.000000000000000000e+00 0.000000000000000000e+00
5.398999999999999773e+02 5.500000000000000000e+01 4.000000000000000000e+01 0.000000000000000000e+00 0.000000000000000000e+00
5.403500000000000227e+02 5.300000000000000000e+01 4.000000000000000000e+01 0.000000000000000000e+00 0.000000000000000000e+00
5.417100000000000364e+02 5.000000000000000000e+01 3.600000000000000000e+01 0.000000000000000000e+00 0.000000000000000000e+00
5.421699999999999591e+02 5.400000000000000000e+01 3.700000000000000000e+01 0.000000000000000000e+00 0.000000000000000000e+00
5.423999999999999773e+02 5.000000000000000000e+01 3.000000000000000000e+01 1.000000000000000000e+00 0.000000000000000000e+00
5.424500000000000455e+02 5.500000000000000000e+01 3.300000000000000000e+01 0.000000000000000000e+00 0.000000000000000000e+00
5.436100000000000136e+02 5.700000000000000000e+01 3.400000000000000000e+01 0.000000000000000000e+00 0.000000000000000000e+00
5.437100000000000364e+02 5.800000000000000000e+01 3.300000000000000000e+01 0.000000000000000000e+00 0.000000000000000000e+00
5.437300000000000182e+02 4.900000000000000000e+01 3.700000000000000000e+01 0.000000000000000000e+00 0.000000000000000000e+00
5.454099999999999682e+02 5.000000000000000000e+01 3.100000000000000000e+01 1.000000000000000000e+00 0.000000000000000000e+00
5.472300000000000182e+02 4.900000000000000000e+01 3.800000000000000000e+01 0.000000000000000000e+00 0.000000000000000000e+00
5.506499999999999773e+02 5.400000000000000000e+01 3.400000000000000000e+01 0.000000000000000000e+00 0.000000000000000000e+00
5.532100000000000364e+02 7.900000000000000000e+01 4.000000000000000000e+00 0.000000000000000000e+00 0.000000000000000000e+00
5.548300000000000409e+02 5.800000000000000000e+01 3.800000000000000000e+01 0.000000000000000000e+00 0.000000000000000000e+00
5.551699999999999591e+02 5.400000000000000000e+01 1.900000000000000000e+01 0.000000000000000000e+00 0.000000000000000000e+00
5.564299999999999500e+02 5.200000000000000000e+01 4.000000000000000000e+01 0.000000000000000000e+00 0.000000000000000000e+00
5.565299999999999727e+02 5.100000000000000000e+01 3.000000000000000000e+01 1.000000000000000000e+00 0.000000000000000000e+00
5.565499999999999545e+02 5.800000000000000000e+01 3.100000000000000000e+01 1.000000000000000000e+00 0.000000000000000000e+00
5.573899999999999864e+02 5.300000000000000000e+01 3.400000000000000000e+01 0.000000000000000000e+00 0.000000000000000000e+00
5.588500000000000227e+02 5.900000000000000000e+01 3.600000000000000000e+01 0.000000000000000000e+00 0.000000000000000000e+00
5.606399999999999864e+02 5.400000000000000000e+01 4.000000000000000000e+01 0.000000000000000000e+00 0.000000000000000000e+00
5.608400000000000318e+02 5.100000000000000000e+01 3.600000000000000000e+01 0.000000000000000000e+00 0.000000000000000000e+00
5.618400000000000318e+02 5.600000000000000000e+01 2.800000000000000000e+01 1.000000000000000000e+00 0.000000000000000000e+00
5.633799999999999955e+02 5.500000000000000000e+01 1.000000000000000000e+00 1.000000000000000000e+00 0.000000000000000000e+00
5.637500000000000000e+02 5.700000000000000000e+01 3.000000000000000000e+01 1.000000000000000000e+00 0.000000000000000000e+00
5.649500000000000455e+02 5.600000000000000000e+01 3.300000000000000000e+01 0.000000000000000000e+00 0.000000000000000000e+00
5.654500000000000455e+02 5.400000000000000000e+01 3.300000000000000000e+01 0.000000000000000000e+00 0.000000000000000000e+00
5.658700000000000045e+02 5.300000000000000000e+01 2.900000000000000000e+01 1.000000000000000000e+00 0.000000000000000000e+00
5.688099999999999454e+02 5.600000000000000000e+01 3.800000000000000000e+01 0.000000000000000000e+00 0.000000000000000000e+00
5.689099999999999682e+02 5.000000000000000000e+01 3.900000000000000000e+01 0.000000000000000000e+00 0.000000000000000000e+00
5.755900000000000318e+02 4.900000000000000000e+01 3.200000000000000000e+01 1.000000000000000000e+00 0.000000000000000000e+00
5.770900000000000318e+02 5.500000000000000000e+01 2.900000000000000000e+01 1.000000000000000000e+00 0.000000000000000000e+00
5.776599999999999682e+02 5.500000000000000000e+01 4.000000000000000000e+01 0.000000000000000000e+00 0.000000000000000000e+00
5.783200000000000500e+02 5.500000000000000000e+01 6.000000000000000000e+00 1.000000000000000000e+00 0.000000000000000000e+00
5.788600000000000136e+02 5.200000000000000000e+01 4.000000000000000000e+01 0.000000000000000000e+00 0.000000000000000000e+00
5.789800000000000182e+02 5.900000000000000000e+01 3.300000000000000000e+01 1.000000000000000000e+00 0.000000000000000000e+00
5.826100000000000136e+02 5.500000000000000000e+01 3.400000000000000000e+01 1.000000000000000000e+00 0.000000000000000000e+00
5.839299999999999500e+02 5.600000000000000000e+01 4.000000000000000000e+01 0.000000000000000000e+00 0.000000000000000000e+00
5.890000000000000000e+02 4.900000000000000000e+01 3.800000000000000000e+01 0.000000000000000000e+00 0.000000000000000000e+00
5.894299999999999500e+02 4.900000000000000000e+01 3.000000000000000000e+01 1.000000000000000000e+00 0.000000000000000000e+00
5.903799999999999955e+02 5.400000000000000000e+01 2.500000000000000000e+01 1.000000000000000000e+00 0.000000000000000000e+00
5.946299999999999955e+02 5.300000000000000000e+01 3.400000000000000000e+01 0.000000000000000000e+00 0.000000000000000000e+00
5.946799999999999500e+02 5.300000000000000000e+01 4.000000000000000000e+01 0.000000000000000000e+00 0.000000000000000000e+00
5.952100000000000364e+02 5.400000000000000000e+01 1.800000000000000000e+01 0.000000000000000000e+00 0.000000000000000000e+00
5.955399999999999636e+02 5.000000000000000000e+01 3.100000000000000000e+01 1.000000000000000000e+00 0.000000000000000000e+00
5.964700000000000273e+02 5.400000000000000000e+01 4.000000000000000000e+01 0.000000000000000000e+00 0.000000000000000000e+00
5.970499999999999545e+02 5.200000000000000000e+01 2.900000000000000000e+01 1.000000000000000000e+00 0.000000000000000000e+00
5.984299999999999500e+02 5.200000000000000000e+01 3.900000000000000000e+01 0.000000000000000000e+00 0.000000000000000000e+00
6.011699999999999591e+02 5.200000000000000000e+01 4.000000000000000000e+01 0.000000000000000000e+00 0.000000000000000000e+00
6.067699999999999818e+02 5.400000000000000000e+01 2.500000000000000000e+01 0.000000000000000000e+00 0.000000000000000000e+00
6.074800000000000182e+02 5.200000000000000000e+01 3.000000000000000000e+01 1.000000000000000000e+00 0.000000000000000000e+00
6.091200000000000045e+02 5.500000000000000000e+01 4.000000000000000000e+01 0.000000000000000000e+00 0.000000000000000000e+00
6.101499999999999773e+02 5.600000000000000000e+01 3.000000000000000000e+01 1.000000000000000000e+00 0.000000000000000000e+00
6.107000000000000455e+02 5.600000000000000000e+01 3.900000000000000000e+01 0.000000000000000000e+00 0.000000000000000000e+00
6.112699999999999818e+02 4.900000000000000000e+01 3.800000000000000000e+01 0.000000000000000000e+00 0.000000000000000000e+00
6.118400000000000318e+02 5.100000000000000000e+01 3.000000000000000000e+01 1.000000000000000000e+00 0.000000000000000000e+00
6.120599999999999454e+02 5.800000000000000000e+01 3.500000000000000000e+01 0.000000000000000000e+00 0.000000000000000000e+00
6.135199999999999818e+02 5.700000000000000000e+01 3.900000000000000000e+01 0.000000000000000000e+00 0.000000000000000000e+00
6.161100000000000136e+02 5.400000000000000000e+01 2.300000000000000000e+01 0.000000000000000000e+00 0.000000000000000000e+00
6.190199999999999818e+02 5.600000000000000000e+01 4.000000000000000000e+01 0.000000000000000000e+00 0.000000000000000000e+00
6.194600000000000364e+02 5.100000000000000000e+01 3.900000000000000000e+01 0.000000000000000000e+00 0.000000000000000000e+00
6.203600000000000136e+02 5.100000000000000000e+01 3.400000000000000000e+01 0.000000000000000000e+00 0.000000000000000000e+00
6.258600000000000136e+02 5.000000000000000000e+01 3.900000000000000000e+01 0.000000000000000000e+00 0.000000000000000000e+00
6.268400000000000318e+02 5.000000000000000000e+01 3.800000000000000000e+01 0.000000000000000000e+00 0.000000000000000000e+00
6.278700000000000045e+02 5.700000000000000000e+01 3.600000000000000000e+01 0.000000000000000000e+00 0.000000000000000000e+00
6.292999999999999545e+02 5.000000000000000000e+01 3.400000000000000000e+01 0.000000000000000000e+00 0.000000000000000000e+00
6.327899999999999636e+02 5.800000000000000000e+01 3.100000000000000000e+01 1.000000000000000000e+00 0.000000000000000000e+00
6.337500000000000000e+02 5.400000000000000000e+01 3.800000000000000000e+01 0.000000000000000000e+00 0.000000000000000000e+00
6.342999999999999545e+02 4.900000000000000000e+01 3.800000000000000000e+01 0.000000000000000000e+00 0.000000000000000000e+00
6.384900000000000091e+02 5.700000000000000000e+01 2.900000000000000000e+01 1.000000000000000000e+00 0.000000000000000000e+00
6.398200000000000500e+02 5.300000000000000000e+01 3.700000000000000000e+01 0.000000000000000000e+00 0.000000000000000000e+00
6.420000000000000000e+02 5.500000000000000000e+01 3.800000000000000000e+01 0.000000000000000000e+00 0.000000000000000000e+00
6.424099999999999682e+02 4.900000000000000000e+01 3.600000000000000000e+01 0.000000000000000000e+00 0.000000000000000000e+00
6.431499999999999773e+02 5.700000000000000000e+01 3.000000000000000000e+01 1.000000000000000000e+00 0.000000000000000000e+00
6.458300000000000409e+02 5.700000000000000000e+01 4.000000000000000000e+01 0.000000000000000000e+00 0.000000000000000000e+00
6.461699999999999591e+02 5.100000000000000000e+01 4.000000000000000000e+01 0.000000000000000000e+00 0.000000000000000000e+00
6.476200000000000045e+02 5.500000000000000000e+01 0.000000000000000000e+00 1.000000000000000000e+00 0.000000000000000000e+00
6.495299999999999727e+02 5.200000000000000000e+01 3.100000000000000000e+01 0.000000000000000000e+00 0.000000000000000000e+00
6.507699999999999818e+02 5.200000000000000000e+01 3.700000000000000000e+01 0.000000000000000000e+00 0.000000000000000000e+00
6.524400000000000546e+02 5.600000000000000000e+01 3.400000000000000000e+01 0.000000000000000000e+00 0.000000000000000000e+00
6.546699999999999591e+02 4.900000000000000000e+01 3.200000000000000000e+01 1.000000000000000000e+00 0.000000000000000000e+00
6.547400000000000091e+02 5.400000000000000000e+01 2.200000000000000000e+01 0.000000000000000000e+00 0.000000000000000000e+00
6.547999999999999545e+02 5.400000000000000000e+01 3.700000000000000000e+01 0.000000000000000000e+00 0.000000000000000000e+00
6.566799999999999500e+02 5.000000000000000000e+01 3.100000000000000000e+01 1.000000000000000000e+00 0.000000000000000000e+00
6.584199999999999591e+02 4.800000000000000000e+01 3.500000000000000000e+01 0.000000000000000000e+00 0.000000000000000000e+00
6.584600000000000364e+02 5.400000000000000000e+01 4.100000000000000000e+01 0.000000000000000000e+00 0.000000000000000000e+00
6.590499999999999545e+02 5.300000000000000000e+01 2.900000000000000000e+01 1.000000000000000000e+00 0.000000000000000000e+00
6.590599999999999454e+02 5.300000000000000000e+01 2.900000000000000000e+01 1.000000000000000000e+00 0.000000000000000000e+00
6.595800000000000409e+02 5.600000000000000000e+01 3.000000000000000000e+01 1.000000000000000000e+00 0.000000000000000000e+00
6.615000000000000000e+02 5.300000000000000000e+01 3.100000000000000000e+01 1.000000000000000000e+00 0.000000000000000000e+00
6.643999999999999773e+02 5.200000000000000000e+01 3.000000000000000000e+01 1.000000000000000000e+00 0.000000000000000000e+00
6.673700000000000045e+02 5.400000000000000000e+01 2.100000000000000000e+01 0.000000000000000000e+00 0.000000000000000000e+00
6.674800000000000182e+02 5.100000000000000000e+01 3.900000000000000000e+01 0.000000000000000000e+00 0.000000000000000000e+00
6.683500000000000227e+02 5.100000000000000000e+01 3.500000000000000000e+01 0.000000000000000000e+00 0.000000000000000000e+00
6.704900000000000091e+02 5.300000000000000000e+01 4.100000000000000000e+01 0.000000000000000000e+00 0.000000000000000000e+00
6.729600000000000364e+02 5.500000000000000000e+01 3.000000000000000000e+01 1.000000000000000000e+00 0.000000000000000000e+00
6.752200000000000273e+02 5.500000000000000000e+01 2.900000000000000000e+01 1.000000000000000000e+00 0.000000000000000000e+00
6.796399999999999864e+02 5.300000000000000000e+01 3.900000000000000000e+01 0.000000000000000000e+00 0.000000000000000000e+00
6.813799999999999955e+02 5.200000000000000000e+01 4.000000000000000000e+01 0.000000000000000000e+00 0.000000000000000000e+00
6.815900000000000318e+02 5.800000000000000000e+01 3.900000000000000000e+01 0.000000000000000000e+00 0.000000000000000000e+00
6.817799999999999727e+02 5.900000000000000000e+01 3.700000000000000000e+01 0.000000000000000000e+00 0.000000000000000000e+00
6.825599999999999454e+02 5.500000000000000000e+01 3.400000000000000000e+01 0.000000000000000000e+00 0.000000000000000000e+00
6.830000000000000000e+02 5.700000000000000000e+01 3.800000000000000000e+01 0.000000000000000000e+00 0.000000000000000000e+00
6.832500000000000000e+02 5.700000000000000000e+01 4.000000000000000000e+01 0.000000000000000000e+00 0.000000000000000000e+00
6.836299999999999955e+02 5.100000000000000000e+01 4.000000000000000000e+01 0.000000000000000000e+00 0.000000000000000000e+00
6.838799999999999955e+02 5.600000000000000000e+01 3.900000000000000000e+01 0.000000000000000000e+00 0.000000000000000000e+00
6.846499999999999773e+02 5.300000000000000000e+01 3.500000000000000000e+01 1.000000000000000000e+00 0.000000000000000000e+00
6.847799999999999727e+02 5.200000000000000000e+01 3.500000000000000000e+01 1.000000000000000000e+00 0.000000000000000000e+00
6.847799999999999727e+02 5.100000000000000000e+01 3.700000000000000000e+01 0.000000000000000000e+00 0.000000000000000000e+00
6.863300000000000409e+02 5.200000000000000000e+01 3.000000000000000000e+01 1.000000000000000000e+00 0.000000000000000000e+00
6.877699999999999818e+02 5.500000000000000000e+01 4.100000000000000000e+01 0.000000000000000000e+00 0.000000000000000000e+00
6.888700000000000045e+02 5.200000000000000000e+01 4.100000000000000000e+01 0.000000000000000000e+00 0.000000000000000000e+00
6.910900000000000318e+02 5.400000000000000000e+01 4.100000000000000000e+01 0.000000000000000000e+00 0.000000000000000000e+00
6.932100000000000364e+02 4.900000000000000000e+01 3.800000000000000000e+01 0.000000000000000000e+00 0.000000000000000000e+00
6.937999999999999545e+02 5.300000000000000000e+01 4.000000000000000000e+01 0.000000000000000000e+00 0.000000000000000000e+00
6.938099999999999454e+02 5.400000000000000000e+01 1.800000000000000000e+01 0.000000000000000000e+00 0.000000000000000000e+00
6.944700000000000273e+02 5.300000000000000000e+01 3.000000000000000000e+01 1.000000000000000000e+00 0.000000000000000000e+00
6.954700000000000273e+02 5.000000000000000000e+01 3.900000000000000000e+01 0.000000000000000000e+00 0.000000000000000000e+00
6.958300000000000409e+02 5.000000000000000000e+01 4.000000000000000000e+01 0.000000000000000000e+00 0.000000000000000000e+00
6.985399999999999636e+02 5.500000000000000000e+01 3.500000000000000000e+01 0.000000000000000000e+00 0.000000000000000000e+00
6.995900000000000318e+02 5.400000000000000000e+01 3.000000000000000000e+01 1.000000000000000000e+00 0.000000000000000000e+00
7.012400000000000091e+02 2.700000000000000000e+01 1.200000000000000000e+01 0.000000000000000000e+00 0.000000000000000000e+00
7.017200000000000273e+02 5.300000000000000000e+01 4.100000000000000000e+01 0.000000000000000000e+00 0.000000000000000000e+00
7.026799999999999500e+02 5.500000000000000000e+01 3.300000000000000000e+01 0.000000000000000000e+00 0.000000000000000000e+00
7.043999999999999773e+02 5.400000000000000000e+01 1.700000000000000000e+01 0.000000000000000000e+00 0.000000000000000000e+00
7.083500000000000227e+02 5.500000000000000000e+01 5.000000000000000000e+00 1.000000000000000000e+00 0.000000000000000000e+00
7.090099999999999909e+02 5.500000000000000000e+01 3.700000000000000000e+01 0.000000000000000000e+00 0.000000000000000000e+00
7.102100000000000364e+02 5.200000000000000000e+01 3.400000000000000000e+01 0.000000000000000000e+00 0.000000000000000000e+00
7.114800000000000182e+02 5.600000000000000000e+01 3.800000000000000000e+01 0.000000000000000000e+00 0.000000000000000000e+00
7.145399999999999636e+02 5.400000000000000000e+01 4.000000000000000000e+01 0.000000000000000000e+00 0.000000000000000000e+00
7.161900000000000546e+02 5.500000000000000000e+01 3.900000000000000000e+01 0.000000000000000000e+00 0.000000000000000000e+00
7.197400000000000091e+02 4.900000000000000000e+01 3.700000000000000000e+01 0.000000000000000000e+00 0.000000000000000000e+00
7.205700000000000500e+02 5.700000000000000000e+01 4.000000000000000000e+01 0.000000000000000000e+00 0.000000000000000000e+00
7.218600000000000136e+02 4.800000000000000000e+01 3.600000000000000000e+01 0.000000000000000000e+00 0.000000000000000000e+00
7.233999999999999773e+02 5.800000000000000000e+01 3.700000000000000000e+01 0.000000000000000000e+00 0.000000000000000000e+00
7.257500000000000000e+02 5.200000000000000000e+01 4.100000000000000000e+01 0.000000000000000000e+00 0.000000000000000000e+00
7.258600000000000136e+02 5.500000000000000000e+01 4.100000000000000000e+01 0.000000000000000000e+00 0.000000000000000000e+00
7.285900000000000318e+02 5.800000000000000000e+01 3.200000000000000000e+01 1.000000000000000000e+00 0.000000000000000000e+00
7.292100000000000364e+02 5.900000000000000000e+01 3.800000000000000000e+01 0.000000000000000000e+00 0.000000000000000000e+00
7.299900000000000091e+02 5.000000000000000000e+01 4.000000000000000000e+01 0.000000000000000000e+00 0.000000000000000000e+00
7.303999999999999773e+02 5.400000000000000000e+01 3.300000000000000000e+01 0.000000000000000000e+00 0.000000000000000000e+00
7.312100000000000364e+02 5.900000000000000000e+01 3.400000000000000000e+01 1.000000000000000000e+00 0.000000000000000000e+00
7.315299999999999727e+02 5.200000000000000000e+01 3.400000000000000000e+01 0.000000000000000000e+00 0.000000000000000000e+00
7.315700000000000500e+02 5.300000000000000000e+01 3.000000000000000000e+01 1.000000000000000000e+00 0.000000000000000000e+00
7.317699999999999818e+02 5.800000000000000000e+01 3.900000000000000000e+01 0.000000000000000000e+00 0.000000000000000000e+00
7.332400000000000091e+02 5.400000000000000000e+01 3.000000000000000000e+01 1.000000000000000000e+00 0.000000000000000000e+00
7.345000000000000000e+02 5.300000000000000000e+01 3.400000000000000000e+01 0.000000000000000000e+00 0.000000000000000000e+00
7.348600000000000136e+02 5.500000000000000000e+01 3.000000000000000000e+01 1.000000000000000000e+00 0.000000000000000000e+00
7.350800000000000409e+02 5.300000000000000000e+01 3.500000000000000000e+01 0.000000000000000000e+00 0.000000000000000000e+00
7.369800000000000182e+02 5.700000000000000000e+01 3.100000000000000000e+01 1.000000000000000000e+00 0.000000000000000000e+00
7.398099999999999454e+02 5.600000000000000000e+01 4.000000000000000000e+01 0.000000000000000000e+00 0.000000000000000000e+00
7.423700000000000045e+02 5.100000000000000000e+01 3.100000000000000000e+01 1.000000000000000000e+00 0.000000000000000000e+00
7.456699999999999591e+02 5.300000000000000000e+01 3.800000000000000000e+01 0.000000000000000000e+00 0.000000000000000000e+00
7.480199999999999818e+02 4.800000000000000000e+01 3.700000000000000000e+01 0.000000000000000000e+00 0.000000000000000000e+00
7.481200000000000045e+02 5.000000000000000000e+01 4.000000000000000000e+01 0.000000000000000000e+00 0.000000000000000000e+00
7.488200000000000500e+02 5.200000000000000000e+01 3.000000000000000000e+01 1.000000000000000000e+00 0.000000000000000000e+00
7.517500000000000000e+02 5.600000000000000000e+01 3.000000000000000000e+01 1.000000000000000000e+00 0.000000000000000000e+00
7.529400000000000546e+02 4.900000000000000000e+01 3.900000000000000000e+01 0.000000000000000000e+00 0.000000000000000000e+00
7.540299999999999727e+02 5.000000000000000000e+01 3.100000000000000000e+01 1.000000000000000000e+00 0.000000000000000000e+00
7.543099999999999454e+02 4.800000000000000000e+01 3.600000000000000000e+01 0.000000000000000000e+00 0.000000000000000000e+00
7.552500000000000000e+02 5.100000000000000000e+01 4.000000000000000000e+01 0.000000000000000000e+00 0.000000000000000000e+00
7.554099999999999682e+02 5.400000000000000000e+01 2.400000000000000000e+01 0.000000000000000000e+00 0.000000000000000000e+00
7.560700000000000500e+02 5.200000000000000000e+01 4.100000000000000000e+01 0.000000000000000000e+00 0.000000000000000000e+00
7.588300000000000409e+02 5.300000000000000000e+01 4.100000000000000000e+01 0.000000000000000000e+00 0.000000000000000000e+00
7.650299999999999727e+02 5.300000000000000000e+01 3.500000000000000000e+01 0.000000000000000000e+00 0.000000000000000000e+00
7.665199999999999818e+02 5.300000000000000000e+01 3.800000000000000000e+01 0.000000000000000000e+00 0.000000000000000000e+00
7.678300000000000409e+02 5.000000000000000000e+01 3.700000000000000000e+01 0.000000000000000000e+00 0.000000000000000000e+00
7.682899999999999636e+02 5.200000000000000000e+01 3.900000000000000000e+01 0.000000000000000000e+00 0.000000000000000000e+00
7.690299999999999727e+02 5.400000000000000000e+01 1.600000000000000000e+01 0.000000000000000000e+00 0.000000000000000000e+00
7.722599999999999909e+02 5.000000000000000000e+01 3.200000000000000000e+01 1.000000000000000000e+00 0.000000000000000000e+00
7.772899999999999636e+02 5.100000000000000000e+01 3.100000000000000000e+01 1.000000000000000000e+00 0.000000000000000000e+00
7.772999999999999545e+02 5.100000000000000000e+01 3.100000000000000000e+01 1.000000000000000000e+00 0.000000000000000000e+00
7.773500000000000227e+02 4.900000000000000000e+01 3.300000000000000000e+01 1.000000000000000000e+00 0.000000000000000000e+00
7.774299999999999500e+02 5.000000000000000000e+01 4.000000000000000000e+01 0.000000000000000000e+00 0.000000000000000000e+00
7.777000000000000455e+02 5.900000000000000000e+01 3.800000000000000000e+01 0.000000000000000000e+00 0.000000000000000000e+00
7.781799999999999500e+02 5.400000000000000000e+01 3.500000000000000000e+01 0.000000000000000000e+00 0.000000000000000000e+00
7.782799999999999727e+02 5.600000000000000000e+01 4.100000000000000000e+01 0.000000000000000000e+00 0.000000000000000000e+00
7.805199999999999818e+02 4.800000000000000000e+01 3.700000000000000000e+01 0.000000000000000000e+00 0.000000000000000000e+00
7.829099999999999682e+02 5.600000000000000000e+01 3.900000000000000000e+01 0.000000000000000000e+00 0.000000000000000000e+00
7.837400000000000091e+02 5.400000000000000000e+01 3.100000000000000000e+01 1.000000000000000000e+00 0.000000000000000000e+00
7.837999999999999545e+02 4.800000000000000000e+01 3.500000000000000000e+01 0.000000000000000000e+00 0.000000000000000000e+00
7.843099999999999454e+02 5.200000000000000000e+01 4.000000000000000000e+01 0.000000000000000000e+00 0.000000000000000000e+00
7.855099999999999909e+02 5.100000000000000000e+01 3.000000000000000000e+01 1.000000000000000000e+00 0.000000000000000000e+00
7.857599999999999909e+02 5.700000000000000000e+01 3.900000000000000000e+01 0.000000000000000000e+00 0.000000000000000000e+00
7.875399999999999636e+02 5.300000000000000000e+01 3.000000000000000000e+01 1.000000000000000000e+00 0.000000000000000000e+00
7.879099999999999682e+02 5.500000000000000000e+01 3.900000000000000000e+01 0.000000000000000000e+00 0.000000000000000000e+00
7.885599999999999454e+02 5.800000000000000000e+01 3.500000000000000000e+01 0.000000000000000000e+00 0.000000000000000000e+00
7.886799999999999500e+02 5.300000000000000000e+01 3.800000000000000000e+01 0.000000000000000000e+00 0.000000000000000000e+00
7.917899999999999636e+02 5.700000000000000000e+01 3.500000000000000000e+01 0.000000000000000000e+00 0.000000000000000000e+00
7.919800000000000182e+02 5.400000000000000000e+01 4.100000000000000000e+01 0.000000000000000000e+00 0.000000000000000000e+00
7.967899999999999636e+02 5.000000000000000000e+01 3.500000000000000000e+01 0.000000000000000000e+00 0.000000000000000000e+00
7.971699999999999591e+02 5.900000000000000000e+01 3.600000000000000000e+01 0.000000000000000000e+00 0.000000000000000000e+00
7.986100000000000136e+02 5.100000000000000000e+01 4.100000000000000000e+01 0.000000000000000000e+00 0.000000000000000000e+00
8.007699999999999818e+02 5.100000000000000000e+01 4.000000000000000000e+01 0.000000000000000000e+00 0.000000000000000000e+00
8.008400000000000318e+02 5.500000000000000000e+01 3.700000000000000000e+01 1.000000000000000000e+00 0.000000000000000000e+00
8.008500000000000227e+02 5.500000000000000000e+01 3.700000000000000000e+01 1.000000000000000000e+00 0.000000000000000000e+00
8.009299999999999500e+02 5.900000000000000000e+01 3.300000000000000000e+01 1.000000000000000000e+00 0.000000000000000000e+00
8.017999999999999545e+02 5.500000000000000000e+01 3.000000000000000000e+01 1.000000000000000000e+00 0.000000000000000000e+00
8.026900000000000546e+02 5.700000000000000000e+01 3.100000000000000000e+01 1.000000000000000000e+00 0.000000000000000000e+00
8.027400000000000091e+02 5.700000000000000000e+01 3.400000000000000000e+01 0.000000000000000000e+00 0.000000000000000000e+00
8.031499999999999773e+02 5.800000000000000000e+01 3.200000000000000000e+01 1.000000000000000000e+00 0.000000000000000000e+00
8.099800000000000182e+02 5.800000000000000000e+01 3.200000000000000000e+01 1.000000000000000000e+00 0.000000000000000000e+00
8.100499999999999545e+02 5.600000000000000000e+01 3.100000000000000000e+01 1.000000000000000000e+00 0.000000000000000000e+00
8.113600000000000136e+02 5.400000000000000000e+01 1.500000000000000000e+01 0.000000000000000000e+00 0.000000000000000000e+00
8.120800000000000409e+02 4.800000000000000000e+01 3.600000000000000000e+01 0.000000000000000000e+00 0.000000000000000000e+00
8.147699999999999818e+02 5.700000000000000000e+01 3.700000000000000000e+01 0.000000000000000000e+00 0.000000000000000000e+00
8.150000000000000000e+02 5.500000000000000000e+01 2.800000000000000000e+01 1.000000000000000000e+00 0.000000000000000000e+00
8.157999999999999545e+02 5.500000000000000000e+01 4.100000000000000000e+01 0.000000000000000000e+00 0.000000000000000000e+00
8.170800000000000409e+02 5.100000000000000000e+01 3.100000000000000000e+01 1.000000000000000000e+00 0.000000000000000000e+00
8.182999999999999545e+02 5.400000000000000000e+01 1.900000000000000000e+01 0.000000000000000000e+00 0.000000000000000000e+00
8.186900000000000546e+02 5.800000000000000000e+01 4.000000000000000000e+01 0.000000000000000000e+00 0.000000000000000000e+00
8.188799999999999955e+02 5.200000000000000000e+01 4.100000000000000000e+01 0.000000000000000000e+00 0.000000000000000000e+00
8.197200000000000273e+02 5.700000000000000000e+01 4.000000000000000000e+01 0.000000000000000000e+00 0.000000000000000000e+00
8.211799999999999500e+02 5.500000000000000000e+01 3.900000000000000000e+01 0.000000000000000000e+00 0.000000000000000000e+00
8.229800000000000182e+02 5.400000000000000000e+01 3.400000000000000000e+01 0.000000000000000000e+00 0.000000000000000000e+00
8.254800000000000182e+02 5.900000000000000000e+01 3.800000000000000000e+01 0.000000000000000000e+00 0.000000000000000000e+00
8.255900000000000318e+02 5.100000000000000000e+01 3.800000000000000000e+01 0.000000000000000000e+00 0.000000000000000000e+00
8.257500000000000000e+02 5.300000000000000000e+01 3.500000000000000000e+01 0.000000000000000000e+00 0.000000000000000000e+00
8.264700000000000273e+02 5.100000000000000000e+01 3.500000000000000000e+01 0.000000000000000000e+00 0.000000000000000000e+00
8.281499999999999773e+02 5.600000000000000000e+01 4.000000000000000000e+01 0.000000000000000000e+00 0.000000000000000000e+00
8.282500000000000000e+02 5.200000000000000000e+01 3.500000000000000000e+01 0.000000000000000000e+00 0.000000000000000000e+00
8.283799999999999955e+02 4.800000000000000000e+01 3.700000000000000000e+01 0.000000000000000000e+00 0.000000000000000000e+00
8.320000000000000000e+02 5.100000000000000000e+01 4.100000000000000000e+01 0.000000000000000000e+00 0.000000000000000000e+00
8.368099999999999454e+02 4.900000000000000000e+01 3.900000000000000000e+01 0.000000000000000000e+00 0.000000000000000000e+00
8.409500000000000455e+02 4.900000000000000000e+01 4.000000000000000000e+01 0.000000000000000000e+00 0.000000000000000000e+00
8.427000000000000455e+02 4.800000000000000000e+01 3.800000000000000000e+01 0.000000000000000000e+00 0.000000000000000000e+00
8.434299999999999500e+02 5.000000000000000000e+01 3.200000000000000000e+01 1.000000000000000000e+00 0.000000000000000000e+00
8.439900000000000091e+02 5.400000000000000000e+01 3.900000000000000000e+01 0.000000000000000000e+00 0.000000000000000000e+00
8.453999999999999773e+02 5.400000000000000000e+01 2.000000000000000000e+01 0.000000000000000000e+00 0.000000000000000000e+00
8.466499999999999773e+02 5.600000000000000000e+01 3.500000000000000000e+01 0.000000000000000000e+00 0.000000000000000000e+00
8.483500000000000227e+02 5.800000000000000000e+01 4.000000000000000000e+01 0.000000000000000000e+00 0.000000000000000000e+00
8.486799999999999500e+02 5.700000000000000000e+01 4.100000000000000000e+01 0.000000000000000000e+00 0.000000000000000000e+00
8.487799999999999727e+02 5.600000000000000000e+01 3.200000000000000000e+01 0.000000000000000000e+00 0.000000000000000000e+00
8.503200000000000500e+02 5.600000000000000000e+01 3.100000000000000000e+01 1.000000000000000000e+00 0.000000000000000000e+00
8.520399999999999636e+02 5.300000000000000000e+01 4.200000000000000000e+01 0.000000000000000000e+00 0.000000000000000000e+00
8.528099999999999454e+02 5.000000000000000000e+01 4.100000000000000000e+01 0.000000000000000000e+00 0.000000000000000000e+00
8.530900000000000318e+02 5.200000000000000000e+01 3.500000000000000000e+01 0.000000000000000000e+00 0.000000000000000000e+00
8.538999999999999773e+02 5.500000000000000000e+01 4.200000000000000000e+01 0.000000000000000000e+00 0.000000000000000000e+00
8.544199999999999591e+02 5.900000000000000000e+01 3.700000000000000000e+01 0.000000000000000000e+00 0.000000000000000000e+00
8.572799999999999727e+02 5.400000000000000000e+01 4.200000000000000000e+01 0.000000000000000000e+00 0.000000000000000000e+00
8.573700000000000045e+02 5.400000000000000000e+01 3.800000000000000000e+01 0.000000000000000000e+00 0.000000000000000000e+00
8.575000000000000000e+02 5.200000000000000000e+01 3.100000000000000000e+01 1.000000000000000000e+00 0.000000000000000000e+00
8.576100000000000136e+02 5.200000000000000000e+01 3.200000000000000000e+01 0.000000000000000000e+00 0.000000000000000000e+00
8.584600000000000364e+02 5.200000000000000000e+01 4.200000000000000000e+01 0.000000000000000000e+00 0.000000000000000000e+00
8.600800000000000409e+02 2.100000000000000000e+01 5.000000000000000000e+01 0.000000000000000000e+00 0.000000000000000000e+00
8.617300000000000182e+02 4.900000000000000000e+01 3.300000000000000000e+01 1.000000000000000000e+00 0.000000000000000000e+00
8.619600000000000364e+02 4.900000000000000000e+01 4.000000000000000000e+01 0.000000000000000000e+00 0.000000000000000000e+00
8.621299999999999955e+02 5.100000000000000000e+01 3.600000000000000000e+01 0.000000000000000000e+00 0.000000000000000000e+00
8.625700000000000500e+02 5.000000000000000000e+01 3.200000000000000000e+01 1.000000000000000000e+00 0.000000000000000000e+00
8.645299999999999727e+02 5.100000000000000000e+01 4.000000000000000000e+01 0.000000000000000000e+00 0.000000000000000000e+00
8.699900000000000091e+02 5.000000000000000000e+01 4.000000000000000000e+01 0.000000000000000000e+00 0.000000000000000000e+00
8.720900000000000318e+02 4.800000000000000000e+01 3.700000000000000000e+01 0.000000000000000000e+00 0.000000000000000000e+00
8.723899999999999864e+02 5.200000000000000000e+01 3.500000000000000000e+01 0.000000000000000000e+00 0.000000000000000000e+00
8.733899999999999864e+02 4.900000000000000000e+01 3.900000000000000000e+01 0.000000000000000000e+00 0.000000000000000000e+00
8.745700000000000500e+02 5.600000000000000000e+01 4.100000000000000000e+01 0.000000000000000000e+00 0.000000000000000000e+00
8.766100000000000136e+02 5.400000000000000000e+01 3.900000000000000000e+01 0.000000000000000000e+00 0.000000000000000000e+00
8.770700000000000500e+02 4.900000000000000000e+01 3.100000000000000000e+01 1.000000000000000000e+00 0.000000000000000000e+00
8.781699999999999591e+02 5.300000000000000000e+01 4.100000000000000000e+01 0.000000000000000000e+00 0.000000000000000000e+00
8.783400000000000318e+02 5.300000000000000000e+01 3.600000000000000000e+01 1.000000000000000000e+00 0.000000000000000000e+00
8.783799999999999955e+02 5.300000000000000000e+01 4.200000000000000000e+01 0.000000000000000000e+00 0.000000000000000000e+00
8.796599999999999682e+02 5.100000000000000000e+01 4.100000000000000000e+01 0.000000000000000000e+00 0.000000000000000000e+00
8.815800000000000409e+02 5.800000000000000000e+01 3.600000000000000000e+01 0.000000000000000000e+00 0.000000000000000000e+00
8.852899999999999636e+02 5.200000000000000000e+01 4.200000000000000000e+01 0.000000000000000000e+00 0.000000000000000000e+00
8.870099999999999909e+02 5.500000000000000000e+01 3.000000000000000000e+01 1.000000000000000000e+00 0.000000000000000000e+00
8.876900000000000546e+02 5.500000000000000000e+01 3.000000000000000000e+00 1.000000000000000000e+00 0.000000000000000000e+00
8.882799999999999727e+02 5.000000000000000000e+01 4.100000000000000000e+01 0.000000000000000000e+00 0.000000000000000000e+00
8.884299999999999500e+02 5.400000000000000000e+01 3.600000000000000000e+01 1.000000000000000000e+00 0.000000000000000000e+00
8.890800000000000409e+02 4.900000000000000000e+01 4.000000000000000000e+01 0.000000000000000000e+00 0.000000000000000000e+00
8.901000000000000227e+02 4.800000000000000000e+01 3.800000000000000000e+01 0.000000000000000000e+00 0.000000000000000000e+00
8.901100000000000136e+02 5.200000000000000000e+01 3.100000000000000000e+01 1.000000000000000000e+00 0.000000000000000000e+00
8.901399999999999864e+02 5.500000000000000000e+01 4.200000000000000000e+01 0.000000000000000000e+00 0.000000000000000000e+00
8.924700000000000273e+02 5.200000000000000000e+01 3.500000000000000000e+01 0.000000000000000000e+00 0.000000000000000000e+00
8.932000000000000455e+02 5.900000000000000000e+01 3.200000000000000000e+01 1.000000000000000000e+00 0.000000000000000000e+00
8.936399999999999864e+02 5.000000000000000000e+01 2.800000000000000000e+01 1.000000000000000000e+00 0.000000000000000000e+00
8.974500000000000455e+02 5.500000000000000000e+01 4.000000000000000000e+01 0.000000000000000000e+00 0.000000000000000000e+00
8.979900000000000091e+02 4.900000000000000000e+01 3.200000000000000000e+01 1.000000000000000000e+00 0.000000000000000000e+00
9.004600000000000364e+02 5.500000000000000000e+01 3.600000000000000000e+01 0.000000000000000000e+00 0.000000000000000000e+00
9.006299999999999955e+02 5.400000000000000000e+01 4.200000000000000000e+01 0.000000000000000000e+00 0.000000000000000000e+00
9.014199999999999591e+02 5.400000000000000000e+01 2.300000000000000000e+01 0.000000000000000000e+00 0.000000000000000000e+00
9.024099999999999682e+02 5.500000000000000000e+01 3.100000000000000000e+01 1.000000000000000000e+00 0.000000000000000000e+00
9.042200000000000273e+02 5.400000000000000000e+01 2.400000000000000000e+01 0.000000000000000000e+00 0.000000000000000000e+00
9.049099999999999682e+02 5.800000000000000000e+01 3.800000000000000000e+01 0.000000000000000000e+00 0.000000000000000000e+00
9.065099999999999909e+02 2.300000000000000000e+01 7.200000000000000000e+01 0.000000000000000000e+00 0.000000000000000000e+00
9.070700000000000500e+02 5.800000000000000000e+01 4.000000000000000000e+01 0.000000000000000000e+00 0.000000000000000000e+00
9.081399999999999864e+02 5.200000000000000000e+01 3.600000000000000000e+01 1.000000000000000000e+00 0.000000000000000000e+00
9.108999999999999773e+02 5.600000000000000000e+01 4.000000000000000000e+01 0.000000000000000000e+00 0.000000000000000000e+00
9.110499999999999545e+02 5.300000000000000000e+01 4.200000000000000000e+01 0.000000000000000000e+00 0.000000000000000000e+00
9.115099999999999909e+02 4.800000000000000000e+01 3.700000000000000000e+01 0.000000000000000000e+00 0.000000000000000000e+00
9.127100000000000364e+02 5.700000000000000000e+01 4.100000000000000000e+01 0.000000000000000000e+00 0.000000000000000000e+00
9.137400000000000091e+02 5.200000000000000000e+01 4.200000000000000000e+01 0.000000000000000000e+00 0.000000000000000000e+00
9.148600000000000136e+02 5.600000000000000000e+01 4.200000000000000000e+01 0.000000000000000000e+00 0.000000000000000000e+00
9.176699999999999591e+02 5.000000000000000000e+01 4.100000000000000000e+01 0.000000000000000000e+00 0.000000000000000000e+00
9.187300000000000182e+02 5.900000000000000000e+01 3.900000000000000000e+01 0.000000000000000000e+00 0.000000000000000000e+00
9.215000000000000000e+02 5.200000000000000000e+01 3.000000000000000000e+01 1.000000000000000000e+00 0.000000000000000000e+00
9.216900000000000546e+02 5.100000000000000000e+01 3.200000000000000000e+01 1.000000000000000000e+00 0.000000000000000000e+00
9.220199999999999818e+02 4.900000000000000000e+01 4.000000000000000000e+01 0.000000000000000000e+00 0.000000000000000000e+00
9.230599999999999454e+02 4.900000000000000000e+01 3.800000000000000000e+01 0.000000000000000000e+00 0.000000000000000000e+00
9.233200000000000500e+02 4.800000000000000000e+01 3.800000000000000000e+01 0.000000000000000000e+00 0.000000000000000000e+00
9.252699999999999818e+02 4.800000000000000000e+01 3.900000000000000000e+01 0.000000000000000000e+00 0.000000000000000000e+00
9.256299999999999955e+02 5.500000000000000000e+01 2.000000000000000000e+00 1.000000000000000000e+00 0.000000000000000000e+00
9.265499999999999545e+02 5.300000000000000000e+01 3.200000000000000000e+01 1.000000000000000000e+00 0.000000000000000000e+00
9.279700000000000273e+02 5.000000000000000000e+01 3.200000000000000000e+01 1.000000000000000000e+00 0.000000000000000000e+00
9.296100000000000136e+02 5.400000000000000000e+01 3.100000000000000000e+01 1.000000000000000000e+00 0.000000000000000000e+00
9.321799999999999500e+02 5.400000000000000000e+01 4.100000000000000000e+01 0.000000000000000000e+00 0.000000000000000000e+00
9.322500000000000000e+02 5.500000000000000000e+01 4.200000000000000000e+01 0.000000000000000000e+00 0.000000000000000000e+00
9.325000000000000000e+02 5.400000000000000000e+01 1.700000000000000000e+01 0.000000000000000000e+00 0.000000000000000000e+00
9.331799999999999500e+02 5.500000000000000000e+01 3.400000000000000000e+01 0.000000000000000000e+00 0.000000000000000000e+00
9.337699999999999818e+02 5.400000000000000000e+01 3.700000000000000000e+01 1.000000000000000000e+00 0.000000000000000000e+00
9.349500000000000455e+02 5.500000000000000000e+01 3.500000000000000000e+01 0.000000000000000000e+00 0.000000000000000000e+00
9.361799999999999500e+02 5.300000000000000000e+01 3.100000000000000000e+01 1.000000000000000000e+00 0.000000000000000000e+00
9.368600000000000136e+02 5.400000000000000000e+01 1.000000000000000000e+01 0.000000000000000000e+00 0.000000000000000000e+00
9.371699999999999591e+02 5.000000000000000000e+01 3.800000000000000000e+01 0.000000000000000000e+00 0.000000000000000000e+00
9.379099999999999682e+02 5.300000000000000000e+01 3.600000000000000000e+01 0.000000000000000000e+00 0.000000000000000000e+00
9.381100000000000136e+02 5.300000000000000000e+01 4.100000000000000000e+01 0.000000000000000000e+00 0.000000000000000000e+00
9.393099999999999454e+02 5.700000000000000000e+01 3.200000000000000000e+01 1.000000000000000000e+00 0.000000000000000000e+00
9.402500000000000000e+02 5.500000000000000000e+01 3.100000000000000000e+01 1.000000000000000000e+00 0.000000000000000000e+00
9.403200000000000500e+02 5.300000000000000000e+01 3.000000000000000000e+01 1.000000000000000000e+00 0.000000000000000000e+00
9.428799999999999955e+02 5.300000000000000000e+01 3.500000000000000000e+01 0.000000000000000000e+00 0.000000000000000000e+00
9.451499999999999773e+02 4.900000000000000000e+01 3.300000000000000000e+01 1.000000000000000000e+00 0.000000000000000000e+00
9.457400000000000091e+02 5.600000000000000000e+01 3.100000000000000000e+01 1.000000000000000000e+00 0.000000000000000000e+00
9.473200000000000500e+02 5.800000000000000000e+01 3.300000000000000000e+01 1.000000000000000000e+00 0.000000000000000000e+00
9.475099999999999909e+02 4.900000000000000000e+01 3.700000000000000000e+01 0.000000000000000000e+00 0.000000000000000000e+00
9.487699999999999818e+02 5.100000000000000000e+01 4.100000000000000000e+01 0.000000000000000000e+00 0.000000000000000000e+00
9.496000000000000227e+02 5.800000000000000000e+01 3.200000000000000000e+01 1.000000000000000000e+00 0.000000000000000000e+00
9.505299999999999727e+02 5.900000000000000000e+01 3.400000000000000000e+01 1.000000000000000000e+00 0.000000000000000000e+00
9.523400000000000318e+02 5.400000000000000000e+01 3.000000000000000000e+01 0.000000000000000000e+00 0.000000000000000000e+00
9.552000000000000455e+02 5.400000000000000000e+01 3.100000000000000000e+01 1.000000000000000000e+00 0.000000000000000000e+00
9.566699999999999591e+02 4.800000000000000000e+01 3.700000000000000000e+01 0.000000000000000000e+00 0.000000000000000000e+00
9.578700000000000045e+02 4.800000000000000000e+01 3.800000000000000000e+01 0.000000000000000000e+00 0.000000000000000000e+00
9.580499999999999545e+02 5.100000000000000000e+01 3.100000000000000000e+01 1.000000000000000000e+00 0.000000000000000000e+00
9.596799999999999500e+02 5.800000000000000000e+01 4.100000000000000000e+01 0.000000000000000000e+00 0.000000000000000000e+00
9.603899999999999864e+02 5.200000000000000000e+01 3.100000000000000000e+01 1.000000000000000000e+00 0.000000000000000000e+00
9.604900000000000091e+02 5.500000000000000000e+01 1.000000000000000000e+00 1.000000000000000000e+00 0.000000000000000000e+00
9.605099999999999909e+02 5.500000000000000000e+01 1.000000000000000000e+00 1.000000000000000000e+00 0.000000000000000000e+00
9.629500000000000455e+02 5.000000000000000000e+01 3.600000000000000000e+01 0.000000000000000000e+00 0.000000000000000000e+00
9.637500000000000000e+02 5.200000000000000000e+01 4.200000000000000000e+01 0.000000000000000000e+00 0.000000000000000000e+00
9.640099999999999909e+02 5.900000000000000000e+01 3.900000000000000000e+01 0.000000000000000000e+00 0.000000000000000000e+00
9.643099999999999454e+02 5.100000000000000000e+01 4.200000000000000000e+01 0.000000000000000000e+00 0.000000000000000000e+00
9.695900000000000318e+02 5.100000000000000000e+01 3.200000000000000000e+01 1.000000000000000000e+00 0.000000000000000000e+00
9.700900000000000318e+02 5.800000000000000000e+01 3.700000000000000000e+01 0.000000000000000000e+00 0.000000000000000000e+00
9.707899999999999636e+02 4.800000000000000000e+01 3.900000000000000000e+01 0.000000000000000000e+00 0.000000000000000000e+00
9.708099999999999454e+02 5.600000000000000000e+01 4.200000000000000000e+01 0.000000000000000000e+00 0.000000000000000000e+00
9.708700000000000045e+02 5.300000000000000000e+01 3.600000000000000000e+01 0.000000000000000000e+00 0.000000000000000000e+00
9.719700000000000273e+02 5.300000000000000000e+01 3.100000000000000000e+01 1.000000000000000000e+00 0.000000000000000000e+00
9.720099999999999909e+02 4.900000000000000000e+01 4.100000000000000000e+01 0.000000000000000000e+00 0.000000000000000000e+00
9.784800000000000182e+02 5.400000000000000000e+01 3.600000000000000000e+01 0.000000000000000000e+00 0.000000000000000000e+00
9.819900000000000091e+02 5.500000000000000000e+01 3.100000000000000000e+01 1.000000000000000000e+00 0.000000000000000000e+00
9.821599999999999682e+02 4.800000000000000000e+01 3.600000000000000000e+01 0.000000000000000000e+00 0.000000000000000000e+00
9.840499999999999545e+02 5.800000000000000000e+01 3.100000000000000000e+01 1.000000000000000000e+00 0.000000000000000000e+00
9.875499999999999545e+02 5.700000000000000000e+01 3.200000000000000000e+01 1.000000000000000000e+00 0.000000000000000000e+00
9.907200000000000273e+02 4.900000000000000000e+01 3.400000000000000000e+01 1.000000000000000000e+00 0.000000000000000000e+00
9.916399999999999864e+02 5.700000000000000000e+01 3.600000000000000000e+01 0.000000000000000000e+00 0.000000000000000000e+00
9.934199999999999591e+02 4.800000000000000000e+01 3.700000000000000000e+01 0.000000000000000000e+00 0.000000000000000000e+00
9.953799999999999955e+02 5.300000000000000000e+01 3.600000000000000000e+01 0.000000000000000000e+00 0.000000000000000000e+00
9.973899999999999864e+02 5.600000000000000000e+01 4.000000000000000000e+01 0.000000000000000000e+00 0.000000000000000000e+00
9.980399999999999636e+02 4.900000000000000000e+01 4.000000000000000000e+01 0.000000000000000000e+00 0.000000000000000000e+00
9.990399999999999636e+02 5.400000000000000000e+01 4.300000000000000000e+01 0.000000000000000000e+00 0.000000000000000000e+00
