6.000000000000000000e+00 1.700000000000000000e+01 1.700000000000000000e+01 1.000000000000000000e+00 1.000000000000000000e+00
9.000000000000000000e+00 2.000000000000000000e+01 2.200000000000000000e+01 1.000000000000000000e+00 1.000000000000000000e+00
1.000000000000000000e+01 9.000000000000000000e+00 2.500000000000000000e+01 1.000000000000000000e+00 1.000000000000000000e+00
1.700000000000000000e+01 1.700000000000000000e+01 1.400000000000000000e+01 1.000000000000000000e+00 1.000000000000000000e+00
2.000000000000000000e+01 1.500000000000000000e+01 2.100000000000000000e+01 1.000000000000000000e+00 1.000000000000000000e+00
2.400000000000000000e+01 2.600000000000000000e+01 3.900000000000000000e+01 0.000000000000000000e+00 1.000000000000000000e+00
2.400000000000000000e+01 2.700000000000000000e+01 3.600000000000000000e+01 0.000000000000000000e+00 1.000000000000000000e+00
2.400000000000000000e+01 1.700000000000000000e+01 2.000000000000000000e+01 1.000000000000000000e+00 1.000000000000000000e+00
2.400000000000000000e+01 1.000000000000000000e+01 3.400000000000000000e+01 0.000000000000000000e+00 1.000000000000000000e+00
2.500000000000000000e+01 1.900000000000000000e+01 1.300000000000000000e+01 0.000000000000000000e+00 1.000000000000000000e+00
2.600000000000000000e+01 1.200000000000000000e+01 2.300000000000000000e+01 1.000000000000000000e+00 1.000000000000000000e+00
3.200000000000000000e+01 2.000000000000000000e+01 4.300000000000000000e+01 0.000000000000000000e+00 1.000000000000000000e+00
3.300000000000000000e+01 6.000000000000000000e+00 2.900000000000000000e+01 1.000000000000000000e+00 1.000000000000000000e+00
3.400000000000000000e+01 1.500000000000000000e+01 2.500000000000000000e+01 0.000000000000000000e+00 1.000000000000000000e+00
3.800000000000000000e+01 1.800000000000000000e+01 4.300000000000000000e+01 0.000000000000000000e+00 1.000000000000000000e+00
4.400000000000000000e+01 1.600000000000000000e+01 2.100000000000000000e+01 1.000000000000000000e+00 1.000000000000000000e+00
5.200000000000000000e+01 1.900000000000000000e+01 1.500000000000000000e+01 0.000000000000000000e+00 1.000000000000000000e+00
5.400000000000000000e+01 1.800000000000000000e+01 3.900000000000000000e+01 0.000000000000000000e+00 1.000000000000000000e+00
5.500000000000000000e+01 1.400000000000000000e+01 2.200000000000000000e+01 1.000000000000000000e+00 1.000000000000000000e+00
5.600000000000000000e+01 2.000000000000000000e+01 5.000000000000000000e+00 0.000000000000000000e+00 1.000000000000000000e+00
5.800000000000000000e+01 2.700000000000000000e+01 3.700000000000000000e+01 0.000000000000000000e+00 1.000000000000000000e+00
5.800000000000000000e+01 7.000000000000000000e+00 2.700000000000000000e+01 1.000000000000000000e+00 1.000000000000000000e+00
5.900000000000000000e+01 7.000000000000000000e+00 2.700000000000000000e+01 1.000000000000000000e+00 1.000000000000000000e+00
6.300000000000000000e+01 9.000000000000000000e+00 2.200000000000000000e+01 1.000000000000000000e+00 1.000000000000000000e+00
6.400000000000000000e+01 9.000000000000000000e+00 2.600000000000000000e+01 1.000000000000000000e+00 1.000000000000000000e+00
6.500000000000000000e+01 2.100000000000000000e+01 2.300000000000000000e+01 1.000000000000000000e+00 1.000000000000000000e+00
6.500000000000000000e+01 2.500000000000000000e+01 4.000000000000000000e+01 0.000000000000000000e+00 1.000000000000000000e+00
6.800000000000000000e+01 1.400000000000000000e+01 4.000000000000000000e+01 0.000000000000000000e+00 1.000000000000000000e+00
7.300000000000000000e+01 1.500000000000000000e+01 2.200000000000000000e+01 1.000000000000000000e+00 1.000000000000000000e+00
7.300000000000000000e+01 1.300000000000000000e+01 2.100000000000000000e+01 1.000000000000000000e+00 1.000000000000000000e+00
7.400000000000000000e+01 1.300000000000000000e+01 2.100000000000000000e+01 1.000000000000000000e+00 1.000000000000000000e+00
8.600000000000000000e+01 1.800000000000000000e+01 6.000000000000000000e+00 1.000000000000000000e+00 1.000000000000000000e+00
8.700000000000000000e+01 8.000000000000000000e+00 2.600000000000000000e+01 1.000000000000000000e+00 1.000000000000000000e+00
9.600000000000000000e+01 2.200000000000000000e+01 2.300000000000000000e+01 1.000000000000000000e+00 1.000000000000000000e+00
9.600000000000000000e+01 1.000000000000000000e+01 1.800000000000000000e+01 1.000000000000000000e+00 1.000000000000000000e+00
9.700000000000000000e+01 1.600000000000000000e+01 1.700000000000000000e+01 1.000000000000000000e+00 1.000000000000000000e+00
9.800000000000000000e+01 1.600000000000000000e+01 2.700000000000000000e+01 0.000000000000000000e+00 1.000000000000000000e+00
1.010000000000000000e+02 1.600000000000000000e+01 3.400000000000000000e+01 0.000000000000000000e+00 1.000000000000000000e+00
1.110000000000000000e+02 2.000000000000000000e+01 3.600000000000000000e+01 0.000000000000000000e+00 1.000000000000000000e+00
1.180000000000000000e+02 5.000000000000000000e+00 3.300000000000000000e+01 1.000000000000000000e+00 1.000000000000000000e+00
1.250000000000000000e+02 1.200000000000000000e+01 4.400000000000000000e+01 0.000000000000000000e+00 1.000000000000000000e+00
1.280000000000000000e+02 1.700000000000000000e+01 4.300000000000000000e+01 0.000000000000000000e+00 1.000000000000000000e+00
1.280000000000000000e+02 1.300000000000000000e+01 1.600000000000000000e+01 1.000000000000000000e+00 1.000000000000000000e+00
1.290000000000000000e+02 1.800000000000000000e+01 4.400000000000000000e+01 0.000000000000000000e+00 1.000000000000000000e+00
1.300000000000000000e+02 1.500000000000000000e+01 3.000000000000000000e+01 0.000000000000000000e+00 1.000000000000000000e+00
1.310000000000000000e+02 1.800000000000000000e+01 3.300000000000000000e+01 0.000000000000000000e+00 1.000000000000000000e+00
1.310000000000000000e+02 2.000000000000000000e+01 2.600000000000000000e+01 0.000000000000000000e+00 1.000000000000000000e+00
1.350000000000000000e+02 1.600000000000000000e+01 2.400000000000000000e+01 0.000000000000000000e+00 1.000000000000000000e+00
1.360000000000000000e+02 1.400000000000000000e+01 2.600000000000000000e+01 0.000000000000000000e+00 1.000000000000000000e+00
1.430000000000000000e+02 1.600000000000000000e+01 1.800000000000000000e+01 1.000000000000000000e+00 1.000000000000000000e+00
1.440000000000000000e+02 1.900000000000000000e+01 1.700000000000000000e+01 0.000000000000000000e+00 1.000000000000000000e+00
1.470000000000000000e+02 2.700000000000000000e+01 3.800000000000000000e+01 0.000000000000000000e+00 1.000000000000000000e+00
1.520000000000000000e+02 1.400000000000000000e+01 3.800000000000000000e+01 0.000000000000000000e+00 1.000000000000000000e+00
1.600000000000000000e+02 1.700000000000000000e+01 2.500000000000000000e+01 0.000000000000000000e+00 1.000000000000000000e+00
1.630000000000000000e+02 1.900000000000000000e+01 1.600000000000000000e+01 0.000000000000000000e+00 1.000000000000000000e+00
1.710000000000000000e+02 2.000000000000000000e+01 2.400000000000000000e+01 0.000000000000000000e+00 1.000000000000000000e+00
1.730000000000000000e+02 8.000000000000000000e+00 2.500000000000000000e+01 1.000000000000000000e+00 1.000000000000000000e+00
1.740000000000000000e+02 1.100000000000000000e+01 2.800000000000000000e+01 0.000000000000000000e+00 1.000000000000000000e+00
1.750000000000000000e+02 1.200000000000000000e+01 3.100000000000000000e+01 0.000000000000000000e+00 1.000000000000000000e+00
1.810000000000000000e+02 1.800000000000000000e+01 2.600000000000000000e+01 0.000000000000000000e+00 1.000000000000000000e+00
1.880000000000000000e+02 8.000000000000000000e+00 4.000000000000000000e+01 0.000000000000000000e+00 1.000000000000000000e+00
1.880000000000000000e+02 2.500000000000000000e+01 3.600000000000000000e+01 0.000000000000000000e+00 1.000000000000000000e+00
1.910000000000000000e+02 1.800000000000000000e+01 4.000000000000000000e+01 0.000000000000000000e+00 1.000000000000000000e+00
1.920000000000000000e+02 1.700000000000000000e+01 2.100000000000000000e+01 1.000000000000000000e+00 1.000000000000000000e+00
1.920000000000000000e+02 1.200000000000000000e+01 3.800000000000000000e+01 0.000000000000000000e+00 1.000000000000000000e+00
1.950000000000000000e+02 2.000000000000000000e+01 6.000000000000000000e+00 0.000000000000000000e+00 1.000000000000000000e+00
1.960000000000000000e+02 2.200000000000000000e+01 4.000000000000000000e+01 0.000000000000000000e+00 1.000000000000000000e+00
1.980000000000000000e+02 1.600000000000000000e+01 3.100000000000000000e+01 0.000000000000000000e+00 1.000000000000000000e+00
2.030000000000000000e+02 0.000000000000000000e+00 2.300000000000000000e+01 1.000000000000000000e+00 1.000000000000000000e+00
2.050000000000000000e+02 1.800000000000000000e+01 3.200000000000000000e+01 0.000000000000000000e+00 1.000000000000000000e+00
2.090000000000000000e+02 1.400000000000000000e+01 3.400000000000000000e+01 0.000000000000000000e+00 1.000000000000000000e+00
2.170000000000000000e+02 1.800000000000000000e+01 2.500000000000000000e+01 0.000000000000000000e+00 1.000000000000000000e+00
2.230000000000000000e+02 2.100000000000000000e+01 4.300000000000000000e+01 0.000000000000000000e+00 1.000000000000000000e+00
2.260000000000000000e+02 2.200000000000000000e+01 2.500000000000000000e+01 0.000000000000000000e+00 1.000000000000000000e+00
2.310000000000000000e+02 1.400000000000000000e+01 2.400000000000000000e+01 0.000000000000000000e+00 1.000000000000000000e+00
2.350000000000000000e+02 1.800000000000000000e+01 1.100000000000000000e+01 1.000000000000000000e+00 1.000000000000000000e+00
2.390000000000000000e+02 6.000000000000000000e+00 2.900000000000000000e+01 1.000000000000000000e+00 1.000000000000000000e+00
2.420000000000000000e+02 1.000000000000000000e+01 3.000000000000000000e+01 0.000000000000000000e+00 1.000000000000000000e+00
2.500000000000000000e+02 1.900000000000000000e+01 1.000000000000000000e+00 1.000000000000000000e+00 1.000000000000000000e+00
2.510000000000000000e+02 2.400000000000000000e+01 4.100000000000000000e+01 0.000000000000000000e+00 1.000000000000000000e+00
2.560000000000000000e+02 5.000000000000000000e+00 3.400000000000000000e+01 1.000000000000000000e+00 1.000000000000000000e+00
2.570000000000000000e+02 2.100000000000000000e+01 2.200000000000000000e+01 1.000000000000000000e+00 1.000000000000000000e+00
2.630000000000000000e+02 1.900000000000000000e+01 1.500000000000000000e+01 0.000000000000000000e+00 1.000000000000000000e+00
2.640000000000000000e+02 1.200000000000000000e+01 2.100000000000000000e+01 1.000000000000000000e+00 1.000000000000000000e+00
2.670000000000000000e+02 1.200000000000000000e+01 2.100000000000000000e+01 1.000000000000000000e+00 1.000000000000000000e+00
2.720000000000000000e+02 1.200000000000000000e+01 2.300000000000000000e+01 1.000000000000000000e+00 1.000000000000000000e+00
2.730000000000000000e+02 1.000000000000000000e+01 2.500000000000000000e+01 1.000000000000000000e+00 1.000000000000000000e+00
2.730000000000000000e+02 1.200000000000000000e+01 3.200000000000000000e+01 0.000000000000000000e+00 1.000000000000000000e+00
2.740000000000000000e+02 1.300000000000000000e+01 4.200000000000000000e+01 0.000000000000000000e+00 1.000000000000000000e+00
2.750000000000000000e+02 1.100000000000000000e+01 2.400000000000000000e+01 1.000000000000000000e+00 1.000000000000000000e+00
2.820000000000000000e+02 1.300000000000000000e+01 3.300000000000000000e+01 0.000000000000000000e+00 1.000000000000000000e+00
2.820000000000000000e+02 2.000000000000000000e+01 7.000000000000000000e+00 0.000000000000000000e+00 1.000000000000000000e+00
2.820000000000000000e+02 1.900000000000000000e+01 4.400000000000000000e+01 0.000000000000000000e+00 1.000000000000000000e+00
2.830000000000000000e+02 1.500000000000000000e+01 1.800000000000000000e+01 1.000000000000000000e+00 1.000000000000000000e+00
2.840000000000000000e+02 2.000000000000000000e+01 3.600000000000000000e+01 0.000000000000000000e+00 1.000000000000000000e+00
2.840000000000000000e+02 1.700000000000000000e+01 1.900000000000000000e+01 1.000000000000000000e+00 1.000000000000000000e+00
2.840000000000000000e+02 2.700000000000000000e+01 3.600000000000000000e+01 0.000000000000000000e+00 1.000000000000000000e+00
2.900000000000000000e+02 1.100000000000000000e+01 2.800000000000000000e+01 0.000000000000000000e+00 1.000000000000000000e+00
2.910000000000000000e+02 1.300000000000000000e+01 2.300000000000000000e+01 1.000000000000000000e+00 1.000000000000000000e+00
2.920000000000000000e+02 1.400000000000000000e+01 3.200000000000000000e+01 0.000000000000000000e+00 1.000000000000000000e+00
2.920000000000000000e+02 1.900000000000000000e+01 1.700000000000000000e+01 0.000000000000000000e+00 1.000000000000000000e+00
2.940000000000000000e+02 7.000000000000000000e+00 2.700000000000000000e+01 1.000000000000000000e+00 1.000000000000000000e+00
2.980000000000000000e+02 6.000000000000000000e+00 3.900000000000000000e+01 1.000000000000000000e+00 1.000000000000000000e+00
3.030000000000000000e+02 1.700000000000000000e+01 2.700000000000000000e+01 0.000000000000000000e+00 1.000000000000000000e+00
3.060000000000000000e+02 6.000000000000000000e+00 3.000000000000000000e+00 0.000000000000000000e+00 1.000000000000000000e+00
3.070000000000000000e+02 1.800000000000000000e+01 1.000000000000000000e+01 1.000000000000000000e+00 1.000000000000000000e+00
3.070000000000000000e+02 1.100000000000000000e+01 2.900000000000000000e+01 0.000000000000000000e+00 1.000000000000000000e+00
3.080000000000000000e+02 2.700000000000000000e+01 3.200000000000000000e+01 0.000000000000000000e+00 1.000000000000000000e+00
3.080000000000000000e+02 1.100000000000000000e+01 4.000000000000000000e+01 0.000000000000000000e+00 1.000000000000000000e+00
3.080000000000000000e+02 2.800000000000000000e+01 3.200000000000000000e+01 0.000000000000000000e+00 1.000000000000000000e+00
3.130000000000000000e+02 1.100000000000000000e+01 3.200000000000000000e+01 0.000000000000000000e+00 1.000000000000000000e+00
3.220000000000000000e+02 1.100000000000000000e+01 2.300000000000000000e+01 1.000000000000000000e+00 1.000000000000000000e+00
3.340000000000000000e+02 2.500000000000000000e+01 4.100000000000000000e+01 0.000000000000000000e+00 1.000000000000000000e+00
3.380000000000000000e+02 1.300000000000000000e+01 3.900000000000000000e+01 0.000000000000000000e+00 1.000000000000000000e+00
3.390000000000000000e+02 2.700000000000000000e+01 3.700000000000000000e+01 0.000000000000000000e+00 1.000000000000000000e+00
3.400000000000000000e+02 1.800000000000000000e+01 4.300000000000000000e+01 0.000000000000000000e+00 1.000000000000000000e+00
3.450000000000000000e+02 1.300000000000000000e+01 4.000000000000000000e+01 0.000000000000000000e+00 1.000000000000000000e+00
3.510000000000000000e+02 1.400000000000000000e+01 3.700000000000000000e+01 0.000000000000000000e+00 1.000000000000000000e+00
3.540000000000000000e+02 1.900000000000000000e+01 2.000000000000000000e+00 1.000000000000000000e+00 1.000000000000000000e+00
3.570000000000000000e+02 1.800000000000000000e+01 2.200000000000000000e+01 1.000000000000000000e+00 1.000000000000000000e+00
3.580000000000000000e+02 1.300000000000000000e+01 2.200000000000000000e+01 1.000000000000000000e+00 1.000000000000000000e+00
3.670000000000000000e+02 2.000000000000000000e+01 3.000000000000000000e+01 0.000000000000000000e+00 1.000000000000000000e+00
3.680000000000000000e+02 1.900000000000000000e+01 1.600000000000000000e+01 0.000000000000000000e+00 1.000000000000000000e+00
3.720000000000000000e+02 2.700000000000000000e+01 3.400000000000000000e+01 0.000000000000000000e+00 1.000000000000000000e+00
3.730000000000000000e+02 1.000000000000000000e+01 2.700000000000000000e+01 1.000000000000000000e+00 1.000000000000000000e+00
3.800000000000000000e+02 2.000000000000000000e+01 2.300000000000000000e+01 1.000000000000000000e+00 1.000000000000000000e+00
3.840000000000000000e+02 1.000000000000000000e+01 2.400000000000000000e+01 1.000000000000000000e+00 1.000000000000000000e+00
3.890000000000000000e+02 1.400000000000000000e+01 2.200000000000000000e+01 1.000000000000000000e+00 1.000000000000000000e+00
3.890000000000000000e+02 2.000000000000000000e+01 9.000000000000000000e+00 0.000000000000000000e+00 1.000000000000000000e+00
3.930000000000000000e+02 1.200000000000000000e+01 4.000000000000000000e+01 0.000000000000000000e+00 1.000000000000000000e+00
3.970000000000000000e+02 6.000000000000000000e+00 2.800000000000000000e+01 1.000000000000000000e+00 1.000000000000000000e+00
3.990000000000000000e+02 1.500000000000000000e+01 2.600000000000000000e+01 0.000000000000000000e+00 1.000000000000000000e+00
4.050000000000000000e+02 6.000000000000000000e+00 3.000000000000000000e+01 1.000000000000000000e+00 1.000000000000000000e+00
4.050000000000000000e+02 5.000000000000000000e+00 3.200000000000000000e+01 1.000000000000000000e+00 1.000000000000000000e+00
4.090000000000000000e+02 5.000000000000000000e+00 3.200000000000000000e+01 1.000000000000000000e+00 1.000000000000000000e+00
4.100000000000000000e+02 1.600000000000000000e+01 4.400000000000000000e+01 0.000000000000000000e+00 1.000000000000000000e+00
4.110000000000000000e+02 1.600000000000000000e+01 4.500000000000000000e+01 0.000000000000000000e+00 1.000000000000000000e+00
4.120000000000000000e+02 1.400000000000000000e+01 3.000000000000000000e+01 0.000000000000000000e+00 1.000000000000000000e+00
4.130000000000000000e+02 2.600000000000000000e+01 3.900000000000000000e+01 0.000000000000000000e+00 1.000000000000000000e+00
4.170000000000000000e+02 1.400000000000000000e+01 3.100000000000000000e+01 0.000000000000000000e+00 1.000000000000000000e+00
4.180000000000000000e+02 1.800000000000000000e+01 9.000000000000000000e+00 1.000000000000000000e+00 1.000000000000000000e+00
4.220000000000000000e+02 9.000000000000000000e+00 2.500000000000000000e+01 1.000000000000000000e+00 1.000000000000000000e+00
4.230000000000000000e+02 1.500000000000000000e+01 2.000000000000000000e+01 1.000000000000000000e+00 1.000000000000000000e+00
4.280000000000000000e+02 1.000000000000000000e+01 2.300000000000000000e+01 1.000000000000000000e+00 1.000000000000000000e+00
4.290000000000000000e+02 1.200000000000000000e+01 4.300000000000000000e+01 0.000000000000000000e+00 1.000000000000000000e+00
4.300000000000000000e+02 1.700000000000000000e+01 1.800000000000000000e+01 1.000000000000000000e+00 1.000000000000000000e+00
4.340000000000000000e+02 6.000000000000000000e+00 2.900000000000000000e+01 1.000000000000000000e+00 1.000000000000000000e+00
4.340000000000000000e+02 1.100000000000000000e+01 3.100000000000000000e+01 0.000000000000000000e+00 1.000000000000000000e+00
4.350000000000000000e+02 1.900000000000000000e+01 2.000000000000000000e+01 0.000000000000000000e+00 1.000000000000000000e+00
4.400000000000000000e+02 1.900000000000000000e+01 1.800000000000000000e+01 0.000000000000000000e+00 1.000000000000000000e+00
4.430000000000000000e+02 2.700000000000000000e+01 2.900000000000000000e+01 0.000000000000000000e+00 1.000000000000000000e+00
4.440000000000000000e+02 1.900000000000000000e+01 2.700000000000000000e+01 0.000000000000000000e+00 1.000000000000000000e+00
4.450000000000000000e+02 1.700000000000000000e+01 4.200000000000000000e+01 0.000000000000000000e+00 1.000000000000000000e+00
4.450000000000000000e+02 1.100000000000000000e+01 4.100000000000000000e+01 0.000000000000000000e+00 1.000000000000000000e+00
4.460000000000000000e+02 9.000000000000000000e+00 2.600000000000000000e+01 1.000000000000000000e+00 1.000000000000000000e+00
4.490000000000000000e+02 1.900000000000000000e+01 3.300000000000000000e+01 0.000000000000000000e+00 1.000000000000000000e+00
4.510000000000000000e+02 8.000000000000000000e+00 2.600000000000000000e+01 1.000000000000000000e+00 1.000000000000000000e+00
4.510000000000000000e+02 1.900000000000000000e+01 8.000000000000000000e+00 0.000000000000000000e+00 1.000000000000000000e+00
4.510000000000000000e+02 1.500000000000000000e+01 2.200000000000000000e+01 1.000000000000000000e+00 1.000000000000000000e+00
4.530000000000000000e+02 1.500000000000000000e+01 2.200000000000000000e+01 1.000000000000000000e+00 1.000000000000000000e+00
4.560000000000000000e+02 7.000000000000000000e+00 2.800000000000000000e+01 1.000000000000000000e+00 1.000000000000000000e+00
4.560000000000000000e+02 2.700000000000000000e+01 3.800000000000000000e+01 0.000000000000000000e+00 1.000000000000000000e+00
4.600000000000000000e+02 8.000000000000000000e+00 3.800000000000000000e+01 0.000000000000000000e+00 1.000000000000000000e+00
4.630000000000000000e+02 1.300000000000000000e+01 3.300000000000000000e+01 0.000000000000000000e+00 1.000000000000000000e+00
4.780000000000000000e+02 1.000000000000000000e+01 2.500000000000000000e+01 1.000000000000000000e+00 1.000000000000000000e+00
4.810000000000000000e+02 1.200000000000000000e+01 3.000000000000000000e+01 0.000000000000000000e+00 1.000000000000000000e+00
4.810000000000000000e+02 2.000000000000000000e+01 8.000000000000000000e+00 0.000000000000000000e+00 1.000000000000000000e+00
4.870000000000000000e+02 2.300000000000000000e+01 4.200000000000000000e+01 0.000000000000000000e+00 1.000000000000000000e+00
4.930000000000000000e+02 2.600000000000000000e+01 3.400000000000000000e+01 0.000000000000000000e+00 1.000000000000000000e+00
4.930000000000000000e+02 6.000000000000000000e+00 3.800000000000000000e+01 1.000000000000000000e+00 1.000000000000000000e+00
4.940000000000000000e+02 6.000000000000000000e+00 3.800000000000000000e+01 1.000000000000000000e+00 1.000000000000000000e+00
4.960000000000000000e+02 1.200000000000000000e+01 2.400000000000000000e+01 1.000000000000000000e+00 1.000000000000000000e+00
5.040000000000000000e+02 1.300000000000000000e+01 2.300000000000000000e+01 1.000000000000000000e+00 1.000000000000000000e+00
5.120000000000000000e+02 1.900000000000000000e+01 3.000000000000000000e+01 0.000000000000000000e+00 1.000000000000000000e+00
5.140000000000000000e+02 6.000000000000000000e+00 2.700000000000000000e+01 1.000000000000000000e+00 1.000000000000000000e+00
5.210000000000000000e+02 1.500000000000000000e+01 2.100000000000000000e+01 1.000000000000000000e+00 1.000000000000000000e+00
5.240000000000000000e+02 2.300000000000000000e+01 4.000000000000000000e+01 0.000000000000000000e+00 1.000000000000000000e+00
5.240000000000000000e+02 1.800000000000000000e+01 1.200000000000000000e+01 1.000000000000000000e+00 1.000000000000000000e+00
5.250000000000000000e+02 1.800000000000000000e+01 1.200000000000000000e+01 1.000000000000000000e+00 1.000000000000000000e+00
5.260000000000000000e+02 2.100000000000000000e+01 2.700000000000000000e+01 0.000000000000000000e+00 1.000000000000000000e+00
5.260000000000000000e+02 8.000000000000000000e+00 2.700000000000000000e+01 1.000000000000000000e+00 1.000000000000000000e+00
5.280000000000000000e+02 1.900000000000000000e+01 3.000000000000000000e+00 1.000000000000000000e+00 1.000000000000000000e+00
5.350000000000000000e+02 1.700000000000000000e+01 2.000000000000000000e+01 1.000000000000000000e+00 1.000000000000000000e+00
5.350000000000000000e+02 2.800000000000000000e+01 3.400000000000000000e+01 0.000000000000000000e+00 1.000000000000000000e+00
5.350000000000000000e+02 2.300000000000000000e+01 2.400000000000000000e+01 1.000000000000000000e+00 1.000000000000000000e+00
5.370000000000000000e+02 2.200000000000000000e+01 4.300000000000000000e+01 0.000000000000000000e+00 1.000000000000000000e+00
5.420000000000000000e+02 1.900000000000000000e+01 1.000000000000000000e+01 0.000000000000000000e+00 1.000000000000000000e+00
5.450000000000000000e+02 1.900000000000000000e+01 3.700000000000000000e+01 0.000000000000000000e+00 1.000000000000000000e+00
5.470000000000000000e+02 1.300000000000000000e+01 2.900000000000000000e+01 0.000000000000000000e+00 1.000000000000000000e+00
5.510000000000000000e+02 1.800000000000000000e+01 1.300000000000000000e+01 1.000000000000000000e+00 1.000000000000000000e+00
5.640000000000000000e+02 1.900000000000000000e+01 2.100000000000000000e+01 0.000000000000000000e+00 1.000000000000000000e+00
5.640000000000000000e+02 1.400000000000000000e+01 3.000000000000000000e+01 0.000000000000000000e+00 1.000000000000000000e+00
5.650000000000000000e+02 1.900000000000000000e+01 0.000000000000000000e+00 1.000000000000000000e+00 1.000000000000000000e+00
5.660000000000000000e+02 1.400000000000000000e+01 2.300000000000000000e+01 1.000000000000000000e+00 1.000000000000000000e+00
5.660000000000000000e+02 1.800000000000000000e+01 1.100000000000000000e+01 1.000000000000000000e+00 1.000000000000000000e+00
5.670000000000000000e+02 1.900000000000000000e+01 2.200000000000000000e+01 1.000000000000000000e+00 1.000000000000000000e+00
5.770000000000000000e+02 1.800000000000000000e+01 4.500000000000000000e+01 0.000000000000000000e+00 1.000000000000000000e+00
5.790000000000000000e+02 8.000000000000000000e+00 1.900000000000000000e+01 1.000000000000000000e+00 1.000000000000000000e+00
5.910000000000000000e+02 1.800000000000000000e+01 7.000000000000000000e+00 1.000000000000000000e+00 1.000000000000000000e+00
5.960000000000000000e+02 6.000000000000000000e+00 3.600000000000000000e+01 1.000000000000000000e+00 1.000000000000000000e+00
5.980000000000000000e+02 1.200000000000000000e+01 2.300000000000000000e+01 1.000000000000000000e+00 1.000000000000000000e+00
6.000000000000000000e+02 7.000000000000000000e+00 2.600000000000000000e+01 1.000000000000000000e+00 1.000000000000000000e+00
6.060000000000000000e+02 7.000000000000000000e+00 6.100000000000000000e+01 0.000000000000000000e+00 1.000000000000000000e+00
6.070000000000000000e+02 2.000000000000000000e+01 7.000000000000000000e+00 0.000000000000000000e+00 1.000000000000000000e+00
6.190000000000000000e+02 2.000000000000000000e+01 2.900000000000000000e+01 0.000000000000000000e+00 1.000000000000000000e+00
6.200000000000000000e+02 2.500000000000000000e+01 4.000000000000000000e+01 0.000000000000000000e+00 1.000000000000000000e+00
6.250000000000000000e+02 7.000000000000000000e+00 3.700000000000000000e+01 0.000000000000000000e+00 1.000000000000000000e+00
6.250000000000000000e+02 2.700000000000000000e+01 3.700000000000000000e+01 0.000000000000000000e+00 1.000000000000000000e+00
6.260000000000000000e+02 1.700000000000000000e+01 2.600000000000000000e+01 0.000000000000000000e+00 1.000000000000000000e+00
6.280000000000000000e+02 2.400000000000000000e+01 2.400000000000000000e+01 1.000000000000000000e+00 1.000000000000000000e+00
6.310000000000000000e+02 1.700000000000000000e+01 3.200000000000000000e+01 0.000000000000000000e+00 1.000000000000000000e+00
6.320000000000000000e+02 1.100000000000000000e+01 2.400000000000000000e+01 1.000000000000000000e+00 1.000000000000000000e+00
6.360000000000000000e+02 1.900000000000000000e+01 1.800000000000000000e+01 0.000000000000000000e+00 1.000000000000000000e+00
6.370000000000000000e+02 1.000000000000000000e+01 4.300000000000000000e+01 0.000000000000000000e+00 1.000000000000000000e+00
6.390000000000000000e+02 2.000000000000000000e+01 9.000000000000000000e+00 0.000000000000000000e+00 1.000000000000000000e+00
6.400000000000000000e+02 2.800000000000000000e+01 3.300000000000000000e+01 0.000000000000000000e+00 1.000000000000000000e+00
6.430000000000000000e+02 1.200000000000000000e+01 2.400000000000000000e+01 1.000000000000000000e+00 1.000000000000000000e+00
6.450000000000000000e+02 1.600000000000000000e+01 2.500000000000000000e+01 0.000000000000000000e+00 1.000000000000000000e+00
6.490000000000000000e+02 1.600000000000000000e+01 4.300000000000000000e+01 0.000000000000000000e+00 1.000000000000000000e+00
6.490000000000000000e+02 1.300000000000000000e+01 2.600000000000000000e+01 0.000000000000000000e+00 1.000000000000000000e+00
6.590000000000000000e+02 2.400000000000000000e+01 4.200000000000000000e+01 0.000000000000000000e+00 1.000000000000000000e+00
6.600000000000000000e+02 1.900000000000000000e+01 3.900000000000000000e+01 0.000000000000000000e+00 1.000000000000000000e+00
6.620000000000000000e+02 2.000000000000000000e+01 5.000000000000000000e+00 0.000000000000000000e+00 1.000000000000000000e+00
6.630000000000000000e+02 1.000000000000000000e+01 4.200000000000000000e+01 0.000000000000000000e+00 1.000000000000000000e+00
6.670000000000000000e+02 1.400000000000000000e+01 4.300000000000000000e+01 0.000000000000000000e+00 1.000000000000000000e+00
6.690000000000000000e+02 1.000000000000000000e+01 2.000000000000000000e+01 1.000000000000000000e+00 1.000000000000000000e+00
6.710000000000000000e+02 2.100000000000000000e+01 2.800000000000000000e+01 0.000000000000000000e+00 1.000000000000000000e+00
6.720000000000000000e+02 9.000000000000000000e+00 3.200000000000000000e+01 0.000000000000000000e+00 1.000000000000000000e+00
6.750000000000000000e+02 1.200000000000000000e+01 3.700000000000000000e+01 0.000000000000000000e+00 1.000000000000000000e+00
6.760000000000000000e+02 1.600000000000000000e+01 1.100000000000000000e+01 1.000000000000000000e+00 1.000000000000000000e+00
6.770000000000000000e+02 1.200000000000000000e+01 2.200000000000000000e+01 1.000000000000000000e+00 1.000000000000000000e+00
6.800000000000000000e+02 1.800000000000000000e+01 1.400000000000000000e+01 1.000000000000000000e+00 1.000000000000000000e+00
6.810000000000000000e+02 2.100000000000000000e+01 4.200000000000000000e+01 0.000000000000000000e+00 1.000000000000000000e+00
6.830000000000000000e+02 2.500000000000000000e+01 4.100000000000000000e+01 0.000000000000000000e+00 1.000000000000000000e+00
6.830000000000000000e+02 2.100000000000000000e+01 0.000000000000000000e+00 0.000000000000000000e+00 1.000000000000000000e+00
6.850000000000000000e+02 2.100000000000000000e+01 3.500000000000000000e+01 0.000000000000000000e+00 1.000000000000000000e+00
6.850000000000000000e+02 1.900000000000000000e+01 2.800000000000000000e+01 0.000000000000000000e+00 1.000000000000000000e+00
6.870000000000000000e+02 1.900000000000000000e+01 3.400000000000000000e+01 0.000000000000000000e+00 1.000000000000000000e+00
6.880000000000000000e+02 1.500000000000000000e+01 3.800000000000000000e+01 0.000000000000000000e+00 1.000000000000000000e+00
6.890000000000000000e+02 2.600000000000000000e+01 3.700000000000000000e+01 0.000000000000000000e+00 1.000000000000000000e+00
6.920000000000000000e+02 2.100000000000000000e+01 3.000000000000000000e+01 0.000000000000000000e+00 1.000000000000000000e+00
6.930000000000000000e+02 2.600000000000000000e+01 3.500000000000000000e+01 0.000000000000000000e+00 1.000000000000000000e+00
6.940000000000000000e+02 1.900000000000000000e+01 1.900000000000000000e+01 0.000000000000000000e+00 1.000000000000000000e+00
7.010000000000000000e+02 2.000000000000000000e+01 2.700000000000000000e+01 0.000000000000000000e+00 1.000000000000000000e+00
7.040000000000000000e+02 1.900000000000000000e+01 4.100000000000000000e+01 0.000000000000000000e+00 1.000000000000000000e+00
7.040000000000000000e+02 2.100000000000000000e+01 4.400000000000000000e+01 0.000000000000000000e+00 1.000000000000000000e+00
7.090000000000000000e+02 2.200000000000000000e+01 2.800000000000000000e+01 0.000000000000000000e+00 1.000000000000000000e+00
7.110000000000000000e+02 1.400000000000000000e+01 2.700000000000000000e+01 0.000000000000000000e+00 1.000000000000000000e+00
7.140000000000000000e+02 1.400000000000000000e+01 3.200000000000000000e+01 0.000000000000000000e+00 1.000000000000000000e+00
7.140000000000000000e+02 2.200000000000000000e+01 4.200000000000000000e+01 0.000000000000000000e+00 1.000000000000000000e+00
7.180000000000000000e+02 1.500000000000000000e+01 3.600000000000000000e+01 0.000000000000000000e+00 1.000000000000000000e+00
7.200000000000000000e+02 2.000000000000000000e+01 8.000000000000000000e+00 0.000000000000000000e+00 1.000000000000000000e+00
7.210000000000000000e+02 1.400000000000000000e+01 2.200000000000000000e+01 1.000000000000000000e+00 1.000000000000000000e+00
7.220000000000000000e+02 2.100000000000000000e+01 3.800000000000000000e+01 0.000000000000000000e+00 1.000000000000000000e+00
7.240000000000000000e+02 1.500000000000000000e+01 2.600000000000000000e+01 0.000000000000000000e+00 1.000000000000000000e+00
7.310000000000000000e+02 2.400000000000000000e+01 4.000000000000000000e+01 0.000000000000000000e+00 1.000000000000000000e+00
7.310000000000000000e+02 9.000000000000000000e+00 2.500000000000000000e+01 1.000000000000000000e+00 1.000000000000000000e+00
7.340000000000000000e+02 9.000000000000000000e+00 2.500000000000000000e+01 1.000000000000000000e+00 1.000000000000000000e+00
7.400000000000000000e+02 1.400000000000000000e+01 3.300000000000000000e+01 0.000000000000000000e+00 1.000000000000000000e+00
7.470000000000000000e+02 6.000000000000000000e+00 3.700000000000000000e+01 1.000000000000000000e+00 1.000000000000000000e+00
7.470000000000000000e+02 1.400000000000000000e+01 2.000000000000000000e+01 1.000000000000000000e+00 1.000000000000000000e+00
7.500000000000000000e+02 1.000000000000000000e+01 3.200000000000000000e+01 0.000000000000000000e+00 1.000000000000000000e+00
7.500000000000000000e+02 7.000000000000000000e+00 2.800000000000000000e+01 1.000000000000000000e+00 1.000000000000000000e+00
7.510000000000000000e+02 7.000000000000000000e+00 2.800000000000000000e+01 1.000000000000000000e+00 1.000000000000000000e+00
7.540000000000000000e+02 7.000000000000000000e+00 2.800000000000000000e+01 1.000000000000000000e+00 1.000000000000000000e+00
7.560000000000000000e+02 7.000000000000000000e+00 2.900000000000000000e+01 1.000000000000000000e+00 1.000000000000000000e+00
7.560000000000000000e+02 2.000000000000000000e+01 4.400000000000000000e+01 0.000000000000000000e+00 1.000000000000000000e+00
7.600000000000000000e+02 1.900000000000000000e+01 2.000000000000000000e+01 0.000000000000000000e+00 1.000000000000000000e+00
7.610000000000000000e+02 1.400000000000000000e+01 2.100000000000000000e+01 1.000000000000000000e+00 1.000000000000000000e+00
7.640000000000000000e+02 1.200000000000000000e+01 4.200000000000000000e+01 0.000000000000000000e+00 1.000000000000000000e+00
7.660000000000000000e+02 1.900000000000000000e+01 4.000000000000000000e+00 1.000000000000000000e+00 1.000000000000000000e+00
7.680000000000000000e+02 1.100000000000000000e+01 2.500000000000000000e+01 1.000000000000000000e+00 1.000000000000000000e+00
7.680000000000000000e+02 1.700000000000000000e+01 2.200000000000000000e+01 1.000000000000000000e+00 1.000000000000000000e+00
7.690000000000000000e+02 1.700000000000000000e+01 4.400000000000000000e+01 0.000000000000000000e+00 1.000000000000000000e+00
7.700000000000000000e+02 2.700000000000000000e+01 3.500000000000000000e+01 0.000000000000000000e+00 1.000000000000000000e+00
7.700000000000000000e+02 1.900000000000000000e+01 5.000000000000000000e+00 1.000000000000000000e+00 1.000000000000000000e+00
7.720000000000000000e+02 1.700000000000000000e+01 2.400000000000000000e+01 0.000000000000000000e+00 1.000000000000000000e+00
7.770000000000000000e+02 2.600000000000000000e+01 2.800000000000000000e+01 0.000000000000000000e+00 1.000000000000000000e+00
7.780000000000000000e+02 2.000000000000000000e+01 3.500000000000000000e+01 0.000000000000000000e+00 1.000000000000000000e+00
7.790000000000000000e+02 1.000000000000000000e+01 2.600000000000000000e+01 1.000000000000000000e+00 1.000000000000000000e+00
7.840000000000000000e+02 1.900000000000000000e+01 1.700000000000000000e+01 0.000000000000000000e+00 1.000000000000000000e+00
7.850000000000000000e+02 1.100000000000000000e+01 4.300000000000000000e+01 0.000000000000000000e+00 1.000000000000000000e+00
7.850000000000000000e+02 1.300000000000000000e+01 2.300000000000000000e+01 1.000000000000000000e+00 1.000000000000000000e+00
7.900000000000000000e+02 1.700000000000000000e+01 3.500000000000000000e+01 0.000000000000000000e+00 1.000000000000000000e+00
7.910000000000000000e+02 2.000000000000000000e+01 1.000000000000000000e+01 0.000000000000000000e+00 1.000000000000000000e+00
7.920000000000000000e+02 1.200000000000000000e+01 2.000000000000000000e+01 1.000000000000000000e+00 1.000000000000000000e+00
7.930000000000000000e+02 2.000000000000000000e+01 4.000000000000000000e+00 0.000000000000000000e+00 1.000000000000000000e+00
8.000000000000000000e+02 2.800000000000000000e+01 3.500000000000000000e+01 0.000000000000000000e+00 1.000000000000000000e+00
8.000000000000000000e+02 1.300000000000000000e+01 4.300000000000000000e+01 0.000000000000000000e+00 1.000000000000000000e+00
8.010000000000000000e+02 1.500000000000000000e+01 4.500000000000000000e+01 0.000000000000000000e+00 1.000000000000000000e+00
8.040000000000000000e+02 1.300000000000000000e+01 3.200000000000000000e+01 0.000000000000000000e+00 1.000000000000000000e+00
8.050000000000000000e+02 1.000000000000000000e+01 3.100000000000000000e+01 0.000000000000000000e+00 1.000000000000000000e+00
8.110000000000000000e+02 1.400000000000000000e+01 4.200000000000000000e+01 0.000000000000000000e+00 1.000000000000000000e+00
8.130000000000000000e+02 1.900000000000000000e+01 4.200000000000000000e+01 0.000000000000000000e+00 1.000000000000000000e+00
8.140000000000000000e+02 1.800000000000000000e+01 4.200000000000000000e+01 0.000000000000000000e+00 1.000000000000000000e+00
8.150000000000000000e+02 1.800000000000000000e+01 1.900000000000000000e+01 0.000000000000000000e+00 1.000000000000000000e+00
8.160000000000000000e+02 1.000000000000000000e+01 3.600000000000000000e+01 0.000000000000000000e+00 1.000000000000000000e+00
8.160000000000000000e+02 2.000000000000000000e+01 2.700000000000000000e+01 0.000000000000000000e+00 1.000000000000000000e+00
8.170000000000000000e+02 1.800000000000000000e+01 8.000000000000000000e+00 1.000000000000000000e+00 1.000000000000000000e+00
8.170000000000000000e+02 1.300000000000000000e+01 2.200000000000000000e+01 1.000000000000000000e+00 1.000000000000000000e+00
8.250000000000000000e+02 2.000000000000000000e+01 2.400000000000000000e+01 0.000000000000000000e+00 1.000000000000000000e+00
8.320000000000000000e+02 2.400000000000000000e+01 2.900000000000000000e+01 0.000000000000000000e+00 1.000000000000000000e+00
8.360000000000000000e+02 1.300000000000000000e+01 3.900000000000000000e+01 0.000000000000000000e+00 1.000000000000000000e+00
8.390000000000000000e+02 1.500000000000000000e+01 3.300000000000000000e+01 0.000000000000000000e+00 1.000000000000000000e+00
8.390000000000000000e+02 6.000000000000000000e+00 3.100000000000000000e+01 1.000000000000000000e+00 1.000000000000000000e+00
8.410000000000000000e+02 6.000000000000000000e+00 3.100000000000000000e+01 1.000000000000000000e+00 1.000000000000000000e+00
8.440000000000000000e+02 8.000000000000000000e+00 2.700000000000000000e+01 1.000000000000000000e+00 1.000000000000000000e+00
8.500000000000000000e+02 1.900000000000000000e+01 1.400000000000000000e+01 0.000000000000000000e+00 1.000000000000000000e+00
8.540000000000000000e+02 2.600000000000000000e+01 4.000000000000000000e+01 0.000000000000000000e+00 1.000000000000000000e+00
8.590000000000000000e+02 1.700000000000000000e+01 4.500000000000000000e+01 0.000000000000000000e+00 1.000000000000000000e+00
8.620000000000000000e+02 1.700000000000000000e+01 3.800000000000000000e+01 0.000000000000000000e+00 1.000000000000000000e+00
8.620000000000000000e+02 2.800000000000000000e+01 3.600000000000000000e+01 0.000000000000000000e+00 1.000000000000000000e+00
8.700000000000000000e+02 8.000000000000000000e+00 3.800000000000000000e+01 0.000000000000000000e+00 1.000000000000000000e+00
8.720000000000000000e+02 1.500000000000000000e+01 2.800000000000000000e+01 1.000000000000000000e+00 1.000000000000000000e+00
8.720000000000000000e+02 1.800000000000000000e+01 3.200000000000000000e+01 1.000000000000000000e+00 1.000000000000000000e+00
8.770000000000000000e+02 2.100000000000000000e+01 2.300000000000000000e+01 1.000000000000000000e+00 1.000000000000000000e+00
8.780000000000000000e+02 2.700000000000000000e+01 3.100000000000000000e+01 0.000000000000000000e+00 1.000000000000000000e+00
8.780000000000000000e+02 2.100000000000000000e+01 2.000000000000000000e+00 0.000000000000000000e+00 1.000000000000000000e+00
8.790000000000000000e+02 1.600000000000000000e+01 2.100000000000000000e+01 1.000000000000000000e+00 1.000000000000000000e+00
8.870000000000000000e+02 1.500000000000000000e+01 2.300000000000000000e+01 1.000000000000000000e+00 1.000000000000000000e+00
8.870000000000000000e+02 1.300000000000000000e+01 4.100000000000000000e+01 0.000000000000000000e+00 1.000000000000000000e+00
8.920000000000000000e+02 3.000000000000000000e+00 2.300000000000000000e+01 1.000000000000000000e+00 1.000000000000000000e+00
8.980000000000000000e+02 1.500000000000000000e+01 4.400000000000000000e+01 0.000000000000000000e+00 1.000000000000000000e+00
9.010000000000000000e+02 2.100000000000000000e+01 3.900000000000000000e+01 0.000000000000000000e+00 1.000000000000000000e+00
9.030000000000000000e+02 2.100000000000000000e+01 1.000000000000000000e+00 0.000000000000000000e+00 1.000000000000000000e+00
9.030000000000000000e+02 6.000000000000000000e+00 3.000000000000000000e+01 1.000000000000000000e+00 1.000000000000000000e+00
9.040000000000000000e+02 1.400000000000000000e+01 3.600000000000000000e+01 0.000000000000000000e+00 1.000000000000000000e+00
9.050000000000000000e+02 1.900000000000000000e+01 2.600000000000000000e+01 0.000000000000000000e+00 1.000000000000000000e+00
9.070000000000000000e+02 1.700000000000000000e+01 3.400000000000000000e+01 0.000000000000000000e+00 1.000000000000000000e+00
9.070000000000000000e+02 1.100000000000000000e+01 2.500000000000000000e+01 1.000000000000000000e+00 1.000000000000000000e+00
9.090000000000000000e+02 1.600000000000000000e+01 4.100000000000000000e+01 0.000000000000000000e+00 1.000000000000000000e+00
9.180000000000000000e+02 2.500000000000000000e+01 2.800000000000000000e+01 0.000000000000000000e+00 1.000000000000000000e+00
9.200000000000000000e+02 2.300000000000000000e+01 4.300000000000000000e+01 0.000000000000000000e+00 1.000000000000000000e+00
9.240000000000000000e+02 1.600000000000000000e+01 1.200000000000000000e+01 1.000000000000000000e+00 1.000000000000000000e+00
9.250000000000000000e+02 1.500000000000000000e+01 4.300000000000000000e+01 0.000000000000000000e+00 1.000000000000000000e+00
9.250000000000000000e+02 1.100000000000000000e+01 2.400000000000000000e+01 1.000000000000000000e+00 1.000000000000000000e+00
9.270000000000000000e+02 1.800000000000000000e+01 4.400000000000000000e+01 0.000000000000000000e+00 1.000000000000000000e+00
9.320000000000000000e+02 1.600000000000000000e+01 3.400000000000000000e+01 0.000000000000000000e+00 1.000000000000000000e+00
9.360000000000000000e+02 1.800000000000000000e+01 1.900000000000000000e+01 1.000000000000000000e+00 1.000000000000000000e+00
9.380000000000000000e+02 1.800000000000000000e+01 3.200000000000000000e+01 0.000000000000000000e+00 1.000000000000000000e+00
9.390000000000000000e+02 1.600000000000000000e+01 2.600000000000000000e+01 0.000000000000000000e+00 1.000000000000000000e+00
9.410000000000000000e+02 1.200000000000000000e+01 2.400000000000000000e+01 1.000000000000000000e+00 1.000000000000000000e+00
9.430000000000000000e+02 2.300000000000000000e+01 3.900000000000000000e+01 0.000000000000000000e+00 1.000000000000000000e+00
9.530000000000000000e+02 2.000000000000000000e+01 1.100000000000000000e+01 0.000000000000000000e+00 1.000000000000000000e+00
9.540000000000000000e+02 2.100000000000000000e+01 0.000000000000000000e+00 0.000000000000000000e+00 1.000000000000000000e+00
9.540000000000000000e+02 1.200000000000000000e+01 2.300000000000000000e+01 1.000000000000000000e+00 1.000000000000000000e+00
9.620000000000000000e+02 2.000000000000000000e+01 9.000000000000000000e+00 0.000000000000000000e+00 1.000000000000000000e+00
9.630000000000000000e+02 2.000000000000000000e+01 0.000000000000000000e+00 0.000000000000000000e+00 1.000000000000000000e+00
9.750000000000000000e+02 6.000000000000000000e+00 3.200000000000000000e+01 1.000000000000000000e+00 1.000000000000000000e+00
9.790000000000000000e+02 6.000000000000000000e+00 3.200000000000000000e+01 1.000000000000000000e+00 1.000000000000000000e+00
9.800000000000000000e+02 1.200000000000000000e+01 2.600000000000000000e+01 0.000000000000000000e+00 1.000000000000000000e+00
9.840000000000000000e+02 2.700000000000000000e+01 3.800000000000000000e+01 0.000000000000000000e+00 1.000000000000000000e+00
9.870000000000000000e+02 6.000000000000000000e+00 3.100000000000000000e+01 1.000000000000000000e+00 1.000000000000000000e+00
9.870000000000000000e+02 1.000000000000000000e+01 2.500000000000000000e+01 1.000000000000000000e+00 1.000000000000000000e+00
9.900000000000000000e+02 1.000000000000000000e+01 2.500000000000000000e+01 1.000000000000000000e+00 1.000000000000000000e+00
9.920000000000000000e+02 6.000000000000000000e+00 3.600000000000000000e+01 1.000000000000000000e+00 1.000000000000000000e+00
9.930000000000000000e+02 9.000000000000000000e+00 2.700000000000000000e+01 1.000000000000000000e+00 1.000000000000000000e+00
9.960000000000000000e+02 1.600000000000000000e+01 2.200000000000000000e+01 1.000000000000000000e+00 1.000000000000000000e+00
9.960000000000000000e+02 9.000000000000000000e+00 2.700000000000000000e+01 1.000000000000000000e+00 1.000000000000000000e+00
