3.750000000000000000e+00 5.700000000000000000e+01 2.400000000000000000e+01 0.000000000000000000e+00 0.000000000000000000e+00
6.160000000000000142e+00 5.300000000000000000e+01 2.800000000000000000e+01 0.000000000000000000e+00 0.000000000000000000e+00
1.049000000000000021e+01 2.600000000000000000e+01 5.800000000000000000e+01 0.000000000000000000e+00 0.000000000000000000e+00
1.189000000000000057e+01 5.500000000000000000e+01 1.200000000000000000e+01 0.000000000000000000e+00 0.000000000000000000e+00
2.798000000000000043e+01 5.500000000000000000e+01 1.600000000000000000e+01 0.000000000000000000e+00 0.000000000000000000e+00
3.238000000000000256e+01 5.100000000000000000e+01 2.700000000000000000e+01 0.000000000000000000e+00 0.000000000000000000e+00
3.921000000000000085e+01 5.100000000000000000e+01 2.700000000000000000e+01 0.000000000000000000e+00 0.000000000000000000e+00
4.482999999999999829e+01 5.700000000000000000e+01 2.000000000000000000e+01 1.000000000000000000e+00 0.000000000000000000e+00
4.670000000000000284e+01 5.300000000000000000e+01 2.000000000000000000e+01 1.000000000000000000e+00 0.000000000000000000e+00
5.352000000000000313e+01 5.300000000000000000e+01 2.000000000000000000e+01 1.000000000000000000e+00 0.000000000000000000e+00
5.457000000000000028e+01 5.500000000000000000e+01 4.000000000000000000e+00 0.000000000000000000e+00 0.000000000000000000e+00
6.063000000000000256e+01 5.500000000000000000e+01 1.400000000000000000e+01 0.000000000000000000e+00 0.000000000000000000e+00
6.150000000000000000e+01 5.200000000000000000e+01 2.000000000000000000e+01 1.000000000000000000e+00 0.000000000000000000e+00
6.831999999999999318e+01 5.200000000000000000e+01 2.000000000000000000e+01 1.000000000000000000e+00 0.000000000000000000e+00
7.515000000000000568e+01 5.200000000000000000e+01 2.000000000000000000e+01 1.000000000000000000e+00 0.000000000000000000e+00
7.534999999999999432e+01 5.100000000000000000e+01 2.600000000000000000e+01 0.000000000000000000e+00 0.000000000000000000e+00
7.839000000000000057e+01 2.600000000000000000e+01 9.000000000000000000e+00 0.000000000000000000e+00 0.000000000000000000e+00
7.970999999999999375e+01 5.500000000000000000e+01 1.100000000000000000e+01 0.000000000000000000e+00 0.000000000000000000e+00
8.048999999999999488e+01 5.500000000000000000e+01 6.000000000000000000e+00 0.000000000000000000e+00 0.000000000000000000e+00
8.160999999999999943e+01 5.700000000000000000e+01 2.800000000000000000e+01 0.000000000000000000e+00 0.000000000000000000e+00
8.725000000000000000e+01 5.500000000000000000e+01 2.900000000000000000e+01 0.000000000000000000e+00 0.000000000000000000e+00
9.439000000000000057e+01 6.100000000000000000e+01 3.900000000000000000e+01 1.000000000000000000e+00 0.000000000000000000e+00
1.012099999999999937e+02 6.100000000000000000e+01 3.900000000000000000e+01 1.000000000000000000e+00 0.000000000000000000e+00
1.024699999999999989e+02 5.500000000000000000e+01 3.000000000000000000e+00 0.000000000000000000e+00 0.000000000000000000e+00
1.025100000000000051e+02 5.800000000000000000e+01 2.000000000000000000e+01 1.000000000000000000e+00 0.000000000000000000e+00
1.025199999999999960e+02 5.800000000000000000e+01 2.000000000000000000e+01 1.000000000000000000e+00 0.000000000000000000e+00
1.037699999999999960e+02 5.400000000000000000e+01 2.800000000000000000e+01 0.000000000000000000e+00 0.000000000000000000e+00
1.105999999999999943e+02 5.400000000000000000e+01 2.800000000000000000e+01 0.000000000000000000e+00 0.000000000000000000e+00
1.130499999999999972e+02 5.300000000000000000e+01 2.000000000000000000e+01 1.000000000000000000e+00 0.000000000000000000e+00
1.217399999999999949e+02 5.900000000000000000e+01 2.200000000000000000e+01 1.000000000000000000e+00 0.000000000000000000e+00
1.217500000000000000e+02 5.900000000000000000e+01 2.200000000000000000e+01 1.000000000000000000e+00 0.000000000000000000e+00
1.217600000000000051e+02 5.900000000000000000e+01 2.200000000000000000e+01 1.000000000000000000e+00 0.000000000000000000e+00
1.279599999999999937e+02 5.000000000000000000e+01 2.400000000000000000e+01 0.000000000000000000e+00 0.000000000000000000e+00
1.300900000000000034e+02 5.500000000000000000e+01 5.000000000000000000e+00 0.000000000000000000e+00 0.000000000000000000e+00
1.305200000000000102e+02 5.400000000000000000e+01 2.900000000000000000e+01 0.000000000000000000e+00 0.000000000000000000e+00
1.336200000000000045e+02 5.700000000000000000e+01 2.000000000000000000e+01 1.000000000000000000e+00 0.000000000000000000e+00
1.358700000000000045e+02 5.500000000000000000e+01 9.000000000000000000e+00 0.000000000000000000e+00 0.000000000000000000e+00
1.359499999999999886e+02 5.000000000000000000e+01 4.000000000000000000e+01 1.000000000000000000e+00 0.000000000000000000e+00
1.387199999999999989e+02 5.200000000000000000e+01 2.800000000000000000e+01 0.000000000000000000e+00 0.000000000000000000e+00
1.412400000000000091e+02 5.600000000000000000e+01 2.600000000000000000e+01 1.000000000000000000e+00 0.000000000000000000e+00
1.425000000000000000e+02 5.500000000000000000e+01 2.800000000000000000e+01 0.000000000000000000e+00 0.000000000000000000e+00
1.493300000000000125e+02 5.500000000000000000e+01 2.800000000000000000e+01 0.000000000000000000e+00 0.000000000000000000e+00
1.510399999999999920e+02 5.800000000000000000e+01 2.700000000000000000e+01 1.000000000000000000e+00 0.000000000000000000e+00
1.510500000000000114e+02 5.800000000000000000e+01 2.700000000000000000e+01 1.000000000000000000e+00 0.000000000000000000e+00
1.567599999999999909e+02 5.500000000000000000e+01 2.900000000000000000e+01 0.000000000000000000e+00 0.000000000000000000e+00
1.575900000000000034e+02 5.800000000000000000e+01 2.100000000000000000e+01 1.000000000000000000e+00 0.000000000000000000e+00
1.576800000000000068e+02 5.600000000000000000e+01 2.900000000000000000e+01 0.000000000000000000e+00 0.000000000000000000e+00
1.627700000000000102e+02 5.400000000000000000e+01 2.500000000000000000e+01 1.000000000000000000e+00 0.000000000000000000e+00
1.634199999999999875e+02 5.500000000000000000e+01 2.400000000000000000e+01 0.000000000000000000e+00 0.000000000000000000e+00
1.651599999999999966e+02 5.400000000000000000e+01 2.400000000000000000e+01 0.000000000000000000e+00 0.000000000000000000e+00
1.675699999999999932e+02 5.300000000000000000e+01 2.800000000000000000e+01 0.000000000000000000e+00 0.000000000000000000e+00
1.709099999999999966e+02 5.800000000000000000e+01 2.600000000000000000e+01 0.000000000000000000e+00 0.000000000000000000e+00
1.772500000000000000e+02 5.200000000000000000e+01 2.100000000000000000e+01 1.000000000000000000e+00 0.000000000000000000e+00
1.837299999999999898e+02 5.600000000000000000e+01 2.000000000000000000e+01 1.000000000000000000e+00 0.000000000000000000e+00
1.872800000000000011e+02 5.500000000000000000e+01 7.000000000000000000e+00 0.000000000000000000e+00 0.000000000000000000e+00
1.919600000000000080e+02 5.500000000000000000e+01 1.500000000000000000e+01 0.000000000000000000e+00 0.000000000000000000e+00
1.934000000000000057e+02 1.300000000000000000e+01 7.200000000000000000e+01 0.000000000000000000e+00 0.000000000000000000e+00
1.959199999999999875e+02 5.500000000000000000e+01 1.000000000000000000e+00 0.000000000000000000e+00 0.000000000000000000e+00
1.973899999999999864e+02 5.300000000000000000e+01 2.000000000000000000e+01 1.000000000000000000e+00 0.000000000000000000e+00
2.010099999999999909e+02 5.500000000000000000e+01 0.000000000000000000e+00 0.000000000000000000e+00 0.000000000000000000e+00
2.016500000000000057e+02 5.400000000000000000e+01 2.900000000000000000e+01 0.000000000000000000e+00 0.000000000000000000e+00
2.021100000000000136e+02 5.100000000000000000e+01 2.700000000000000000e+01 0.000000000000000000e+00 0.000000000000000000e+00
2.082400000000000091e+02 5.500000000000000000e+01 6.000000000000000000e+00 0.000000000000000000e+00 0.000000000000000000e+00
2.281699999999999875e+02 5.600000000000000000e+01 2.900000000000000000e+01 0.000000000000000000e+00 0.000000000000000000e+00
2.291299999999999955e+02 5.300000000000000000e+01 2.900000000000000000e+01 0.000000000000000000e+00 0.000000000000000000e+00
2.316399999999999864e+02 5.500000000000000000e+01 4.000000000000000000e+00 0.000000000000000000e+00 0.000000000000000000e+00
2.319000000000000057e+02 5.400000000000000000e+01 2.000000000000000000e+01 1.000000000000000000e+00 0.000000000000000000e+00
2.333499999999999943e+02 5.500000000000000000e+01 2.000000000000000000e+00 0.000000000000000000e+00 0.000000000000000000e+00
2.338400000000000034e+02 5.900000000000000000e+01 2.300000000000000000e+01 1.000000000000000000e+00 0.000000000000000000e+00
2.338499999999999943e+02 5.900000000000000000e+01 2.300000000000000000e+01 1.000000000000000000e+00 0.000000000000000000e+00
2.347500000000000000e+02 5.100000000000000000e+01 2.700000000000000000e+01 0.000000000000000000e+00 0.000000000000000000e+00
2.367500000000000000e+02 5.500000000000000000e+01 2.500000000000000000e+01 0.000000000000000000e+00 0.000000000000000000e+00
2.369000000000000057e+02 5.500000000000000000e+01 1.000000000000000000e+01 0.000000000000000000e+00 0.000000000000000000e+00
2.495000000000000000e+02 5.200000000000000000e+01 2.800000000000000000e+01 0.000000000000000000e+00 0.000000000000000000e+00
2.559199999999999875e+02 5.700000000000000000e+01 2.800000000000000000e+01 0.000000000000000000e+00 0.000000000000000000e+00
2.560600000000000023e+02 5.100000000000000000e+01 2.700000000000000000e+01 0.000000000000000000e+00 0.000000000000000000e+00
2.594900000000000091e+02 5.800000000000000000e+01 2.100000000000000000e+01 1.000000000000000000e+00 0.000000000000000000e+00
2.597599999999999909e+02 5.500000000000000000e+01 2.900000000000000000e+01 0.000000000000000000e+00 0.000000000000000000e+00
2.605799999999999841e+02 5.600000000000000000e+01 2.400000000000000000e+01 0.000000000000000000e+00 0.000000000000000000e+00
2.649499999999999886e+02 5.900000000000000000e+01 2.200000000000000000e+01 1.000000000000000000e+00 0.000000000000000000e+00
2.651299999999999955e+02 5.400000000000000000e+01 2.900000000000000000e+01 0.000000000000000000e+00 0.000000000000000000e+00
2.704399999999999977e+02 5.500000000000000000e+01 2.600000000000000000e+01 1.000000000000000000e+00 0.000000000000000000e+00
2.706999999999999886e+02 5.800000000000000000e+01 2.800000000000000000e+01 0.000000000000000000e+00 0.000000000000000000e+00
2.708500000000000227e+02 4.400000000000000000e+01 3.600000000000000000e+01 1.000000000000000000e+00 0.000000000000000000e+00
2.735099999999999909e+02 5.300000000000000000e+01 2.900000000000000000e+01 0.000000000000000000e+00 0.000000000000000000e+00
2.747400000000000091e+02 5.500000000000000000e+01 8.000000000000000000e+00 0.000000000000000000e+00 0.000000000000000000e+00
2.852900000000000205e+02 5.600000000000000000e+01 2.000000000000000000e+01 1.000000000000000000e+00 0.000000000000000000e+00
2.921200000000000045e+02 5.600000000000000000e+01 2.000000000000000000e+01 1.000000000000000000e+00 0.000000000000000000e+00
2.941100000000000136e+02 5.500000000000000000e+01 1.900000000000000000e+01 1.000000000000000000e+00 0.000000000000000000e+00
2.974499999999999886e+02 5.100000000000000000e+01 2.200000000000000000e+01 1.000000000000000000e+00 0.000000000000000000e+00
3.019800000000000182e+02 5.300000000000000000e+01 2.000000000000000000e+01 1.000000000000000000e+00 0.000000000000000000e+00
3.096299999999999955e+02 5.400000000000000000e+01 2.000000000000000000e+01 1.000000000000000000e+00 0.000000000000000000e+00
3.096399999999999864e+02 5.400000000000000000e+01 2.000000000000000000e+01 1.000000000000000000e+00 0.000000000000000000e+00
3.098999999999999773e+02 5.500000000000000000e+01 6.000000000000000000e+00 0.000000000000000000e+00 0.000000000000000000e+00
3.191000000000000227e+02 5.500000000000000000e+01 3.000000000000000000e+00 0.000000000000000000e+00 0.000000000000000000e+00
3.259200000000000159e+02 5.500000000000000000e+01 3.000000000000000000e+00 0.000000000000000000e+00 0.000000000000000000e+00
3.271700000000000159e+02 5.600000000000000000e+01 2.100000000000000000e+01 1.000000000000000000e+00 0.000000000000000000e+00
3.376100000000000136e+02 5.900000000000000000e+01 2.600000000000000000e+01 0.000000000000000000e+00 0.000000000000000000e+00
3.402200000000000273e+02 5.500000000000000000e+01 0.000000000000000000e+00 0.000000000000000000e+00 0.000000000000000000e+00
3.464900000000000091e+02 5.100000000000000000e+01 2.800000000000000000e+01 0.000000000000000000e+00 0.000000000000000000e+00
3.473299999999999841e+02 5.500000000000000000e+01 2.000000000000000000e+01 1.000000000000000000e+00 0.000000000000000000e+00
3.475500000000000114e+02 5.000000000000000000e+01 2.500000000000000000e+01 0.000000000000000000e+00 0.000000000000000000e+00
3.507200000000000273e+02 5.400000000000000000e+01 2.000000000000000000e+01 1.000000000000000000e+00 0.000000000000000000e+00
3.509800000000000182e+02 5.500000000000000000e+01 6.000000000000000000e+00 0.000000000000000000e+00 0.000000000000000000e+00
3.523899999999999864e+02 5.700000000000000000e+01 2.000000000000000000e+01 1.000000000000000000e+00 0.000000000000000000e+00
3.523999999999999773e+02 5.700000000000000000e+01 2.000000000000000000e+01 1.000000000000000000e+00 0.000000000000000000e+00
3.530099999999999909e+02 5.500000000000000000e+01 2.500000000000000000e+01 0.000000000000000000e+00 0.000000000000000000e+00
3.587599999999999909e+02 5.700000000000000000e+01 2.700000000000000000e+01 1.000000000000000000e+00 0.000000000000000000e+00
3.612300000000000182e+02 5.300000000000000000e+01 2.900000000000000000e+01 0.000000000000000000e+00 0.000000000000000000e+00
3.636100000000000136e+02 5.700000000000000000e+01 2.600000000000000000e+01 0.000000000000000000e+00 0.000000000000000000e+00
3.664100000000000250e+02 5.100000000000000000e+01 2.600000000000000000e+01 0.000000000000000000e+00 0.000000000000000000e+00
3.674499999999999886e+02 5.600000000000000000e+01 2.000000000000000000e+01 1.000000000000000000e+00 0.000000000000000000e+00
3.680099999999999909e+02 5.100000000000000000e+01 2.100000000000000000e+01 1.000000000000000000e+00 0.000000000000000000e+00
3.719200000000000159e+02 5.800000000000000000e+01 2.800000000000000000e+01 0.000000000000000000e+00 0.000000000000000000e+00
3.725199999999999818e+02 5.600000000000000000e+01 2.800000000000000000e+01 0.000000000000000000e+00 0.000000000000000000e+00
3.748399999999999750e+02 5.900000000000000000e+01 2.500000000000000000e+01 0.000000000000000000e+00 0.000000000000000000e+00
3.785799999999999841e+02 5.100000000000000000e+01 2.200000000000000000e+01 1.000000000000000000e+00 0.000000000000000000e+00
3.810699999999999932e+02 5.500000000000000000e+01 5.000000000000000000e+00 0.000000000000000000e+00 0.000000000000000000e+00
3.812400000000000091e+02 5.500000000000000000e+01 2.600000000000000000e+01 1.000000000000000000e+00 0.000000000000000000e+00
3.816600000000000250e+02 4.500000000000000000e+01 3.500000000000000000e+01 1.000000000000000000e+00 0.000000000000000000e+00
3.828700000000000045e+02 5.000000000000000000e+01 2.500000000000000000e+01 0.000000000000000000e+00 0.000000000000000000e+00
3.830400000000000205e+02 5.800000000000000000e+01 2.100000000000000000e+01 1.000000000000000000e+00 0.000000000000000000e+00
3.898700000000000045e+02 5.800000000000000000e+01 2.100000000000000000e+01 1.000000000000000000e+00 0.000000000000000000e+00
3.950400000000000205e+02 5.400000000000000000e+01 2.500000000000000000e+01 0.000000000000000000e+00 0.000000000000000000e+00
3.960000000000000000e+02 5.400000000000000000e+01 2.700000000000000000e+01 0.000000000000000000e+00 0.000000000000000000e+00
4.028199999999999932e+02 5.400000000000000000e+01 2.700000000000000000e+01 0.000000000000000000e+00 0.000000000000000000e+00
4.064800000000000182e+02 5.900000000000000000e+01 2.300000000000000000e+01 1.000000000000000000e+00 0.000000000000000000e+00
4.065799999999999841e+02 5.500000000000000000e+01 2.000000000000000000e+00 0.000000000000000000e+00 0.000000000000000000e+00
4.099399999999999977e+02 5.100000000000000000e+01 2.800000000000000000e+01 0.000000000000000000e+00 0.000000000000000000e+00
4.113799999999999955e+02 5.700000000000000000e+01 2.500000000000000000e+01 0.000000000000000000e+00 0.000000000000000000e+00
4.170699999999999932e+02 5.200000000000000000e+01 2.100000000000000000e+01 1.000000000000000000e+00 0.000000000000000000e+00
4.189100000000000250e+02 5.700000000000000000e+01 2.900000000000000000e+01 0.000000000000000000e+00 0.000000000000000000e+00
4.205500000000000114e+02 5.700000000000000000e+01 2.100000000000000000e+01 1.000000000000000000e+00 0.000000000000000000e+00
4.212500000000000000e+02 5.500000000000000000e+01 1.100000000000000000e+01 0.000000000000000000e+00 0.000000000000000000e+00
4.265299999999999727e+02 5.400000000000000000e+01 2.200000000000000000e+01 1.000000000000000000e+00 0.000000000000000000e+00
4.276999999999999886e+02 5.400000000000000000e+01 2.900000000000000000e+01 0.000000000000000000e+00 0.000000000000000000e+00
4.374800000000000182e+02 5.500000000000000000e+01 2.700000000000000000e+01 0.000000000000000000e+00 0.000000000000000000e+00
4.470899999999999750e+02 5.100000000000000000e+01 2.800000000000000000e+01 0.000000000000000000e+00 0.000000000000000000e+00
4.500099999999999909e+02 5.100000000000000000e+01 2.200000000000000000e+01 1.000000000000000000e+00 0.000000000000000000e+00
4.557900000000000205e+02 5.500000000000000000e+01 1.000000000000000000e+00 0.000000000000000000e+00 0.000000000000000000e+00
4.574100000000000250e+02 5.600000000000000000e+01 2.900000000000000000e+01 0.000000000000000000e+00 0.000000000000000000e+00
4.614599999999999795e+02 5.500000000000000000e+01 7.000000000000000000e+00 0.000000000000000000e+00 0.000000000000000000e+00
4.643299999999999841e+02 5.300000000000000000e+01 2.000000000000000000e+01 1.000000000000000000e+00 0.000000000000000000e+00
4.696600000000000250e+02 5.500000000000000000e+01 2.900000000000000000e+01 0.000000000000000000e+00 0.000000000000000000e+00
4.697699999999999818e+02 5.400000000000000000e+01 2.000000000000000000e+01 1.000000000000000000e+00 0.000000000000000000e+00
4.729100000000000250e+02 5.500000000000000000e+01 2.800000000000000000e+01 0.000000000000000000e+00 0.000000000000000000e+00
4.759300000000000068e+02 5.600000000000000000e+01 2.000000000000000000e+01 1.000000000000000000e+00 0.000000000000000000e+00
4.774200000000000159e+02 5.500000000000000000e+01 3.000000000000000000e+00 0.000000000000000000e+00 0.000000000000000000e+00
4.792900000000000205e+02 5.000000000000000000e+01 2.600000000000000000e+01 0.000000000000000000e+00 0.000000000000000000e+00
4.882799999999999727e+02 5.700000000000000000e+01 2.900000000000000000e+01 0.000000000000000000e+00 0.000000000000000000e+00
4.905199999999999818e+02 5.700000000000000000e+01 2.800000000000000000e+01 0.000000000000000000e+00 0.000000000000000000e+00
4.915500000000000114e+02 5.200000000000000000e+01 2.900000000000000000e+01 0.000000000000000000e+00 0.000000000000000000e+00
4.932599999999999909e+02 5.700000000000000000e+01 2.100000000000000000e+01 1.000000000000000000e+00 0.000000000000000000e+00
4.949499999999999886e+02 5.300000000000000000e+01 2.100000000000000000e+01 1.000000000000000000e+00 0.000000000000000000e+00
5.017699999999999818e+02 5.300000000000000000e+01 2.100000000000000000e+01 1.000000000000000000e+00 0.000000000000000000e+00
5.068500000000000227e+02 5.500000000000000000e+01 3.000000000000000000e+01 0.000000000000000000e+00 0.000000000000000000e+00
5.096600000000000250e+02 5.400000000000000000e+01 2.500000000000000000e+01 0.000000000000000000e+00 0.000000000000000000e+00
5.102799999999999727e+02 5.800000000000000000e+01 2.200000000000000000e+01 1.000000000000000000e+00 0.000000000000000000e+00
5.171100000000000136e+02 5.800000000000000000e+01 2.200000000000000000e+01 1.000000000000000000e+00 0.000000000000000000e+00
5.212699999999999818e+02 2.500000000000000000e+01 2.800000000000000000e+01 0.000000000000000000e+00 0.000000000000000000e+00
5.227799999999999727e+02 4.300000000000000000e+01 3.500000000000000000e+01 1.000000000000000000e+00 0.000000000000000000e+00
5.243700000000000045e+02 5.400000000000000000e+01 2.800000000000000000e+01 0.000000000000000000e+00 0.000000000000000000e+00
5.254700000000000273e+02 5.100000000000000000e+01 2.800000000000000000e+01 0.000000000000000000e+00 0.000000000000000000e+00
5.256499999999999773e+02 5.100000000000000000e+01 2.500000000000000000e+01 0.000000000000000000e+00 0.000000000000000000e+00
5.261100000000000136e+02 5.400000000000000000e+01 2.500000000000000000e+01 0.000000000000000000e+00 0.000000000000000000e+00
5.303899999999999864e+02 5.800000000000000000e+01 2.500000000000000000e+01 0.000000000000000000e+00 0.000000000000000000e+00
5.318500000000000227e+02 5.600000000000000000e+01 2.600000000000000000e+01 0.000000000000000000e+00 0.000000000000000000e+00
5.329900000000000091e+02 5.000000000000000000e+01 2.500000000000000000e+01 0.000000000000000000e+00 0.000000000000000000e+00
5.343999999999999773e+02 2.700000000000000000e+01 5.600000000000000000e+01 0.000000000000000000e+00 0.000000000000000000e+00
5.365900000000000318e+02 5.900000000000000000e+01 2.700000000000000000e+01 0.000000000000000000e+00 0.000000000000000000e+00
5.367599999999999909e+02 5.300000000000000000e+01 2.900000000000000000e+01 0.000000000000000000e+00 0.000000000000000000e+00
5.376000000000000227e+02 5.200000000000000000e+01 2.100000000000000000e+01 1.000000000000000000e+00 0.000000000000000000e+00
5.376499999999999773e+02 5.200000000000000000e+01 2.900000000000000000e+01 0.000000000000000000e+00 0.000000000000000000e+00
5.387599999999999909e+02 5.900000000000000000e+01 2.600000000000000000e+01 0.000000000000000000e+00 0.000000000000000000e+00
5.444800000000000182e+02 5.600000000000000000e+01 2.500000000000000000e+01 0.000000000000000000e+00 0.000000000000000000e+00
5.449700000000000273e+02 5.500000000000000000e+01 3.000000000000000000e+01 0.000000000000000000e+00 0.000000000000000000e+00
5.517999999999999545e+02 5.500000000000000000e+01 3.000000000000000000e+01 0.000000000000000000e+00 0.000000000000000000e+00
5.551799999999999500e+02 5.300000000000000000e+01 2.100000000000000000e+01 1.000000000000000000e+00 0.000000000000000000e+00
5.574800000000000182e+02 5.400000000000000000e+01 3.000000000000000000e+01 0.000000000000000000e+00 0.000000000000000000e+00
5.631000000000000227e+02 5.500000000000000000e+01 2.600000000000000000e+01 0.000000000000000000e+00 0.000000000000000000e+00
5.641499999999999773e+02 5.800000000000000000e+01 2.700000000000000000e+01 0.000000000000000000e+00 0.000000000000000000e+00
5.648300000000000409e+02 5.500000000000000000e+01 1.900000000000000000e+01 1.000000000000000000e+00 0.000000000000000000e+00
5.658600000000000136e+02 5.400000000000000000e+01 2.600000000000000000e+01 1.000000000000000000e+00 0.000000000000000000e+00
5.662899999999999636e+02 5.800000000000000000e+01 2.200000000000000000e+01 1.000000000000000000e+00 0.000000000000000000e+00
5.771699999999999591e+02 5.600000000000000000e+01 2.100000000000000000e+01 1.000000000000000000e+00 0.000000000000000000e+00
5.779900000000000091e+02 5.700000000000000000e+01 2.100000000000000000e+01 1.000000000000000000e+00 0.000000000000000000e+00
5.795599999999999454e+02 5.600000000000000000e+01 2.900000000000000000e+01 0.000000000000000000e+00 0.000000000000000000e+00
5.796900000000000546e+02 5.300000000000000000e+01 3.000000000000000000e+01 0.000000000000000000e+00 0.000000000000000000e+00
5.804299999999999500e+02 5.100000000000000000e+01 2.200000000000000000e+01 1.000000000000000000e+00 0.000000000000000000e+00
5.805199999999999818e+02 5.100000000000000000e+01 2.800000000000000000e+01 0.000000000000000000e+00 0.000000000000000000e+00
5.807699999999999818e+02 5.500000000000000000e+01 0.000000000000000000e+00 0.000000000000000000e+00 0.000000000000000000e+00
5.808300000000000409e+02 5.600000000000000000e+01 2.600000000000000000e+01 0.000000000000000000e+00 0.000000000000000000e+00
5.857899999999999636e+02 5.900000000000000000e+01 2.400000000000000000e+01 1.000000000000000000e+00 0.000000000000000000e+00
5.857999999999999545e+02 5.900000000000000000e+01 2.400000000000000000e+01 1.000000000000000000e+00 0.000000000000000000e+00
5.872000000000000455e+02 5.000000000000000000e+01 2.600000000000000000e+01 0.000000000000000000e+00 0.000000000000000000e+00
5.903700000000000045e+02 5.500000000000000000e+01 2.000000000000000000e+00 0.000000000000000000e+00 0.000000000000000000e+00
5.972000000000000455e+02 5.500000000000000000e+01 2.000000000000000000e+00 0.000000000000000000e+00 0.000000000000000000e+00
5.974299999999999500e+02 5.900000000000000000e+01 2.300000000000000000e+01 1.000000000000000000e+00 0.000000000000000000e+00
5.994800000000000182e+02 5.000000000000000000e+01 2.700000000000000000e+01 0.000000000000000000e+00 0.000000000000000000e+00
6.010000000000000000e+02 5.300000000000000000e+01 2.100000000000000000e+01 1.000000000000000000e+00 0.000000000000000000e+00
6.026000000000000227e+02 5.300000000000000000e+01 2.900000000000000000e+01 0.000000000000000000e+00 0.000000000000000000e+00
6.050599999999999454e+02 5.400000000000000000e+01 3.000000000000000000e+01 0.000000000000000000e+00 0.000000000000000000e+00
6.065599999999999454e+02 5.300000000000000000e+01 3.000000000000000000e+01 0.000000000000000000e+00 0.000000000000000000e+00
6.106900000000000546e+02 5.500000000000000000e+01 3.000000000000000000e+01 0.000000000000000000e+00 0.000000000000000000e+00
6.109099999999999682e+02 5.400000000000000000e+01 2.100000000000000000e+01 1.000000000000000000e+00 0.000000000000000000e+00
6.118700000000000045e+02 5.200000000000000000e+01 2.700000000000000000e+01 0.000000000000000000e+00 0.000000000000000000e+00
6.124600000000000364e+02 5.400000000000000000e+01 4.000000000000000000e+01 1.000000000000000000e+00 0.000000000000000000e+00
6.201399999999999864e+02 5.500000000000000000e+01 4.000000000000000000e+00 0.000000000000000000e+00 0.000000000000000000e+00
6.216900000000000546e+02 5.500000000000000000e+01 2.100000000000000000e+01 1.000000000000000000e+00 0.000000000000000000e+00
6.240599999999999454e+02 5.600000000000000000e+01 3.000000000000000000e+01 0.000000000000000000e+00 0.000000000000000000e+00
6.296900000000000546e+02 5.700000000000000000e+01 2.900000000000000000e+01 0.000000000000000000e+00 0.000000000000000000e+00
6.323099999999999454e+02 5.400000000000000000e+01 3.000000000000000000e+01 0.000000000000000000e+00 0.000000000000000000e+00
6.331399999999999864e+02 5.800000000000000000e+01 2.600000000000000000e+01 0.000000000000000000e+00 0.000000000000000000e+00
6.420299999999999727e+02 5.200000000000000000e+01 2.200000000000000000e+01 1.000000000000000000e+00 0.000000000000000000e+00
6.420399999999999636e+02 5.700000000000000000e+01 2.400000000000000000e+01 0.000000000000000000e+00 0.000000000000000000e+00
6.435599999999999454e+02 5.800000000000000000e+01 2.200000000000000000e+01 1.000000000000000000e+00 0.000000000000000000e+00
6.451399999999999864e+02 5.500000000000000000e+01 2.200000000000000000e+01 1.000000000000000000e+00 0.000000000000000000e+00
6.454700000000000273e+02 5.100000000000000000e+01 2.900000000000000000e+01 0.000000000000000000e+00 0.000000000000000000e+00
6.518999999999999773e+02 5.400000000000000000e+01 2.100000000000000000e+01 1.000000000000000000e+00 0.000000000000000000e+00
6.536900000000000546e+02 5.300000000000000000e+01 2.100000000000000000e+01 1.000000000000000000e+00 0.000000000000000000e+00
6.574600000000000364e+02 5.000000000000000000e+01 2.700000000000000000e+01 0.000000000000000000e+00 0.000000000000000000e+00
6.601299999999999955e+02 5.700000000000000000e+01 2.700000000000000000e+01 0.000000000000000000e+00 0.000000000000000000e+00
6.661299999999999955e+02 5.900000000000000000e+01 2.700000000000000000e+01 0.000000000000000000e+00 0.000000000000000000e+00
6.677300000000000182e+02 5.500000000000000000e+01 2.600000000000000000e+01 0.000000000000000000e+00 0.000000000000000000e+00
6.678899999999999864e+02 5.300000000000000000e+01 3.000000000000000000e+01 0.000000000000000000e+00 0.000000000000000000e+00
6.722899999999999636e+02 5.600000000000000000e+01 2.100000000000000000e+01 1.000000000000000000e+00 0.000000000000000000e+00
6.745299999999999727e+02 5.500000000000000000e+01 2.000000000000000000e+01 1.000000000000000000e+00 0.000000000000000000e+00
6.756499999999999773e+02 5.100000000000000000e+01 2.700000000000000000e+01 0.000000000000000000e+00 0.000000000000000000e+00
6.798500000000000227e+02 5.200000000000000000e+01 2.200000000000000000e+01 1.000000000000000000e+00 0.000000000000000000e+00
6.801599999999999682e+02 5.400000000000000000e+01 2.800000000000000000e+01 0.000000000000000000e+00 0.000000000000000000e+00
6.807100000000000364e+02 5.500000000000000000e+01 2.700000000000000000e+01 1.000000000000000000e+00 0.000000000000000000e+00
6.832999999999999545e+02 5.500000000000000000e+01 7.000000000000000000e+00 0.000000000000000000e+00 0.000000000000000000e+00
6.876799999999999500e+02 5.400000000000000000e+01 2.600000000000000000e+01 0.000000000000000000e+00 0.000000000000000000e+00
6.915900000000000318e+02 5.100000000000000000e+01 2.900000000000000000e+01 0.000000000000000000e+00 0.000000000000000000e+00
6.963700000000000045e+02 5.400000000000000000e+01 2.100000000000000000e+01 1.000000000000000000e+00 0.000000000000000000e+00
6.964299999999999500e+02 5.400000000000000000e+01 2.800000000000000000e+01 0.000000000000000000e+00 0.000000000000000000e+00
6.965199999999999818e+02 5.300000000000000000e+01 2.900000000000000000e+01 0.000000000000000000e+00 0.000000000000000000e+00
6.982200000000000273e+02 5.500000000000000000e+01 1.800000000000000000e+01 1.000000000000000000e+00 0.000000000000000000e+00
7.050499999999999545e+02 5.500000000000000000e+01 1.800000000000000000e+01 1.000000000000000000e+00 0.000000000000000000e+00
7.077000000000000455e+02 5.000000000000000000e+01 2.700000000000000000e+01 0.000000000000000000e+00 0.000000000000000000e+00
7.109700000000000273e+02 5.200000000000000000e+01 3.000000000000000000e+01 0.000000000000000000e+00 0.000000000000000000e+00
7.138999999999999773e+02 5.100000000000000000e+01 2.300000000000000000e+01 1.000000000000000000e+00 0.000000000000000000e+00
7.153899999999999864e+02 5.700000000000000000e+01 2.800000000000000000e+01 1.000000000000000000e+00 0.000000000000000000e+00
7.180700000000000500e+02 5.900000000000000000e+01 2.400000000000000000e+01 1.000000000000000000e+00 0.000000000000000000e+00
7.219500000000000455e+02 5.700000000000000000e+01 3.000000000000000000e+01 0.000000000000000000e+00 0.000000000000000000e+00
7.243500000000000227e+02 5.900000000000000000e+01 4.600000000000000000e+01 1.000000000000000000e+00 0.000000000000000000e+00
7.246599999999999682e+02 5.500000000000000000e+01 2.100000000000000000e+01 1.000000000000000000e+00 0.000000000000000000e+00
7.261100000000000136e+02 5.000000000000000000e+01 2.600000000000000000e+01 0.000000000000000000e+00 0.000000000000000000e+00
7.265299999999999727e+02 5.600000000000000000e+01 3.000000000000000000e+01 0.000000000000000000e+00 0.000000000000000000e+00
7.278200000000000500e+02 5.200000000000000000e+01 2.200000000000000000e+01 1.000000000000000000e+00 0.000000000000000000e+00
7.321699999999999591e+02 5.600000000000000000e+01 2.200000000000000000e+01 1.000000000000000000e+00 0.000000000000000000e+00
7.344299999999999500e+02 5.700000000000000000e+01 2.200000000000000000e+01 1.000000000000000000e+00 0.000000000000000000e+00
7.344900000000000091e+02 5.500000000000000000e+01 3.000000000000000000e+01 0.000000000000000000e+00 0.000000000000000000e+00
7.413200000000000500e+02 5.500000000000000000e+01 3.000000000000000000e+01 0.000000000000000000e+00 0.000000000000000000e+00
7.468099999999999454e+02 5.200000000000000000e+01 3.000000000000000000e+01 0.000000000000000000e+00 0.000000000000000000e+00
7.469299999999999500e+02 5.600000000000000000e+01 2.900000000000000000e+01 0.000000000000000000e+00 0.000000000000000000e+00
7.507100000000000364e+02 5.500000000000000000e+01 2.600000000000000000e+01 0.000000000000000000e+00 0.000000000000000000e+00
7.535299999999999727e+02 5.300000000000000000e+01 2.800000000000000000e+01 0.000000000000000000e+00 0.000000000000000000e+00
7.547899999999999636e+02 5.100000000000000000e+01 2.900000000000000000e+01 0.000000000000000000e+00 0.000000000000000000e+00
7.549400000000000546e+02 5.700000000000000000e+01 2.600000000000000000e+01 0.000000000000000000e+00 0.000000000000000000e+00
7.562699999999999818e+02 5.400000000000000000e+01 2.600000000000000000e+01 0.000000000000000000e+00 0.000000000000000000e+00
7.568200000000000500e+02 5.400000000000000000e+01 2.400000000000000000e+01 0.000000000000000000e+00 0.000000000000000000e+00
7.599800000000000182e+02 5.200000000000000000e+01 2.700000000000000000e+01 0.000000000000000000e+00 0.000000000000000000e+00
7.607699999999999818e+02 5.700000000000000000e+01 2.900000000000000000e+01 0.000000000000000000e+00 0.000000000000000000e+00
7.613500000000000227e+02 5.700000000000000000e+01 2.500000000000000000e+01 0.000000000000000000e+00 0.000000000000000000e+00
7.637000000000000455e+02 5.000000000000000000e+01 2.800000000000000000e+01 0.000000000000000000e+00 0.000000000000000000e+00
7.665599999999999454e+02 5.200000000000000000e+01 2.200000000000000000e+01 1.000000000000000000e+00 0.000000000000000000e+00
7.733799999999999955e+02 5.200000000000000000e+01 2.200000000000000000e+01 1.000000000000000000e+00 0.000000000000000000e+00
7.751900000000000546e+02 5.200000000000000000e+01 2.900000000000000000e+01 0.000000000000000000e+00 0.000000000000000000e+00
7.762899999999999636e+02 5.100000000000000000e+01 2.600000000000000000e+01 0.000000000000000000e+00 0.000000000000000000e+00
7.782699999999999818e+02 5.200000000000000000e+01 2.700000000000000000e+01 0.000000000000000000e+00 0.000000000000000000e+00
7.801399999999999864e+02 5.200000000000000000e+01 3.000000000000000000e+01 0.000000000000000000e+00 0.000000000000000000e+00
7.805499999999999545e+02 5.500000000000000000e+01 1.700000000000000000e+01 1.000000000000000000e+00 0.000000000000000000e+00
7.837799999999999727e+02 5.400000000000000000e+01 2.100000000000000000e+01 1.000000000000000000e+00 0.000000000000000000e+00
7.854800000000000182e+02 5.300000000000000000e+01 2.100000000000000000e+01 1.000000000000000000e+00 0.000000000000000000e+00
7.857000000000000455e+02 5.100000000000000000e+01 2.300000000000000000e+01 1.000000000000000000e+00 0.000000000000000000e+00
7.862899999999999636e+02 5.200000000000000000e+01 2.800000000000000000e+01 0.000000000000000000e+00 0.000000000000000000e+00
7.865099999999999909e+02 5.500000000000000000e+01 3.100000000000000000e+01 0.000000000000000000e+00 0.000000000000000000e+00
7.879700000000000273e+02 5.700000000000000000e+01 3.000000000000000000e+01 0.000000000000000000e+00 0.000000000000000000e+00
7.880199999999999818e+02 5.400000000000000000e+01 3.100000000000000000e+01 0.000000000000000000e+00 0.000000000000000000e+00
7.922799999999999727e+02 5.400000000000000000e+01 3.000000000000000000e+01 0.000000000000000000e+00 0.000000000000000000e+00
7.997100000000000364e+02 5.000000000000000000e+01 2.700000000000000000e+01 0.000000000000000000e+00 0.000000000000000000e+00
8.012200000000000273e+02 5.400000000000000000e+01 2.300000000000000000e+01 1.000000000000000000e+00 0.000000000000000000e+00
8.021200000000000045e+02 5.900000000000000000e+01 2.800000000000000000e+01 0.000000000000000000e+00 0.000000000000000000e+00
8.104700000000000273e+02 5.600000000000000000e+01 2.100000000000000000e+01 1.000000000000000000e+00 0.000000000000000000e+00
8.110599999999999454e+02 5.300000000000000000e+01 3.000000000000000000e+01 0.000000000000000000e+00 0.000000000000000000e+00
8.121799999999999500e+02 5.100000000000000000e+01 2.200000000000000000e+01 1.000000000000000000e+00 0.000000000000000000e+00
8.125700000000000500e+02 5.800000000000000000e+01 2.900000000000000000e+01 0.000000000000000000e+00 0.000000000000000000e+00
8.143899999999999864e+02 5.500000000000000000e+01 1.500000000000000000e+01 1.000000000000000000e+00 0.000000000000000000e+00
8.145299999999999727e+02 5.500000000000000000e+01 3.100000000000000000e+01 0.000000000000000000e+00 0.000000000000000000e+00
8.160399999999999636e+02 5.800000000000000000e+01 2.300000000000000000e+01 1.000000000000000000e+00 0.000000000000000000e+00
8.162300000000000182e+02 2.600000000000000000e+01 5.800000000000000000e+01 0.000000000000000000e+00 0.000000000000000000e+00
8.178200000000000500e+02 5.000000000000000000e+01 2.800000000000000000e+01 0.000000000000000000e+00 0.000000000000000000e+00
8.226000000000000227e+02 5.900000000000000000e+01 2.700000000000000000e+01 0.000000000000000000e+00 0.000000000000000000e+00
8.335700000000000500e+02 5.300000000000000000e+01 3.100000000000000000e+01 0.000000000000000000e+00 0.000000000000000000e+00
8.365199999999999818e+02 5.400000000000000000e+01 3.100000000000000000e+01 0.000000000000000000e+00 0.000000000000000000e+00
8.392999999999999545e+02 4.200000000000000000e+01 3.000000000000000000e+01 1.000000000000000000e+00 0.000000000000000000e+00
8.407300000000000182e+02 5.800000000000000000e+01 2.800000000000000000e+01 0.000000000000000000e+00 0.000000000000000000e+00
8.443500000000000227e+02 5.200000000000000000e+01 2.200000000000000000e+01 1.000000000000000000e+00 0.000000000000000000e+00
8.462999999999999545e+02 5.500000000000000000e+01 3.000000000000000000e+00 0.000000000000000000e+00 0.000000000000000000e+00
8.492899999999999636e+02 5.800000000000000000e+01 2.200000000000000000e+01 1.000000000000000000e+00 0.000000000000000000e+00
8.511900000000000546e+02 5.500000000000000000e+01 2.900000000000000000e+01 0.000000000000000000e+00 0.000000000000000000e+00
8.515700000000000500e+02 5.200000000000000000e+01 3.000000000000000000e+01 0.000000000000000000e+00 0.000000000000000000e+00
8.540399999999999636e+02 5.500000000000000000e+01 1.000000000000000000e+00 0.000000000000000000e+00 0.000000000000000000e+00
8.546799999999999500e+02 5.300000000000000000e+01 2.200000000000000000e+01 1.000000000000000000e+00 0.000000000000000000e+00
8.561699999999999591e+02 5.300000000000000000e+01 2.600000000000000000e+01 0.000000000000000000e+00 0.000000000000000000e+00
8.609600000000000364e+02 5.100000000000000000e+01 2.900000000000000000e+01 0.000000000000000000e+00 0.000000000000000000e+00
8.618500000000000227e+02 5.500000000000000000e+01 3.100000000000000000e+01 0.000000000000000000e+00 0.000000000000000000e+00
8.652400000000000091e+02 5.500000000000000000e+01 2.000000000000000000e+01 1.000000000000000000e+00 0.000000000000000000e+00
8.669199999999999591e+02 5.400000000000000000e+01 2.900000000000000000e+01 0.000000000000000000e+00 0.000000000000000000e+00
8.679500000000000455e+02 5.600000000000000000e+01 3.100000000000000000e+01 0.000000000000000000e+00 0.000000000000000000e+00
8.720599999999999454e+02 5.400000000000000000e+01 2.700000000000000000e+01 1.000000000000000000e+00 0.000000000000000000e+00
8.799500000000000455e+02 5.700000000000000000e+01 2.200000000000000000e+01 1.000000000000000000e+00 0.000000000000000000e+00
8.809199999999999591e+02 5.100000000000000000e+01 2.300000000000000000e+01 1.000000000000000000e+00 0.000000000000000000e+00
8.818600000000000136e+02 5.900000000000000000e+01 2.500000000000000000e+01 1.000000000000000000e+00 0.000000000000000000e+00
8.828600000000000136e+02 5.500000000000000000e+01 1.400000000000000000e+01 1.000000000000000000e+00 0.000000000000000000e+00
8.840299999999999727e+02 5.300000000000000000e+01 3.100000000000000000e+01 0.000000000000000000e+00 0.000000000000000000e+00
8.856000000000000227e+02 5.300000000000000000e+01 3.000000000000000000e+01 0.000000000000000000e+00 0.000000000000000000e+00
8.880599999999999454e+02 5.100000000000000000e+01 3.000000000000000000e+01 0.000000000000000000e+00 0.000000000000000000e+00
8.883500000000000227e+02 5.800000000000000000e+01 2.300000000000000000e+01 1.000000000000000000e+00 0.000000000000000000e+00
8.908799999999999955e+02 5.600000000000000000e+01 2.200000000000000000e+01 1.000000000000000000e+00 0.000000000000000000e+00
8.977100000000000364e+02 5.600000000000000000e+01 2.200000000000000000e+01 1.000000000000000000e+00 0.000000000000000000e+00
8.985199999999999818e+02 5.400000000000000000e+01 3.100000000000000000e+01 0.000000000000000000e+00 0.000000000000000000e+00
9.038899999999999864e+02 5.500000000000000000e+01 2.700000000000000000e+01 0.000000000000000000e+00 0.000000000000000000e+00
9.070499999999999545e+02 5.400000000000000000e+01 4.900000000000000000e+01 1.000000000000000000e+00 0.000000000000000000e+00
9.084900000000000091e+02 5.800000000000000000e+01 2.700000000000000000e+01 0.000000000000000000e+00 0.000000000000000000e+00
9.100700000000000500e+02 5.500000000000000000e+01 1.600000000000000000e+01 1.000000000000000000e+00 0.000000000000000000e+00
9.112699999999999818e+02 5.600000000000000000e+01 2.500000000000000000e+01 0.000000000000000000e+00 0.000000000000000000e+00
9.119299999999999500e+02 5.100000000000000000e+01 3.000000000000000000e+01 0.000000000000000000e+00 0.000000000000000000e+00
9.123600000000000136e+02 5.100000000000000000e+01 2.900000000000000000e+01 0.000000000000000000e+00 0.000000000000000000e+00
9.131399999999999864e+02 5.300000000000000000e+01 2.200000000000000000e+01 1.000000000000000000e+00 0.000000000000000000e+00
9.148799999999999955e+02 5.400000000000000000e+01 1.900000000000000000e+01 1.000000000000000000e+00 0.000000000000000000e+00
9.149600000000000364e+02 5.600000000000000000e+01 3.100000000000000000e+01 0.000000000000000000e+00 0.000000000000000000e+00
9.166799999999999500e+02 5.000000000000000000e+01 2.800000000000000000e+01 0.000000000000000000e+00 0.000000000000000000e+00
9.195099999999999909e+02 5.600000000000000000e+01 3.000000000000000000e+01 0.000000000000000000e+00 0.000000000000000000e+00
9.210599999999999454e+02 5.600000000000000000e+01 2.600000000000000000e+01 0.000000000000000000e+00 0.000000000000000000e+00
9.247400000000000091e+02 5.800000000000000000e+01 3.000000000000000000e+01 0.000000000000000000e+00 0.000000000000000000e+00
9.290000000000000000e+02 5.200000000000000000e+01 2.700000000000000000e+01 0.000000000000000000e+00 0.000000000000000000e+00
9.306399999999999864e+02 5.700000000000000000e+01 2.800000000000000000e+01 0.000000000000000000e+00 0.000000000000000000e+00
9.322899999999999636e+02 5.300000000000000000e+01 3.100000000000000000e+01 0.000000000000000000e+00 0.000000000000000000e+00
9.326699999999999591e+02 5.500000000000000000e+01 2.700000000000000000e+01 0.000000000000000000e+00 0.000000000000000000e+00
9.332200000000000273e+02 5.400000000000000000e+01 3.100000000000000000e+01 0.000000000000000000e+00 0.000000000000000000e+00
9.341100000000000136e+02 5.500000000000000000e+01 2.200000000000000000e+01 1.000000000000000000e+00 0.000000000000000000e+00
9.344199999999999591e+02 5.500000000000000000e+01 1.900000000000000000e+01 1.000000000000000000e+00 0.000000000000000000e+00
9.359400000000000546e+02 5.100000000000000000e+01 3.000000000000000000e+01 0.000000000000000000e+00 0.000000000000000000e+00
9.367500000000000000e+02 5.900000000000000000e+01 2.800000000000000000e+01 0.000000000000000000e+00 0.000000000000000000e+00
9.370000000000000000e+02 5.500000000000000000e+01 3.100000000000000000e+01 0.000000000000000000e+00 0.000000000000000000e+00
9.415599999999999454e+02 5.400000000000000000e+01 2.200000000000000000e+01 1.000000000000000000e+00 0.000000000000000000e+00
9.430599999999999454e+02 5.000000000000000000e+01 2.800000000000000000e+01 0.000000000000000000e+00 0.000000000000000000e+00
9.437599999999999909e+02 5.000000000000000000e+01 2.700000000000000000e+01 0.000000000000000000e+00 0.000000000000000000e+00
9.455000000000000000e+02 5.500000000000000000e+01 2.100000000000000000e+01 1.000000000000000000e+00 0.000000000000000000e+00
9.473600000000000136e+02 7.000000000000000000e+00 9.000000000000000000e+00 0.000000000000000000e+00 0.000000000000000000e+00
9.484099999999999682e+02 5.200000000000000000e+01 2.300000000000000000e+01 1.000000000000000000e+00 0.000000000000000000e+00
9.537699999999999818e+02 5.300000000000000000e+01 2.200000000000000000e+01 1.000000000000000000e+00 0.000000000000000000e+00
9.575000000000000000e+02 5.500000000000000000e+01 2.700000000000000000e+01 0.000000000000000000e+00 0.000000000000000000e+00
9.593200000000000500e+02 5.000000000000000000e+01 2.900000000000000000e+01 0.000000000000000000e+00 0.000000000000000000e+00
9.627999999999999545e+02 5.900000000000000000e+01 2.400000000000000000e+01 1.000000000000000000e+00 0.000000000000000000e+00
9.641699999999999591e+02 5.200000000000000000e+01 3.100000000000000000e+01 0.000000000000000000e+00 0.000000000000000000e+00
9.668600000000000136e+02 5.900000000000000000e+01 2.900000000000000000e+01 0.000000000000000000e+00 0.000000000000000000e+00
9.729800000000000182e+02 5.400000000000000000e+01 2.700000000000000000e+01 0.000000000000000000e+00 0.000000000000000000e+00
9.757799999999999727e+02 5.500000000000000000e+01 2.800000000000000000e+01 1.000000000000000000e+00 0.000000000000000000e+00
9.771799999999999500e+02 5.100000000000000000e+01 3.000000000000000000e+01 0.000000000000000000e+00 0.000000000000000000e+00
9.812000000000000455e+02 5.800000000000000000e+01 2.300000000000000000e+01 1.000000000000000000e+00 0.000000000000000000e+00
9.867599999999999909e+02 5.700000000000000000e+01 3.000000000000000000e+01 0.000000000000000000e+00 0.000000000000000000e+00
9.869099999999999682e+02 5.100000000000000000e+01 2.800000000000000000e+01 0.000000000000000000e+00 0.000000000000000000e+00
9.874600000000000364e+02 5.500000000000000000e+01 2.200000000000000000e+01 1.000000000000000000e+00 0.000000000000000000e+00
9.876100000000000136e+02 5.200000000000000000e+01 3.000000000000000000e+01 0.000000000000000000e+00 0.000000000000000000e+00
9.900299999999999727e+02 5.500000000000000000e+01 2.600000000000000000e+01 0.000000000000000000e+00 0.000000000000000000e+00
9.935700000000000500e+02 5.500000000000000000e+01 1.100000000000000000e+01 1.000000000000000000e+00 0.000000000000000000e+00
9.947200000000000273e+02 5.300000000000000000e+01 2.400000000000000000e+01 0.000000000000000000e+00 0.000000000000000000e+00
9.954299999999999500e+02 5.200000000000000000e+01 3.100000000000000000e+01 0.000000000000000000e+00 0.000000000000000000e+00
9.960299999999999727e+02 5.000000000000000000e+01 2.900000000000000000e+01 0.000000000000000000e+00 0.000000000000000000e+00
9.982899999999999636e+02 5.300000000000000000e+01 3.100000000000000000e+01 0.000000000000000000e+00 0.000000000000000000e+00
