1.800000000000000000e+01 4.600000000000000000e+01 3.200000000000000000e+01 1.000000000000000000e+00 0.000000000000000000e+00
4.300000000000000000e+01 6.000000000000000000e+00 5.600000000000000000e+01 0.000000000000000000e+00 0.000000000000000000e+00
5.400000000000000000e+01 4.400000000000000000e+01 3.200000000000000000e+01 1.000000000000000000e+00 0.000000000000000000e+00
8.200000000000000000e+01 5.300000000000000000e+01 3.500000000000000000e+01 1.000000000000000000e+00 0.000000000000000000e+00
1.460000000000000000e+02 5.600000000000000000e+01 1.500000000000000000e+01 1.000000000000000000e+00 0.000000000000000000e+00
1.530000000000000000e+02 6.200000000000000000e+01 3.700000000000000000e+01 1.000000000000000000e+00 0.000000000000000000e+00
1.580000000000000000e+02 5.000000000000000000e+01 4.300000000000000000e+01 0.000000000000000000e+00 0.000000000000000000e+00
1.590000000000000000e+02 5.400000000000000000e+01 3.800000000000000000e+01 0.000000000000000000e+00 0.000000000000000000e+00
1.800000000000000000e+02 5.400000000000000000e+01 3.600000000000000000e+01 1.000000000000000000e+00 0.000000000000000000e+00
2.200000000000000000e+02 5.400000000000000000e+01 4.200000000000000000e+01 0.000000000000000000e+00 0.000000000000000000e+00
2.300000000000000000e+02 5.300000000000000000e+01 3.900000000000000000e+01 0.000000000000000000e+00 0.000000000000000000e+00
2.610000000000000000e+02 5.900000000000000000e+01 4.100000000000000000e+01 1.000000000000000000e+00 0.000000000000000000e+00
2.750000000000000000e+02 5.700000000000000000e+01 3.800000000000000000e+01 0.000000000000000000e+00 0.000000000000000000e+00
2.960000000000000000e+02 4.800000000000000000e+01 4.200000000000000000e+01 1.000000000000000000e+00 0.000000000000000000e+00
3.060000000000000000e+02 5.000000000000000000e+01 3.700000000000000000e+01 1.000000000000000000e+00 0.000000000000000000e+00
3.510000000000000000e+02 5.300000000000000000e+01 2.500000000000000000e+01 1.000000000000000000e+00 0.000000000000000000e+00
3.560000000000000000e+02 5.600000000000000000e+01 4.300000000000000000e+01 0.000000000000000000e+00 0.000000000000000000e+00
3.940000000000000000e+02 5.100000000000000000e+01 3.600000000000000000e+01 1.000000000000000000e+00 0.000000000000000000e+00
4.200000000000000000e+02 6.000000000000000000e+01 4.300000000000000000e+01 1.000000000000000000e+00 0.000000000000000000e+00
4.430000000000000000e+02 5.200000000000000000e+01 3.500000000000000000e+01 1.000000000000000000e+00 0.000000000000000000e+00
4.430000000000000000e+02 5.000000000000000000e+01 4.800000000000000000e+01 1.000000000000000000e+00 0.000000000000000000e+00
4.440000000000000000e+02 5.800000000000000000e+01 3.800000000000000000e+01 0.000000000000000000e+00 0.000000000000000000e+00
4.510000000000000000e+02 6.300000000000000000e+01 3.900000000000000000e+01 1.000000000000000000e+00 0.000000000000000000e+00
4.770000000000000000e+02 5.900000000000000000e+01 3.400000000000000000e+01 1.000000000000000000e+00 0.000000000000000000e+00
4.890000000000000000e+02 6.400000000000000000e+01 4.300000000000000000e+01 1.000000000000000000e+00 0.000000000000000000e+00
4.960000000000000000e+02 5.500000000000000000e+01 3.500000000000000000e+01 1.000000000000000000e+00 0.000000000000000000e+00
4.960000000000000000e+02 6.300000000000000000e+01 4.600000000000000000e+01 1.000000000000000000e+00 0.000000000000000000e+00
5.080000000000000000e+02 5.900000000000000000e+01 4.600000000000000000e+01 0.000000000000000000e+00 0.000000000000000000e+00
5.190000000000000000e+02 5.900000000000000000e+01 2.300000000000000000e+01 1.000000000000000000e+00 0.000000000000000000e+00
5.230000000000000000e+02 5.900000000000000000e+01 3.900000000000000000e+01 0.000000000000000000e+00 0.000000000000000000e+00
5.920000000000000000e+02 5.900000000000000000e+01 3.900000000000000000e+01 0.000000000000000000e+00 0.000000000000000000e+00
6.080000000000000000e+02 5.800000000000000000e+01 3.200000000000000000e+01 1.000000000000000000e+00 0.000000000000000000e+00
6.100000000000000000e+02 4.900000000000000000e+01 4.600000000000000000e+01 1.000000000000000000e+00 0.000000000000000000e+00
6.330000000000000000e+02 6.000000000000000000e+01 3.500000000000000000e+01 1.000000000000000000e+00 0.000000000000000000e+00
6.420000000000000000e+02 6.400000000000000000e+01 4.100000000000000000e+01 1.000000000000000000e+00 0.000000000000000000e+00
6.650000000000000000e+02 4.700000000000000000e+01 3.900000000000000000e+01 1.000000000000000000e+00 0.000000000000000000e+00
6.880000000000000000e+02 6.100000000000000000e+01 4.100000000000000000e+01 1.000000000000000000e+00 0.000000000000000000e+00
6.900000000000000000e+02 5.100000000000000000e+01 4.400000000000000000e+01 0.000000000000000000e+00 0.000000000000000000e+00
7.160000000000000000e+02 5.500000000000000000e+01 2.900000000000000000e+01 1.000000000000000000e+00 0.000000000000000000e+00
7.360000000000000000e+02 5.300000000000000000e+01 3.500000000000000000e+01 1.000000000000000000e+00 0.000000000000000000e+00
7.980000000000000000e+02 4.800000000000000000e+01 4.300000000000000000e+01 1.000000000000000000e+00 0.000000000000000000e+00
8.140000000000000000e+02 4.800000000000000000e+01 4.100000000000000000e+01 1.000000000000000000e+00 0.000000000000000000e+00
8.270000000000000000e+02 5.900000000000000000e+01 3.900000000000000000e+01 0.000000000000000000e+00 0.000000000000000000e+00
8.440000000000000000e+02 6.400000000000000000e+01 4.400000000000000000e+01 1.000000000000000000e+00 0.000000000000000000e+00
8.440000000000000000e+02 6.100000000000000000e+01 4.200000000000000000e+01 0.000000000000000000e+00 0.000000000000000000e+00
8.760000000000000000e+02 5.200000000000000000e+01 3.800000000000000000e+01 0.000000000000000000e+00 0.000000000000000000e+00
9.200000000000000000e+02 5.300000000000000000e+01 5.000000000000000000e+01 1.000000000000000000e+00 0.000000000000000000e+00
9.280000000000000000e+02 5.100000000000000000e+01 4.300000000000000000e+01 0.000000000000000000e+00 0.000000000000000000e+00
9.390000000000000000e+02 6.100000000000000000e+01 3.600000000000000000e+01 1.000000000000000000e+00 0.000000000000000000e+00
9.840000000000000000e+02 5.100000000000000000e+01 4.100000000000000000e+01 0.000000000000000000e+00 0.000000000000000000e+00
