1.010000000000000009e+00 7.000000000000000000e+00 3.800000000000000000e+01 0.000000000000000000e+00 1.000000000000000000e+00
1.580000000000000071e+00 1.200000000000000000e+01 3.800000000000000000e+01 0.000000000000000000e+00 1.000000000000000000e+00
1.590000000000000080e+00 8.000000000000000000e+00 2.500000000000000000e+01 1.000000000000000000e+00 1.000000000000000000e+00
1.860000000000000098e+00 7.000000000000000000e+00 3.700000000000000000e+01 0.000000000000000000e+00 1.000000000000000000e+00
1.919999999999999929e+00 1.600000000000000000e+01 2.600000000000000000e+01 0.000000000000000000e+00 1.000000000000000000e+00
1.929999999999999938e+00 1.700000000000000000e+01 2.100000000000000000e+01 1.000000000000000000e+00 1.000000000000000000e+00
2.120000000000000107e+00 1.600000000000000000e+01 4.300000000000000000e+01 0.000000000000000000e+00 1.000000000000000000e+00
2.569999999999999840e+00 1.600000000000000000e+01 1.900000000000000000e+01 1.000000000000000000e+00 1.000000000000000000e+00
2.600000000000000089e+00 4.000000000000000000e+00 3.200000000000000000e+01 1.000000000000000000e+00 1.000000000000000000e+00
2.640000000000000124e+00 1.500000000000000000e+01 3.100000000000000000e+01 0.000000000000000000e+00 1.000000000000000000e+00
3.169999999999999929e+00 2.500000000000000000e+01 3.800000000000000000e+01 0.000000000000000000e+00 1.000000000000000000e+00
3.250000000000000000e+00 1.300000000000000000e+01 2.200000000000000000e+01 1.000000000000000000e+00 1.000000000000000000e+00
3.250000000000000000e+00 1.500000000000000000e+01 3.400000000000000000e+01 0.000000000000000000e+00 1.000000000000000000e+00
3.310000000000000053e+00 2.500000000000000000e+01 3.400000000000000000e+01 0.000000000000000000e+00 1.000000000000000000e+00
3.450000000000000178e+00 1.300000000000000000e+01 2.300000000000000000e+01 0.000000000000000000e+00 1.000000000000000000e+00
3.620000000000000107e+00 2.500000000000000000e+01 3.500000000000000000e+01 0.000000000000000000e+00 1.000000000000000000e+00
3.680000000000000160e+00 1.800000000000000000e+01 1.600000000000000000e+01 0.000000000000000000e+00 1.000000000000000000e+00
3.939999999999999947e+00 1.400000000000000000e+01 3.300000000000000000e+01 0.000000000000000000e+00 1.000000000000000000e+00
4.089999999999999858e+00 1.000000000000000000e+01 3.300000000000000000e+01 0.000000000000000000e+00 1.000000000000000000e+00
4.190000000000000391e+00 1.800000000000000000e+01 2.000000000000000000e+01 0.000000000000000000e+00 1.000000000000000000e+00
4.259999999999999787e+00 1.500000000000000000e+01 4.400000000000000000e+01 0.000000000000000000e+00 1.000000000000000000e+00
4.339999999999999858e+00 2.000000000000000000e+01 1.000000000000000000e+00 0.000000000000000000e+00 1.000000000000000000e+00
4.339999999999999858e+00 1.800000000000000000e+01 1.300000000000000000e+01 0.000000000000000000e+00 1.000000000000000000e+00
4.389999999999999680e+00 2.600000000000000000e+01 3.700000000000000000e+01 0.000000000000000000e+00 1.000000000000000000e+00
4.509999999999999787e+00 6.000000000000000000e+00 2.700000000000000000e+01 1.000000000000000000e+00 1.000000000000000000e+00
5.240000000000000213e+00 1.000000000000000000e+01 3.500000000000000000e+01 0.000000000000000000e+00 1.000000000000000000e+00
5.700000000000000178e+00 1.200000000000000000e+01 2.200000000000000000e+01 1.000000000000000000e+00 1.000000000000000000e+00
5.879999999999999893e+00 1.500000000000000000e+01 6.000000000000000000e+00 1.000000000000000000e+00 1.000000000000000000e+00
6.209999999999999964e+00 1.000000000000000000e+01 2.900000000000000000e+01 0.000000000000000000e+00 1.000000000000000000e+00
6.349999999999999645e+00 1.400000000000000000e+01 4.300000000000000000e+01 0.000000000000000000e+00 1.000000000000000000e+00
6.580000000000000071e+00 8.000000000000000000e+00 2.400000000000000000e+01 1.000000000000000000e+00 1.000000000000000000e+00
6.589999999999999858e+00 1.500000000000000000e+01 4.100000000000000000e+01 0.000000000000000000e+00 1.000000000000000000e+00
7.750000000000000000e+00 6.000000000000000000e+00 2.500000000000000000e+01 1.000000000000000000e+00 1.000000000000000000e+00
8.300000000000000711e+00 2.700000000000000000e+01 3.300000000000000000e+01 0.000000000000000000e+00 1.000000000000000000e+00
8.560000000000000497e+00 1.800000000000000000e+01 2.100000000000000000e+01 1.000000000000000000e+00 1.000000000000000000e+00
8.570000000000000284e+00 5.000000000000000000e+00 2.900000000000000000e+01 1.000000000000000000e+00 1.000000000000000000e+00
9.009999999999999787e+00 1.100000000000000000e+01 2.200000000000000000e+01 1.000000000000000000e+00 1.000000000000000000e+00
1.008999999999999986e+01 2.000000000000000000e+01 2.400000000000000000e+01 0.000000000000000000e+00 1.000000000000000000e+00
1.009999999999999964e+01 2.200000000000000000e+01 3.300000000000000000e+01 1.000000000000000000e+00 1.000000000000000000e+00
1.191000000000000014e+01 2.200000000000000000e+01 3.300000000000000000e+01 1.000000000000000000e+00 1.000000000000000000e+00
1.197000000000000064e+01 1.900000000000000000e+01 1.000000000000000000e+01 0.000000000000000000e+00 1.000000000000000000e+00
1.253999999999999915e+01 2.100000000000000000e+01 2.100000000000000000e+01 1.000000000000000000e+00 1.000000000000000000e+00
1.285999999999999943e+01 1.800000000000000000e+01 5.000000000000000000e+00 1.000000000000000000e+00 1.000000000000000000e+00
1.333999999999999986e+01 5.000000000000000000e+00 2.800000000000000000e+01 1.000000000000000000e+00 1.000000000000000000e+00
1.348000000000000043e+01 1.200000000000000000e+01 2.100000000000000000e+01 1.000000000000000000e+00 1.000000000000000000e+00
1.396000000000000085e+01 1.500000000000000000e+01 2.100000000000000000e+01 1.000000000000000000e+00 1.000000000000000000e+00
1.400999999999999979e+01 2.000000000000000000e+01 2.200000000000000000e+01 1.000000000000000000e+00 1.000000000000000000e+00
1.407000000000000028e+01 1.000000000000000000e+01 2.300000000000000000e+01 1.000000000000000000e+00 1.000000000000000000e+00
1.411999999999999922e+01 1.900000000000000000e+01 1.100000000000000000e+01 0.000000000000000000e+00 1.000000000000000000e+00
1.439000000000000057e+01 2.600000000000000000e+01 3.800000000000000000e+01 0.000000000000000000e+00 1.000000000000000000e+00
1.440000000000000036e+01 1.600000000000000000e+01 1.400000000000000000e+01 1.000000000000000000e+00 1.000000000000000000e+00
1.468999999999999950e+01 1.300000000000000000e+01 2.100000000000000000e+01 1.000000000000000000e+00 1.000000000000000000e+00
1.477999999999999936e+01 2.200000000000000000e+01 2.300000000000000000e+01 1.000000000000000000e+00 1.000000000000000000e+00
1.515000000000000036e+01 5.000000000000000000e+00 3.700000000000000000e+01 1.000000000000000000e+00 1.000000000000000000e+00
1.517999999999999972e+01 2.700000000000000000e+01 3.400000000000000000e+01 0.000000000000000000e+00 1.000000000000000000e+00
1.518999999999999950e+01 1.400000000000000000e+01 2.000000000000000000e+01 1.000000000000000000e+00 1.000000000000000000e+00
1.558999999999999986e+01 1.400000000000000000e+01 2.100000000000000000e+01 1.000000000000000000e+00 1.000000000000000000e+00
1.593999999999999950e+01 1.300000000000000000e+01 3.200000000000000000e+01 0.000000000000000000e+00 1.000000000000000000e+00
1.605000000000000071e+01 1.000000000000000000e+01 3.700000000000000000e+01 0.000000000000000000e+00 1.000000000000000000e+00
1.610999999999999943e+01 1.300000000000000000e+01 2.500000000000000000e+01 0.000000000000000000e+00 1.000000000000000000e+00
1.673000000000000043e+01 2.200000000000000000e+01 2.700000000000000000e+01 0.000000000000000000e+00 1.000000000000000000e+00
1.678000000000000114e+01 1.600000000000000000e+01 2.100000000000000000e+01 1.000000000000000000e+00 1.000000000000000000e+00
1.694000000000000128e+01 1.000000000000000000e+01 2.200000000000000000e+01 1.000000000000000000e+00 1.000000000000000000e+00
1.696999999999999886e+01 1.900000000000000000e+01 3.500000000000000000e+01 0.000000000000000000e+00 1.000000000000000000e+00
1.710000000000000142e+01 2.200000000000000000e+01 3.900000000000000000e+01 0.000000000000000000e+00 1.000000000000000000e+00
1.721000000000000085e+01 6.000000000000000000e+00 3.600000000000000000e+01 0.000000000000000000e+00 1.000000000000000000e+00
1.730999999999999872e+01 1.700000000000000000e+01 1.300000000000000000e+01 1.000000000000000000e+00 1.000000000000000000e+00
1.742999999999999972e+01 1.700000000000000000e+01 1.400000000000000000e+01 1.000000000000000000e+00 1.000000000000000000e+00
1.762999999999999901e+01 1.000000000000000000e+01 2.700000000000000000e+01 0.000000000000000000e+00 1.000000000000000000e+00
1.778000000000000114e+01 1.700000000000000000e+01 2.500000000000000000e+01 0.000000000000000000e+00 1.000000000000000000e+00
1.801999999999999957e+01 1.000000000000000000e+01 2.800000000000000000e+01 0.000000000000000000e+00 1.000000000000000000e+00
1.805000000000000071e+01 1.000000000000000000e+01 3.600000000000000000e+01 0.000000000000000000e+00 1.000000000000000000e+00
1.905000000000000071e+01 1.100000000000000000e+01 2.100000000000000000e+01 1.000000000000000000e+00 1.000000000000000000e+00
1.930999999999999872e+01 1.600000000000000000e+01 2.600000000000000000e+01 0.000000000000000000e+00 1.000000000000000000e+00
1.955999999999999872e+01 2.000000000000000000e+01 0.000000000000000000e+00 0.000000000000000000e+00 1.000000000000000000e+00
2.091000000000000014e+01 2.000000000000000000e+01 3.800000000000000000e+01 0.000000000000000000e+00 1.000000000000000000e+00
2.126999999999999957e+01 2.000000000000000000e+01 4.300000000000000000e+01 0.000000000000000000e+00 1.000000000000000000e+00
2.142999999999999972e+01 1.700000000000000000e+01 2.000000000000000000e+00 1.000000000000000000e+00 1.000000000000000000e+00
2.155999999999999872e+01 1.700000000000000000e+01 1.000000000000000000e+01 1.000000000000000000e+00 1.000000000000000000e+00
2.158999999999999986e+01 6.000000000000000000e+00 3.200000000000000000e+01 0.000000000000000000e+00 1.000000000000000000e+00
2.217000000000000171e+01 2.100000000000000000e+01 4.200000000000000000e+01 0.000000000000000000e+00 1.000000000000000000e+00
2.271999999999999886e+01 2.000000000000000000e+01 3.000000000000000000e+00 0.000000000000000000e+00 1.000000000000000000e+00
2.307999999999999829e+01 1.200000000000000000e+01 2.500000000000000000e+01 0.000000000000000000e+00 1.000000000000000000e+00
2.308999999999999986e+01 1.100000000000000000e+01 2.000000000000000000e+01 1.000000000000000000e+00 1.000000000000000000e+00
2.310000000000000142e+01 1.200000000000000000e+01 4.300000000000000000e+01 0.000000000000000000e+00 1.000000000000000000e+00
2.312000000000000099e+01 1.800000000000000000e+01 1.200000000000000000e+01 0.000000000000000000e+00 1.000000000000000000e+00
2.344000000000000128e+01 1.700000000000000000e+01 5.000000000000000000e+00 1.000000000000000000e+00 1.000000000000000000e+00
2.401999999999999957e+01 2.000000000000000000e+01 3.000000000000000000e+01 0.000000000000000000e+00 1.000000000000000000e+00
2.410000000000000142e+01 8.000000000000000000e+00 2.600000000000000000e+01 1.000000000000000000e+00 1.000000000000000000e+00
2.428000000000000114e+01 1.700000000000000000e+01 3.400000000000000000e+01 0.000000000000000000e+00 1.000000000000000000e+00
2.510000000000000142e+01 2.000000000000000000e+01 2.000000000000000000e+00 0.000000000000000000e+00 1.000000000000000000e+00
2.564999999999999858e+01 1.100000000000000000e+01 3.800000000000000000e+01 0.000000000000000000e+00 1.000000000000000000e+00
2.578999999999999915e+01 1.800000000000000000e+01 1.900000000000000000e+01 0.000000000000000000e+00 1.000000000000000000e+00
2.585999999999999943e+01 2.100000000000000000e+01 3.600000000000000000e+01 0.000000000000000000e+00 1.000000000000000000e+00
2.603000000000000114e+01 1.700000000000000000e+01 1.500000000000000000e+01 1.000000000000000000e+00 1.000000000000000000e+00
2.630000000000000071e+01 2.600000000000000000e+01 3.000000000000000000e+01 0.000000000000000000e+00 1.000000000000000000e+00
2.653000000000000114e+01 2.200000000000000000e+01 3.800000000000000000e+01 0.000000000000000000e+00 1.000000000000000000e+00
2.671000000000000085e+01 1.100000000000000000e+01 4.200000000000000000e+01 0.000000000000000000e+00 1.000000000000000000e+00
2.680999999999999872e+01 1.900000000000000000e+01 3.300000000000000000e+01 0.000000000000000000e+00 1.000000000000000000e+00
2.701000000000000156e+01 2.700000000000000000e+01 3.500000000000000000e+01 0.000000000000000000e+00 1.000000000000000000e+00
2.785000000000000142e+01 2.600000000000000000e+01 3.300000000000000000e+01 0.000000000000000000e+00 1.000000000000000000e+00
2.801999999999999957e+01 1.800000000000000000e+01 1.800000000000000000e+01 0.000000000000000000e+00 1.000000000000000000e+00
2.803000000000000114e+01 1.600000000000000000e+01 4.000000000000000000e+01 0.000000000000000000e+00 1.000000000000000000e+00
2.803000000000000114e+01 2.200000000000000000e+01 4.100000000000000000e+01 0.000000000000000000e+00 1.000000000000000000e+00
2.805000000000000071e+01 1.800000000000000000e+01 4.300000000000000000e+01 0.000000000000000000e+00 1.000000000000000000e+00
2.832000000000000028e+01 9.000000000000000000e+00 2.700000000000000000e+01 0.000000000000000000e+00 1.000000000000000000e+00
2.875000000000000000e+01 1.900000000000000000e+01 3.000000000000000000e+00 0.000000000000000000e+00 1.000000000000000000e+00
2.917999999999999972e+01 9.000000000000000000e+00 2.300000000000000000e+01 1.000000000000000000e+00 1.000000000000000000e+00
2.935999999999999943e+01 1.400000000000000000e+01 3.100000000000000000e+01 0.000000000000000000e+00 1.000000000000000000e+00
2.942000000000000171e+01 2.300000000000000000e+01 4.100000000000000000e+01 0.000000000000000000e+00 1.000000000000000000e+00
2.983999999999999986e+01 2.300000000000000000e+01 2.500000000000000000e+01 0.000000000000000000e+00 1.000000000000000000e+00
2.992999999999999972e+01 2.100000000000000000e+01 3.700000000000000000e+01 0.000000000000000000e+00 1.000000000000000000e+00
3.000000000000000000e+01 2.700000000000000000e+01 3.000000000000000000e+01 0.000000000000000000e+00 1.000000000000000000e+00
3.003000000000000114e+01 1.900000000000000000e+01 9.000000000000000000e+00 0.000000000000000000e+00 1.000000000000000000e+00
3.051000000000000156e+01 1.600000000000000000e+01 4.000000000000000000e+00 1.000000000000000000e+00 1.000000000000000000e+00
3.098999999999999844e+01 1.100000000000000000e+01 4.000000000000000000e+01 0.000000000000000000e+00 1.000000000000000000e+00
3.103000000000000114e+01 2.300000000000000000e+01 2.900000000000000000e+01 0.000000000000000000e+00 1.000000000000000000e+00
3.105000000000000071e+01 1.600000000000000000e+01 3.200000000000000000e+01 0.000000000000000000e+00 1.000000000000000000e+00
3.151000000000000156e+01 2.100000000000000000e+01 2.700000000000000000e+01 0.000000000000000000e+00 1.000000000000000000e+00
3.162999999999999901e+01 2.100000000000000000e+01 3.300000000000000000e+01 0.000000000000000000e+00 1.000000000000000000e+00
3.173999999999999844e+01 1.500000000000000000e+01 2.500000000000000000e+01 0.000000000000000000e+00 1.000000000000000000e+00
3.239999999999999858e+01 2.000000000000000000e+01 1.000000000000000000e+00 0.000000000000000000e+00 1.000000000000000000e+00
3.242999999999999972e+01 4.000000000000000000e+00 3.300000000000000000e+01 1.000000000000000000e+00 1.000000000000000000e+00
3.257999999999999829e+01 1.900000000000000000e+01 4.300000000000000000e+01 0.000000000000000000e+00 1.000000000000000000e+00
3.260000000000000142e+01 2.700000000000000000e+01 2.800000000000000000e+01 0.000000000000000000e+00 1.000000000000000000e+00
3.271000000000000085e+01 1.600000000000000000e+01 2.300000000000000000e+01 0.000000000000000000e+00 1.000000000000000000e+00
3.381000000000000227e+01 1.600000000000000000e+01 4.400000000000000000e+01 0.000000000000000000e+00 1.000000000000000000e+00
3.425999999999999801e+01 1.600000000000000000e+01 2.400000000000000000e+01 0.000000000000000000e+00 1.000000000000000000e+00
3.475999999999999801e+01 9.000000000000000000e+00 3.900000000000000000e+01 0.000000000000000000e+00 1.000000000000000000e+00
3.496000000000000085e+01 1.900000000000000000e+01 3.400000000000000000e+01 0.000000000000000000e+00 1.000000000000000000e+00
3.557999999999999829e+01 1.300000000000000000e+01 2.400000000000000000e+01 0.000000000000000000e+00 1.000000000000000000e+00
3.563000000000000256e+01 1.800000000000000000e+01 4.200000000000000000e+01 0.000000000000000000e+00 1.000000000000000000e+00
3.603999999999999915e+01 6.000000000000000000e+00 2.700000000000000000e+01 1.000000000000000000e+00 1.000000000000000000e+00
3.614000000000000057e+01 2.400000000000000000e+01 2.800000000000000000e+01 0.000000000000000000e+00 1.000000000000000000e+00
3.635999999999999943e+01 2.100000000000000000e+01 2.200000000000000000e+01 1.000000000000000000e+00 1.000000000000000000e+00
3.678999999999999915e+01 1.600000000000000000e+01 1.000000000000000000e+00 1.000000000000000000e+00 1.000000000000000000e+00
3.681000000000000227e+01 1.900000000000000000e+01 1.000000000000000000e+01 0.000000000000000000e+00 1.000000000000000000e+00
3.700999999999999801e+01 1.700000000000000000e+01 1.100000000000000000e+01 1.000000000000000000e+00 1.000000000000000000e+00
3.775000000000000000e+01 9.000000000000000000e+00 1.700000000000000000e+01 1.000000000000000000e+00 1.000000000000000000e+00
3.784000000000000341e+01 1.100000000000000000e+01 2.300000000000000000e+01 1.000000000000000000e+00 1.000000000000000000e+00
3.824000000000000199e+01 1.200000000000000000e+01 2.500000000000000000e+01 0.000000000000000000e+00 1.000000000000000000e+00
3.900999999999999801e+01 9.000000000000000000e+00 4.100000000000000000e+01 0.000000000000000000e+00 1.000000000000000000e+00
3.965999999999999659e+01 1.100000000000000000e+01 2.200000000000000000e+01 1.000000000000000000e+00 1.000000000000000000e+00
3.968999999999999773e+01 2.700000000000000000e+01 3.100000000000000000e+01 0.000000000000000000e+00 1.000000000000000000e+00
4.017000000000000171e+01 1.000000000000000000e+01 2.300000000000000000e+01 1.000000000000000000e+00 1.000000000000000000e+00
4.017999999999999972e+01 2.200000000000000000e+01 4.200000000000000000e+01 0.000000000000000000e+00 1.000000000000000000e+00
4.022999999999999687e+01 9.000000000000000000e+00 2.700000000000000000e+01 0.000000000000000000e+00 1.000000000000000000e+00
4.032999999999999829e+01 1.500000000000000000e+01 1.600000000000000000e+01 1.000000000000000000e+00 1.000000000000000000e+00
4.096999999999999886e+01 1.800000000000000000e+01 6.000000000000000000e+00 1.000000000000000000e+00 1.000000000000000000e+00
4.100999999999999801e+01 1.200000000000000000e+01 2.200000000000000000e+01 1.000000000000000000e+00 1.000000000000000000e+00
4.111999999999999744e+01 1.000000000000000000e+01 4.300000000000000000e+01 0.000000000000000000e+00 1.000000000000000000e+00
4.138000000000000256e+01 1.800000000000000000e+01 1.100000000000000000e+01 0.000000000000000000e+00 1.000000000000000000e+00
4.154999999999999716e+01 1.200000000000000000e+01 4.200000000000000000e+01 0.000000000000000000e+00 1.000000000000000000e+00
4.160000000000000142e+01 1.100000000000000000e+01 1.900000000000000000e+01 1.000000000000000000e+00 1.000000000000000000e+00
4.167000000000000171e+01 1.700000000000000000e+01 1.600000000000000000e+01 1.000000000000000000e+00 1.000000000000000000e+00
4.210999999999999943e+01 2.100000000000000000e+01 2.500000000000000000e+01 0.000000000000000000e+00 1.000000000000000000e+00
4.220000000000000284e+01 1.700000000000000000e+01 2.800000000000000000e+01 0.000000000000000000e+00 1.000000000000000000e+00
4.231000000000000227e+01 1.900000000000000000e+01 1.200000000000000000e+01 0.000000000000000000e+00 1.000000000000000000e+00
4.261999999999999744e+01 2.400000000000000000e+01 4.000000000000000000e+01 0.000000000000000000e+00 1.000000000000000000e+00
4.320000000000000284e+01 1.500000000000000000e+01 2.000000000000000000e+01 1.000000000000000000e+00 1.000000000000000000e+00
4.343999999999999773e+01 1.300000000000000000e+01 4.300000000000000000e+01 0.000000000000000000e+00 1.000000000000000000e+00
4.352000000000000313e+01 2.700000000000000000e+01 3.700000000000000000e+01 0.000000000000000000e+00 1.000000000000000000e+00
4.390999999999999659e+01 1.700000000000000000e+01 3.100000000000000000e+01 0.000000000000000000e+00 1.000000000000000000e+00
4.403000000000000114e+01 8.000000000000000000e+00 2.400000000000000000e+01 1.000000000000000000e+00 1.000000000000000000e+00
4.486999999999999744e+01 1.300000000000000000e+01 3.800000000000000000e+01 0.000000000000000000e+00 1.000000000000000000e+00
4.499000000000000199e+01 1.900000000000000000e+01 1.100000000000000000e+01 0.000000000000000000e+00 1.000000000000000000e+00
4.570000000000000284e+01 1.700000000000000000e+01 9.000000000000000000e+00 1.000000000000000000e+00 1.000000000000000000e+00
4.750000000000000000e+01 1.400000000000000000e+01 4.000000000000000000e+01 0.000000000000000000e+00 1.000000000000000000e+00
4.756000000000000227e+01 1.000000000000000000e+01 4.000000000000000000e+01 0.000000000000000000e+00 1.000000000000000000e+00
4.775999999999999801e+01 1.300000000000000000e+01 2.100000000000000000e+01 1.000000000000000000e+00 1.000000000000000000e+00
4.843999999999999773e+01 2.000000000000000000e+01 2.600000000000000000e+01 0.000000000000000000e+00 1.000000000000000000e+00
4.881000000000000227e+01 1.900000000000000000e+01 3.300000000000000000e+01 0.000000000000000000e+00 1.000000000000000000e+00
4.921000000000000085e+01 1.900000000000000000e+01 2.900000000000000000e+01 0.000000000000000000e+00 1.000000000000000000e+00
4.921999999999999886e+01 2.000000000000000000e+01 2.000000000000000000e+00 0.000000000000000000e+00 1.000000000000000000e+00
4.960999999999999943e+01 1.300000000000000000e+01 3.300000000000000000e+01 0.000000000000000000e+00 1.000000000000000000e+00
4.961999999999999744e+01 5.000000000000000000e+00 3.000000000000000000e+01 1.000000000000000000e+00 1.000000000000000000e+00
4.975000000000000000e+01 1.600000000000000000e+01 8.000000000000000000e+00 1.000000000000000000e+00 1.000000000000000000e+00
4.984000000000000341e+01 1.700000000000000000e+01 3.700000000000000000e+01 0.000000000000000000e+00 1.000000000000000000e+00
5.064999999999999858e+01 2.000000000000000000e+01 4.000000000000000000e+00 0.000000000000000000e+00 1.000000000000000000e+00
5.082999999999999829e+01 2.700000000000000000e+01 3.200000000000000000e+01 0.000000000000000000e+00 1.000000000000000000e+00
5.089999999999999858e+01 7.000000000000000000e+00 2.500000000000000000e+01 1.000000000000000000e+00 1.000000000000000000e+00
5.093999999999999773e+01 1.500000000000000000e+01 2.100000000000000000e+01 1.000000000000000000e+00 1.000000000000000000e+00
5.110000000000000142e+01 2.600000000000000000e+01 3.800000000000000000e+01 0.000000000000000000e+00 1.000000000000000000e+00
5.134000000000000341e+01 1.300000000000000000e+01 2.800000000000000000e+01 0.000000000000000000e+00 1.000000000000000000e+00
5.164000000000000057e+01 2.100000000000000000e+01 4.100000000000000000e+01 0.000000000000000000e+00 1.000000000000000000e+00
5.185999999999999943e+01 2.500000000000000000e+01 3.800000000000000000e+01 0.000000000000000000e+00 1.000000000000000000e+00
5.192000000000000171e+01 2.000000000000000000e+01 3.000000000000000000e+00 0.000000000000000000e+00 1.000000000000000000e+00
5.215999999999999659e+01 1.500000000000000000e+01 3.800000000000000000e+01 0.000000000000000000e+00 1.000000000000000000e+00
5.217000000000000171e+01 9.000000000000000000e+00 2.400000000000000000e+01 1.000000000000000000e+00 1.000000000000000000e+00
5.278999999999999915e+01 1.100000000000000000e+01 3.900000000000000000e+01 0.000000000000000000e+00 1.000000000000000000e+00
5.318999999999999773e+01 5.000000000000000000e+00 3.400000000000000000e+01 1.000000000000000000e+00 1.000000000000000000e+00
5.346999999999999886e+01 1.700000000000000000e+01 4.100000000000000000e+01 0.000000000000000000e+00 1.000000000000000000e+00
5.436999999999999744e+01 9.000000000000000000e+00 2.500000000000000000e+01 1.000000000000000000e+00 1.000000000000000000e+00
5.540999999999999659e+01 1.600000000000000000e+01 3.800000000000000000e+01 0.000000000000000000e+00 1.000000000000000000e+00
5.650999999999999801e+01 1.400000000000000000e+01 2.100000000000000000e+01 1.000000000000000000e+00 1.000000000000000000e+00
5.693999999999999773e+01 1.400000000000000000e+01 2.200000000000000000e+01 1.000000000000000000e+00 1.000000000000000000e+00
5.710999999999999943e+01 2.700000000000000000e+01 3.600000000000000000e+01 0.000000000000000000e+00 1.000000000000000000e+00
5.715999999999999659e+01 1.600000000000000000e+01 4.300000000000000000e+01 0.000000000000000000e+00 1.000000000000000000e+00
5.875000000000000000e+01 6.000000000000000000e+00 2.800000000000000000e+01 1.000000000000000000e+00 1.000000000000000000e+00
5.920000000000000284e+01 1.700000000000000000e+01 1.700000000000000000e+01 1.000000000000000000e+00 1.000000000000000000e+00
5.961999999999999744e+01 2.600000000000000000e+01 3.700000000000000000e+01 0.000000000000000000e+00 1.000000000000000000e+00
6.067999999999999972e+01 1.900000000000000000e+01 3.600000000000000000e+01 0.000000000000000000e+00 1.000000000000000000e+00
6.088000000000000256e+01 6.000000000000000000e+00 3.100000000000000000e+01 0.000000000000000000e+00 1.000000000000000000e+00
6.110999999999999943e+01 1.400000000000000000e+01 2.700000000000000000e+01 1.000000000000000000e+00 1.000000000000000000e+00
6.132000000000000028e+01 1.800000000000000000e+01 7.000000000000000000e+00 1.000000000000000000e+00 1.000000000000000000e+00
6.145000000000000284e+01 1.800000000000000000e+01 4.000000000000000000e+00 1.000000000000000000e+00 1.000000000000000000e+00
6.146000000000000085e+01 1.900000000000000000e+01 1.400000000000000000e+01 0.000000000000000000e+00 1.000000000000000000e+00
6.245000000000000284e+01 1.000000000000000000e+01 3.100000000000000000e+01 0.000000000000000000e+00 1.000000000000000000e+00
6.261999999999999744e+01 1.400000000000000000e+01 4.400000000000000000e+01 0.000000000000000000e+00 1.000000000000000000e+00
6.267000000000000171e+01 1.800000000000000000e+01 3.500000000000000000e+01 0.000000000000000000e+00 1.000000000000000000e+00
6.288000000000000256e+01 1.400000000000000000e+01 4.000000000000000000e+01 0.000000000000000000e+00 1.000000000000000000e+00
6.289000000000000057e+01 2.300000000000000000e+01 2.300000000000000000e+01 1.000000000000000000e+00 1.000000000000000000e+00
6.325000000000000000e+01 1.400000000000000000e+01 2.500000000000000000e+01 0.000000000000000000e+00 1.000000000000000000e+00
6.389999999999999858e+01 1.300000000000000000e+01 4.400000000000000000e+01 0.000000000000000000e+00 1.000000000000000000e+00
6.397999999999999687e+01 1.000000000000000000e+01 1.300000000000000000e+01 1.000000000000000000e+00 1.000000000000000000e+00
6.418000000000000682e+01 1.900000000000000000e+01 1.200000000000000000e+01 0.000000000000000000e+00 1.000000000000000000e+00
6.426000000000000512e+01 1.700000000000000000e+01 8.000000000000000000e+00 1.000000000000000000e+00 1.000000000000000000e+00
6.431000000000000227e+01 5.000000000000000000e+00 3.100000000000000000e+01 1.000000000000000000e+00 1.000000000000000000e+00
6.434000000000000341e+01 1.700000000000000000e+01 2.200000000000000000e+01 1.000000000000000000e+00 1.000000000000000000e+00
6.434000000000000341e+01 1.300000000000000000e+01 2.200000000000000000e+01 1.000000000000000000e+00 1.000000000000000000e+00
6.478000000000000114e+01 2.400000000000000000e+01 3.800000000000000000e+01 0.000000000000000000e+00 1.000000000000000000e+00
6.537999999999999545e+01 1.700000000000000000e+01 1.200000000000000000e+01 1.000000000000000000e+00 1.000000000000000000e+00
6.540999999999999659e+01 1.800000000000000000e+01 1.400000000000000000e+01 0.000000000000000000e+00 1.000000000000000000e+00
6.553000000000000114e+01 1.300000000000000000e+01 2.000000000000000000e+01 1.000000000000000000e+00 1.000000000000000000e+00
6.570000000000000284e+01 1.800000000000000000e+01 1.100000000000000000e+01 0.000000000000000000e+00 1.000000000000000000e+00
6.621999999999999886e+01 2.100000000000000000e+01 4.300000000000000000e+01 0.000000000000000000e+00 1.000000000000000000e+00
6.632999999999999829e+01 2.000000000000000000e+01 2.200000000000000000e+01 1.000000000000000000e+00 1.000000000000000000e+00
6.671999999999999886e+01 1.300000000000000000e+01 3.900000000000000000e+01 0.000000000000000000e+00 1.000000000000000000e+00
6.696999999999999886e+01 2.100000000000000000e+01 2.800000000000000000e+01 0.000000000000000000e+00 1.000000000000000000e+00
6.698999999999999488e+01 2.000000000000000000e+01 4.100000000000000000e+01 0.000000000000000000e+00 1.000000000000000000e+00
6.723000000000000398e+01 1.500000000000000000e+01 3.900000000000000000e+01 0.000000000000000000e+00 1.000000000000000000e+00
6.745999999999999375e+01 2.600000000000000000e+01 3.800000000000000000e+01 0.000000000000000000e+00 1.000000000000000000e+00
6.746999999999999886e+01 1.600000000000000000e+01 2.100000000000000000e+01 1.000000000000000000e+00 1.000000000000000000e+00
6.790999999999999659e+01 2.400000000000000000e+01 2.400000000000000000e+01 1.000000000000000000e+00 1.000000000000000000e+00
6.835999999999999943e+01 2.300000000000000000e+01 4.100000000000000000e+01 0.000000000000000000e+00 1.000000000000000000e+00
6.859000000000000341e+01 1.200000000000000000e+01 1.400000000000000000e+01 1.000000000000000000e+00 1.000000000000000000e+00
6.868999999999999773e+01 1.100000000000000000e+01 2.300000000000000000e+01 1.000000000000000000e+00 1.000000000000000000e+00
6.875000000000000000e+01 1.900000000000000000e+01 4.400000000000000000e+01 0.000000000000000000e+00 1.000000000000000000e+00
6.881999999999999318e+01 1.600000000000000000e+01 2.000000000000000000e+01 1.000000000000000000e+00 1.000000000000000000e+00
6.912000000000000455e+01 2.500000000000000000e+01 4.000000000000000000e+01 0.000000000000000000e+00 1.000000000000000000e+00
6.923999999999999488e+01 2.400000000000000000e+01 3.100000000000000000e+01 0.000000000000000000e+00 1.000000000000000000e+00
6.935999999999999943e+01 1.600000000000000000e+01 4.200000000000000000e+01 0.000000000000000000e+00 1.000000000000000000e+00
6.937999999999999545e+01 1.100000000000000000e+01 3.700000000000000000e+01 0.000000000000000000e+00 1.000000000000000000e+00
6.939000000000000057e+01 1.900000000000000000e+01 3.300000000000000000e+01 0.000000000000000000e+00 1.000000000000000000e+00
6.984999999999999432e+01 1.800000000000000000e+01 2.000000000000000000e+01 0.000000000000000000e+00 1.000000000000000000e+00
6.987000000000000455e+01 1.100000000000000000e+01 3.600000000000000000e+01 0.000000000000000000e+00 1.000000000000000000e+00
6.998000000000000398e+01 1.900000000000000000e+01 2.100000000000000000e+01 1.000000000000000000e+00 1.000000000000000000e+00
7.020999999999999375e+01 1.900000000000000000e+01 1.300000000000000000e+01 0.000000000000000000e+00 1.000000000000000000e+00
7.076999999999999602e+01 1.000000000000000000e+01 2.400000000000000000e+01 1.000000000000000000e+00 1.000000000000000000e+00
7.278000000000000114e+01 1.800000000000000000e+01 4.200000000000000000e+01 0.000000000000000000e+00 1.000000000000000000e+00
7.428000000000000114e+01 1.500000000000000000e+01 3.000000000000000000e+01 0.000000000000000000e+00 1.000000000000000000e+00
7.476999999999999602e+01 8.000000000000000000e+00 3.900000000000000000e+01 0.000000000000000000e+00 1.000000000000000000e+00
7.481000000000000227e+01 1.500000000000000000e+01 2.400000000000000000e+01 0.000000000000000000e+00 1.000000000000000000e+00
7.484999999999999432e+01 1.500000000000000000e+01 4.000000000000000000e+01 0.000000000000000000e+00 1.000000000000000000e+00
7.489000000000000057e+01 2.400000000000000000e+01 4.100000000000000000e+01 0.000000000000000000e+00 1.000000000000000000e+00
7.529999999999999716e+01 5.000000000000000000e+00 3.600000000000000000e+01 1.000000000000000000e+00 1.000000000000000000e+00
7.571999999999999886e+01 2.600000000000000000e+01 3.600000000000000000e+01 0.000000000000000000e+00 1.000000000000000000e+00
7.584999999999999432e+01 1.300000000000000000e+01 3.600000000000000000e+01 0.000000000000000000e+00 1.000000000000000000e+00
7.590999999999999659e+01 2.700000000000000000e+01 3.400000000000000000e+01 0.000000000000000000e+00 1.000000000000000000e+00
7.662999999999999545e+01 1.600000000000000000e+01 1.900000000000000000e+01 1.000000000000000000e+00 1.000000000000000000e+00
7.700000000000000000e+01 1.400000000000000000e+01 1.400000000000000000e+01 1.000000000000000000e+00 1.000000000000000000e+00
7.726999999999999602e+01 2.000000000000000000e+01 2.700000000000000000e+01 0.000000000000000000e+00 1.000000000000000000e+00
7.734999999999999432e+01 1.000000000000000000e+01 2.300000000000000000e+01 1.000000000000000000e+00 1.000000000000000000e+00
7.742000000000000171e+01 5.000000000000000000e+00 2.900000000000000000e+01 1.000000000000000000e+00 1.000000000000000000e+00
7.865999999999999659e+01 2.700000000000000000e+01 3.700000000000000000e+01 0.000000000000000000e+00 1.000000000000000000e+00
7.870000000000000284e+01 2.000000000000000000e+01 5.000000000000000000e+00 0.000000000000000000e+00 1.000000000000000000e+00
7.879999999999999716e+01 1.900000000000000000e+01 2.200000000000000000e+01 1.000000000000000000e+00 1.000000000000000000e+00
7.893000000000000682e+01 8.000000000000000000e+00 2.500000000000000000e+01 1.000000000000000000e+00 1.000000000000000000e+00
8.000000000000000000e+01 1.100000000000000000e+01 4.300000000000000000e+01 0.000000000000000000e+00 1.000000000000000000e+00
8.001000000000000512e+01 2.200000000000000000e+01 2.200000000000000000e+01 1.000000000000000000e+00 1.000000000000000000e+00
8.001999999999999602e+01 1.700000000000000000e+01 1.600000000000000000e+01 1.000000000000000000e+00 1.000000000000000000e+00
8.034000000000000341e+01 2.200000000000000000e+01 2.600000000000000000e+01 0.000000000000000000e+00 1.000000000000000000e+00
8.039000000000000057e+01 2.000000000000000000e+01 2.500000000000000000e+01 0.000000000000000000e+00 1.000000000000000000e+00
8.062000000000000455e+01 1.200000000000000000e+01 3.800000000000000000e+01 0.000000000000000000e+00 1.000000000000000000e+00
8.084000000000000341e+01 5.000000000000000000e+00 2.000000000000000000e+01 0.000000000000000000e+00 1.000000000000000000e+00
8.098000000000000398e+01 2.700000000000000000e+01 3.300000000000000000e+01 0.000000000000000000e+00 1.000000000000000000e+00
8.118999999999999773e+01 7.000000000000000000e+00 2.600000000000000000e+01 1.000000000000000000e+00 1.000000000000000000e+00
8.139000000000000057e+01 5.000000000000000000e+00 3.200000000000000000e+01 1.000000000000000000e+00 1.000000000000000000e+00
8.145000000000000284e+01 2.700000000000000000e+01 3.500000000000000000e+01 0.000000000000000000e+00 1.000000000000000000e+00
8.200000000000000000e+01 1.100000000000000000e+01 3.700000000000000000e+01 1.000000000000000000e+00 1.000000000000000000e+00
8.201999999999999602e+01 1.100000000000000000e+01 2.200000000000000000e+01 1.000000000000000000e+00 1.000000000000000000e+00
8.259999999999999432e+01 9.000000000000000000e+00 2.000000000000000000e+01 1.000000000000000000e+00 1.000000000000000000e+00
8.265000000000000568e+01 1.700000000000000000e+01 1.500000000000000000e+01 1.000000000000000000e+00 1.000000000000000000e+00
8.298999999999999488e+01 1.100000000000000000e+01 3.500000000000000000e+01 0.000000000000000000e+00 1.000000000000000000e+00
8.320000000000000284e+01 5.000000000000000000e+00 3.100000000000000000e+01 1.000000000000000000e+00 1.000000000000000000e+00
8.351000000000000512e+01 1.700000000000000000e+01 1.800000000000000000e+01 1.000000000000000000e+00 1.000000000000000000e+00
8.409000000000000341e+01 5.000000000000000000e+00 3.000000000000000000e+01 1.000000000000000000e+00 1.000000000000000000e+00
8.429999999999999716e+01 2.300000000000000000e+01 4.200000000000000000e+01 0.000000000000000000e+00 1.000000000000000000e+00
8.432999999999999829e+01 4.000000000000000000e+00 3.400000000000000000e+01 1.000000000000000000e+00 1.000000000000000000e+00
8.470000000000000284e+01 9.000000000000000000e+00 3.400000000000000000e+01 0.000000000000000000e+00 1.000000000000000000e+00
8.506000000000000227e+01 9.000000000000000000e+00 2.400000000000000000e+01 1.000000000000000000e+00 1.000000000000000000e+00
8.506999999999999318e+01 1.800000000000000000e+01 8.000000000000000000e+00 1.000000000000000000e+00 1.000000000000000000e+00
8.603000000000000114e+01 1.900000000000000000e+01 1.500000000000000000e+01 0.000000000000000000e+00 1.000000000000000000e+00
8.610999999999999943e+01 5.000000000000000000e+00 3.500000000000000000e+01 1.000000000000000000e+00 1.000000000000000000e+00
8.704000000000000625e+01 1.700000000000000000e+01 1.900000000000000000e+01 1.000000000000000000e+00 1.000000000000000000e+00
8.706000000000000227e+01 2.000000000000000000e+01 4.000000000000000000e+00 0.000000000000000000e+00 1.000000000000000000e+00
8.785999999999999943e+01 1.500000000000000000e+01 2.600000000000000000e+01 0.000000000000000000e+00 1.000000000000000000e+00
8.800000000000000000e+01 1.000000000000000000e+01 3.000000000000000000e+01 0.000000000000000000e+00 1.000000000000000000e+00
8.823000000000000398e+01 4.000000000000000000e+00 3.200000000000000000e+01 1.000000000000000000e+00 1.000000000000000000e+00
8.843999999999999773e+01 2.000000000000000000e+01 2.000000000000000000e+00 0.000000000000000000e+00 1.000000000000000000e+00
8.901999999999999602e+01 1.300000000000000000e+01 3.100000000000000000e+01 0.000000000000000000e+00 1.000000000000000000e+00
8.998000000000000398e+01 1.300000000000000000e+01 2.500000000000000000e+01 0.000000000000000000e+00 1.000000000000000000e+00
9.007999999999999829e+01 1.800000000000000000e+01 5.000000000000000000e+00 1.000000000000000000e+00 1.000000000000000000e+00
9.015999999999999659e+01 2.700000000000000000e+01 2.900000000000000000e+01 0.000000000000000000e+00 1.000000000000000000e+00
9.025000000000000000e+01 1.000000000000000000e+01 2.100000000000000000e+01 1.000000000000000000e+00 1.000000000000000000e+00
9.032999999999999829e+01 2.200000000000000000e+01 4.200000000000000000e+01 0.000000000000000000e+00 1.000000000000000000e+00
9.081000000000000227e+01 1.200000000000000000e+01 2.200000000000000000e+01 1.000000000000000000e+00 1.000000000000000000e+00
9.084000000000000341e+01 2.200000000000000000e+01 2.700000000000000000e+01 0.000000000000000000e+00 1.000000000000000000e+00
9.098999999999999488e+01 1.300000000000000000e+01 2.200000000000000000e+01 1.000000000000000000e+00 1.000000000000000000e+00
9.103000000000000114e+01 1.400000000000000000e+01 2.100000000000000000e+01 1.000000000000000000e+00 1.000000000000000000e+00
9.106000000000000227e+01 1.900000000000000000e+01 1.400000000000000000e+01 0.000000000000000000e+00 1.000000000000000000e+00
9.125000000000000000e+01 2.700000000000000000e+01 3.000000000000000000e+01 0.000000000000000000e+00 1.000000000000000000e+00
9.131999999999999318e+01 4.000000000000000000e+00 3.100000000000000000e+01 1.000000000000000000e+00 1.000000000000000000e+00
9.139000000000000057e+01 1.900000000000000000e+01 9.000000000000000000e+00 0.000000000000000000e+00 1.000000000000000000e+00
9.140999999999999659e+01 2.600000000000000000e+01 3.800000000000000000e+01 0.000000000000000000e+00 1.000000000000000000e+00
9.142000000000000171e+01 3.000000000000000000e+00 2.900000000000000000e+01 1.000000000000000000e+00 1.000000000000000000e+00
9.148000000000000398e+01 1.400000000000000000e+01 4.400000000000000000e+01 0.000000000000000000e+00 1.000000000000000000e+00
9.214000000000000057e+01 2.000000000000000000e+01 6.000000000000000000e+00 0.000000000000000000e+00 1.000000000000000000e+00
9.215000000000000568e+01 1.500000000000000000e+01 4.300000000000000000e+01 0.000000000000000000e+00 1.000000000000000000e+00
9.220000000000000284e+01 2.000000000000000000e+01 4.000000000000000000e+01 0.000000000000000000e+00 1.000000000000000000e+00
9.223999999999999488e+01 1.000000000000000000e+01 2.400000000000000000e+01 1.000000000000000000e+00 1.000000000000000000e+00
9.235999999999999943e+01 1.500000000000000000e+01 4.400000000000000000e+01 0.000000000000000000e+00 1.000000000000000000e+00
9.246999999999999886e+01 2.000000000000000000e+01 4.400000000000000000e+01 0.000000000000000000e+00 1.000000000000000000e+00
9.296999999999999886e+01 1.900000000000000000e+01 0.000000000000000000e+00 1.000000000000000000e+00 1.000000000000000000e+00
9.356999999999999318e+01 2.100000000000000000e+01 4.300000000000000000e+01 0.000000000000000000e+00 1.000000000000000000e+00
9.356999999999999318e+01 1.000000000000000000e+01 2.900000000000000000e+01 0.000000000000000000e+00 1.000000000000000000e+00
9.359000000000000341e+01 1.100000000000000000e+01 2.500000000000000000e+01 0.000000000000000000e+00 1.000000000000000000e+00
9.423000000000000398e+01 1.800000000000000000e+01 1.700000000000000000e+01 0.000000000000000000e+00 1.000000000000000000e+00
9.429999999999999716e+01 1.800000000000000000e+01 9.000000000000000000e+00 1.000000000000000000e+00 1.000000000000000000e+00
9.434999999999999432e+01 1.100000000000000000e+01 2.300000000000000000e+01 1.000000000000000000e+00 1.000000000000000000e+00
9.443999999999999773e+01 1.300000000000000000e+01 4.100000000000000000e+01 0.000000000000000000e+00 1.000000000000000000e+00
9.448999999999999488e+01 1.300000000000000000e+01 3.400000000000000000e+01 0.000000000000000000e+00 1.000000000000000000e+00
9.453000000000000114e+01 1.100000000000000000e+01 3.300000000000000000e+01 0.000000000000000000e+00 1.000000000000000000e+00
9.506999999999999318e+01 1.600000000000000000e+01 4.400000000000000000e+01 0.000000000000000000e+00 1.000000000000000000e+00
9.554999999999999716e+01 1.600000000000000000e+01 3.700000000000000000e+01 0.000000000000000000e+00 1.000000000000000000e+00
9.575000000000000000e+01 2.000000000000000000e+01 7.000000000000000000e+00 0.000000000000000000e+00 1.000000000000000000e+00
9.626999999999999602e+01 1.900000000000000000e+01 5.000000000000000000e+00 0.000000000000000000e+00 1.000000000000000000e+00
9.639000000000000057e+01 2.500000000000000000e+01 3.900000000000000000e+01 0.000000000000000000e+00 1.000000000000000000e+00
9.640000000000000568e+01 2.500000000000000000e+01 3.700000000000000000e+01 0.000000000000000000e+00 1.000000000000000000e+00
9.643000000000000682e+01 9.000000000000000000e+00 3.600000000000000000e+01 0.000000000000000000e+00 1.000000000000000000e+00
9.654999999999999716e+01 1.800000000000000000e+01 2.800000000000000000e+01 0.000000000000000000e+00 1.000000000000000000e+00
9.725000000000000000e+01 1.300000000000000000e+01 1.900000000000000000e+01 1.000000000000000000e+00 1.000000000000000000e+00
9.734000000000000341e+01 1.800000000000000000e+01 3.400000000000000000e+01 0.000000000000000000e+00 1.000000000000000000e+00
9.781000000000000227e+01 2.200000000000000000e+01 4.300000000000000000e+01 0.000000000000000000e+00 1.000000000000000000e+00
9.809999999999999432e+01 1.200000000000000000e+01 3.300000000000000000e+01 0.000000000000000000e+00 1.000000000000000000e+00
9.809999999999999432e+01 1.700000000000000000e+01 4.400000000000000000e+01 0.000000000000000000e+00 1.000000000000000000e+00
9.857999999999999829e+01 1.600000000000000000e+01 2.000000000000000000e+01 1.000000000000000000e+00 1.000000000000000000e+00
9.904000000000000625e+01 1.700000000000000000e+01 4.500000000000000000e+01 0.000000000000000000e+00 1.000000000000000000e+00
9.923000000000000398e+01 1.600000000000000000e+01 2.500000000000000000e+01 0.000000000000000000e+00 1.000000000000000000e+00
9.939000000000000057e+01 1.000000000000000000e+01 4.100000000000000000e+01 0.000000000000000000e+00 1.000000000000000000e+00
9.950000000000000000e+01 1.800000000000000000e+01 4.100000000000000000e+01 0.000000000000000000e+00 1.000000000000000000e+00
9.979000000000000625e+01 9.000000000000000000e+00 3.100000000000000000e+01 0.000000000000000000e+00 1.000000000000000000e+00
